 1.6346558326795552e+01
-4.3234485338027877e+00
-9.3108698695004168e+00
-1.1373854711953483e+01
-1.2482353396025630e+01
-1.3182155277414058e+01
-1.3662588466639427e+01
-1.4004697140095260e+01
-1.4251959864683771e+01
-1.4431549724949605e+01
-1.4561877467013373e+01
-1.4655936299277137e+01
-1.4723133383611740e+01
-1.4770423822814204e+01
-1.4803006099473691e+01
-1.4824741104900296e+01
-1.4838447936233750e+01
-1.4846163105838444e+01
-1.4849367213045767e+01
-1.4849158272073094e+01
-1.4846370037929965e+01
-1.4841648055383235e+01
-1.4835498543456517e+01
-1.4828320959470318e+01
-1.4820431146574167e+01
-1.4812078500950403e+01
