-2.6754163975321790e+00
-2.7284447827879292e+00
-2.7715399748122005e+00
-2.8065423188223679e+00
-2.8349167783047049e+00
-2.8578405767105592e+00
-2.8762669568062775e+00
-2.8909729948020599e+00
-2.9025957690299440e+00
-2.9116603696952503e+00
-2.9186010449579820e+00
-2.9237785899640016e+00
-2.9274935543914644e+00
-2.9299970112521470e+00
-2.9314991865028022e+00
-2.9321764497713945e+00
-2.9321770221474726e+00
-2.9316256245055099e+00
-2.9306273398720792e+00
-2.9292707543341270e+00
-2.9276305753848737e+00
-2.9257697950332666e+00
-2.9237415013184478e+00
-2.9215903511144776e+00
-2.9193538903011573e+00
-2.9170635880081042e+00
-2.9147457375915691e+00
-2.9124222596845684e+00
-2.9101112978409889e+00
-2.9078277654357514e+00
-2.9055838590626348e+00
-2.9033894128358915e+00
-2.9012522444703208e+00
-2.8991784430480907e+00
-2.8971726080183071e+00
-2.8952381052934668e+00
-2.8933771681057983e+00
-2.8915911432238870e+00
-2.8898805898466202e+00
-2.8882454117811691e+00
-2.8866849660018694e+00
-2.8851981579791532e+00
-2.8837835253759536e+00
-2.8824393114460176e+00
-2.8811635292577193e+00
-2.8799540176913263e+00
-2.8788084900143565e+00
-2.8777245757214471e+00
-2.8766998562314905e+00
-2.8757318990037870e+00
-2.8748182622761966e+00
-2.8739565556876245e+00
-2.8731444158619839e+00
-2.8723795387492057e+00
-2.8716596843526982e+00
-2.8709826853870988e+00
-2.8703464392035301e+00
-2.8697489265787359e+00
