-4.5207611345825796e+01
-4.6611700502496838e+01
-4.7448444273031498e+01
-4.8017073196197728e+01
-4.8414325980279877e+01
-4.8681054438847553e+01
-4.8851053697408432e+01
-4.8952841550945486e+01
-4.9009112812002158e+01
-4.9054227056199252e+01
-4.9077258930931372e+01
-4.9086154275147820e+01
-4.9086335114574759e+01
-4.9081436431900265e+01
-4.9073823483318051e+01
-4.9064970249215428e+01
-4.9055744067260363e+01
-4.9046618509428782e+01
-4.9037826790879208e+01
-4.9029466018031826e+01
-4.9021563183721028e+01
-4.9014113552967174e+01
-4.9007100961735688e+01
-4.9000506892443035e+01
-4.8994313650777883e+01
-4.8914223986904268e+01
-4.8917157332736750e+01
-4.8919527338359714e+01
-4.8921419703835682e+01
-4.8922907952346556e+01
-4.8924054847981061e+01
-4.8924913684479847e+01
-4.8925529500200120e+01
-4.8925940229751525e+01
-4.8926177776918252e+01
-4.8926268985865960e+01
-4.8926236493430409e+01
-4.8926099453604401e+01
