 0.2149368660067680E+01   0.3793394456240927E+01
-0.1194124915221428E-14   0.3367469823154345E-14
 0.2187187506457065E+01   0.4362084706866336E+01
 0.1772160746400624E-14  -0.1613241583352089E-14
-0.5180751661004734E-14  -0.1035738335375402E-13
 0.2187187506457078E+01   0.4362084706866356E+01
 0.1164516727454141E+01   0.1835380876729241E+01
-0.6388286276710676E-14  -0.1223381423668172E-13
 0.7968314114819645E-14   0.1558536641315834E-13
 0.6991409065737901E+00   0.2188378004536889E+01
-0.3474082955325363E+00  -0.3092948632348004E+00
 0.2758008914371518E-14   0.2356420983395282E-14
-0.3339905873167937E-14  -0.7362136622724808E-15
-0.5528017008985103E-01   0.1946325990804438E+00
 0.9944631092153567E+00   0.2755320520854063E+01
 0.3495569266148837E+00   0.8053072792399536E+00
-0.3814502265896634E-14  -0.7108737396876976E-14
 0.4299547400705292E-14   0.7789340116641607E-14
 0.2076286942181345E+00   0.2170245046097183E+00
 0.2972866642271214E+00   0.3100708148920909E+00
 0.3476329414244745E+00   0.1524060336448940E+01
-0.1107033909571373E-14   0.4665370246513783E-14
-0.2639725188213606E-01   0.8930526478121724E-01
 0.1031117480622879E+00  -0.3488401748739814E+00
-0.1111689539769338E-14  -0.4848436575150115E-15
 0.3556189564940641E-15   0.9525312533427195E-15
 0.4186091132576714E-15   0.4451091883511503E-15
 0.8454302794079278E+00   0.2369112372846331E+01
 0.6176748362064891E-15  -0.2327836277374622E-14
 0.1031117480622780E+00  -0.3488401748739895E+00
 0.2639725188213347E-01  -0.8930526478121945E-01
 0.5301803630270412E-16  -0.9078277683256932E-15
-0.5748328542407371E-15  -0.7263009822820623E-15
-0.4439695429116968E-15  -0.1039074548610727E-14
-0.3900959416602845E-15  -0.3632619378912683E-15
 0.8454302794079234E+00   0.2369112372846317E+01
 0.2637649643460971E-01   0.4141439898448876E+00
-0.6297497309059352E-15  -0.4170504140244420E-14
 0.5531841699290395E-15   0.4745767075112517E-14
 0.8830952126936481E-01   0.2975338296710990E+00
 0.3745910451721336E+00   0.7321603009273371E+00
 0.3064099403533212E-01   0.7382264494955540E+00
-0.2052166590380430E-15  -0.2805168895338088E-15
 0.1954387465197069E-15  -0.1553517207180782E-15
 0.2743784996772515E+00   0.2446032131072424E+01
-0.1132371280251789E+00  -0.3634935043095811E+00
 0.1604589533440326E-14   0.4028747007830387E-14
-0.2006651482151504E-14  -0.1727181239113041E-14
-0.2296435183001184E+00  -0.9479080657485275E-01
-0.4413578442095225E+00   0.1319274317591926E+00
-0.4634355976119522E+00  -0.9298043636661126E+00
 0.3463964997650622E-15   0.3974090600235514E-15
-0.3988282383783640E-15  -0.3115763414056836E-15
-0.2136450424878997E+00  -0.5849284868793903E+00
 0.1033876890934220E+00   0.1975611331799759E+01
-0.2452290502987476E-15  -0.4843677211531956E-15
 0.1224738536162800E-01   0.4161685272830612E-01
 0.3151740348230229E-02   0.1070967476218282E-01
 0.3707788403831566E-15   0.4938446593825999E-15
 0.6109065142971326E-15   0.8341966069245633E-16
 0.4250979492390208E-15   0.1191636182801949E-14
-0.3584687165935357E-03  -0.7202612608663306E-03
-0.2865055551809111E+00  -0.5756676743812486E+00
 0.3184803218987238E-15   0.5800646764516780E-15
 0.3989298189941190E-15  -0.1354628467576474E-15
 0.3755974798395572E+00   0.1810735750789857E+01
 0.7621769707055689E-15   0.2577346696779418E-14
 0.3151740348227015E-02   0.1070967476217695E-01
-0.1224738536161540E-01  -0.4161685272828187E-01
-0.5476874006518945E-15  -0.1456186479564698E-14
 0.1142738267423119E-14   0.1643338763337194E-14
 0.3263234973839773E-15   0.8839417955169925E-15
 0.2865055551809116E+00   0.5756676743812493E+00
-0.3584687165934942E-03  -0.7202612608662110E-03
 0.4383932046770075E-15   0.1816973143697645E-14
 0.6192022908333158E-16  -0.1430635695713594E-14
-0.1723881454251952E-16  -0.8131516293641283E-16
 0.3755974798395559E+00   0.1810735750789852E+01
-0.1158877745757900E-01  -0.1810782763721265E+00
 0.1166951108372325E-14   0.4137223124196548E-14
-0.1010836265037316E-14  -0.5757146984312934E-14
-0.2402957692705757E+00  -0.6218676150237823E+00
 0.4776249351404053E+00   0.6953764162036848E+00
-0.2025747407674393E+00  -0.3198709061160763E+00
 0.2025523703136917E-15   0.2164780072893562E-15
 0.1940699915655139E-15   0.2850799958030229E-15
 0.3868202806945293E+00   0.5161200450997996E+00
 0.1867146102667577E+00  -0.7934314455602959E-01
-0.2346279655469783E-15   0.1213432962719846E-15
 0.4085894646780862E-15   0.1706279732776921E-14
 0.3629978752541486E+00   0.1863896692624392E+01
-0.1716834867197610E-14  -0.2895180707892937E-15
-0.3776060806989043E-01  -0.7236666460725816E-02
 0.1378394184359683E+00   0.2641636211247609E-01
-0.3894523236721024E-15  -0.5725556406188832E-15
 0.1704609272854677E-16  -0.3692937126049080E-15
-0.4636895357098270E-15  -0.5276974750082408E-15
-0.3653610151928657E+00  -0.3880359805019160E-01
 0.6125057601801652E-02   0.6505189752917862E-03
 0.3258462705938675E-15   0.6596850623376488E-15
 0.1066527350816172E-15  -0.1236536442230924E-15
 0.2453550921094176E-03   0.6528673522358758E-03
 0.1581620015250413E-01   0.4208545511414940E-01
 0.1142079645218251E-15   0.3800498565357111E-15
 0.1822745301226734E+00   0.1781047998214431E+01
 0.9696414063814099E-16  -0.1432983241774424E-14
 0.1378394184359754E+00   0.2641636211248554E-01
 0.3776060806989223E-01   0.7236666460727967E-02
 0.1480982360273509E-15  -0.1381601524364813E-15
 0.3091157676104580E-15   0.6169130989877626E-15
 0.7880673046838545E-16   0.1570326974753716E-16
-0.6125057601801558E-02  -0.6505189752909204E-03
-0.3653610151928636E+00  -0.3880359805019205E-01
 0.1015471785884648E-15  -0.2708705826481304E-15
-0.8146809883798321E-16   0.2839393247468211E-16
-0.1581620015250407E-01  -0.4208545511414907E-01
 0.2453550921094709E-03   0.6528673522360280E-03
 0.1455729869725178E-15   0.1650346219228238E-15
 0.5643272307787051E-16   0.2990636167529703E-15
 0.1822745301226723E+00   0.1781047998214421E+01
 0.1985770721942758E+00   0.2480206575716743E+00
-0.3430829643431515E-14   0.1689624597445847E-15
 0.2989793403192160E-14  -0.2766890274809469E-15
 0.3445781233377663E-01  -0.3177072023654661E+00
-0.1440885472114468E+00  -0.2730968202528913E+00
-0.6722341928903358E-01   0.5103143272983494E+00
 0.3130246867456324E-15   0.4562785316405291E-15
 0.1335062295679617E-15  -0.1759416188680285E-15
-0.1033716989298311E+00   0.9622314958358957E+00
 0.4061971157305609E+00  -0.2289740723801315E-01
-0.5413687444587638E-15  -0.4842786480347459E-16
-0.2900710538853795E-14  -0.4318304355475902E-14
 0.1513276181124653E+00   0.5158210956625030E+00
 0.2390157515057699E-15   0.1104908396351791E-14
 0.1832604849927612E-15  -0.5934116533102809E-15
-0.5395975216515103E+00   0.1943805987535473E+01
 0.1464268011481984E+00  -0.2244013316336255E+00
 0.9154078389552776E-15   0.5000596329603677E-14
 0.3385547495837011E-15  -0.5407253412138047E-14
-0.2500162532737663E+00  -0.5239109795143305E+00
 0.3863475524508548E+00   0.6829994146516164E+00
 0.9811658921377241E-01  -0.2486294745521184E+00
-0.2822546243361624E-16   0.1344994106577317E-15
 0.1341004510951648E-16   0.4100505987874614E-15
-0.5050142212771976E-01  -0.8208661952925294E+00
-0.2915497825825657E-01   0.5594800703675283E+00
 0.2688883575113039E-15  -0.5677625687058504E-15
-0.1639698736750611E-15  -0.9226944706299788E-15
 0.4354361457416867E+00   0.9679623457648630E+00
 0.3623800304380648E-15   0.6408704576633267E-15
-0.2090381796413957E-15   0.3483352133761391E-15
 0.4391437394137667E+00  -0.6454081224298115E-01
-0.1779782385379284E+00   0.2268317267325334E+01
 0.4471796083828070E-14   0.3498701996392554E-14
 0.6535552085664452E-01   0.1170502466933017E-01
-0.2717459422964254E+00  -0.4866907824583862E-01
 0.5454754891025871E-15  -0.2230208803857882E-14
-0.8170692576162935E-16  -0.3825081735225742E-15
-0.5095302712804881E-15   0.1573074991587739E-14
-0.9773543313393582E-01  -0.1229397468294984E+00
-0.1427401165748709E-02  -0.1795503762701568E-02
-0.8351256521654238E-15   0.2516493139500993E-14
 0.1868419897174941E-14   0.1246354683134835E-14
-0.1030929308645515E-01  -0.2134072714054814E-01
 0.6501738045304833E+00   0.1345890706574919E+01
 0.8113310942425785E-15   0.2709146957461179E-14
-0.3704048894190871E-01  -0.2134928781844264E+00
-0.1162212996611425E-02  -0.6698729007034821E-02
-0.2547113450897726E-14  -0.2066843066798707E-14
 0.1485460683894636E-14  -0.2144144977068468E-15
 0.1518002350597564E+00   0.2469859951706230E+01
 0.1627111761374497E-14  -0.4165506211230427E-15
 0.2717459422964357E+00   0.4866907824585212E-01
 0.6535552085664749E-01   0.1170502466933259E-01
 0.4743143512419565E-15   0.6878144709085435E-15
-0.4579319802678678E-15  -0.5241603965769147E-15
 0.8491921145635620E-16   0.8166922240113939E-15
-0.1427401165748807E-02  -0.1795503762702061E-02
 0.9773543313393519E-01   0.1229397468294979E+00
-0.2513266753628746E-15   0.5771897454205810E-16
 0.6516892930502915E-15   0.1165874507116907E-14
 0.6501738045304848E+00   0.1345890706574924E+01
 0.1030929308645509E-01   0.2134072714054802E-01
-0.1585174274404159E-15  -0.2905836139726115E-15
-0.1162212996611433E-02  -0.6698729007034779E-02
 0.3704048894190875E-01   0.2134928781844265E+00
-0.1530072738779218E-15   0.3251900115730879E-15
 0.2822597383615200E-15  -0.2357033272228746E-15
 0.2230200668138887E-16   0.4512423429330784E-17
 0.1518002350597566E+00   0.2469859951706235E+01
 0.2121672956251773E+00   0.1065574810537212E+00
-0.3914218866984709E-14   0.1360120626271484E-14
 0.2932481339466601E-14  -0.1742704748117451E-14
 0.1355821412645773E+00  -0.2342933843747819E+00
 0.2942336606547254E+00  -0.7250365805541820E-01
 0.1668486775638479E+00   0.3097413780567234E+00
-0.6024784866958192E-16  -0.5644617801226149E-18
 0.3574744491267583E-15  -0.2877906714793099E-15
 0.1612900028943492E-01   0.2813194620176224E+00
 0.2763860082124099E+00  -0.5000125298643693E+00
-0.8157206800443178E-15   0.2300721388008164E-15
-0.8349449022881111E-16   0.1218320782037857E-14
-0.3030181558337944E-01   0.4196768761849453E+00
-0.1526766760285051E-15   0.7011313545175509E-16
 0.3623511642172009E-15  -0.2730161969209442E-15
-0.3479313875503240E+00   0.8804468466195603E+00
 0.4356889210482439E+00   0.5442279527947969E+00
-0.8185560852721470E-15   0.4304799922994470E-14
-0.6193240408118781E-16  -0.4457779685640680E-16
-0.1329522163656378E+01   0.1310467339060783E+01
-0.1803023261541581E-02   0.1086735934515765E+00
-0.1005121164252818E-14  -0.7437907861070702E-15
 0.1255508070905037E-14   0.1664233170651947E-14
-0.1144089513521013E-01  -0.4486945021721141E-03
-0.2561554589410484E+00  -0.2007013441413431E+00
-0.5093990238922413E-01   0.1684944164072066E+00
-0.1455359099096695E-14  -0.1632854619626488E-15
 0.1451952628053745E-15  -0.3062675010895351E-15
-0.2867572729849565E+00   0.1156902413136161E+00
 0.1065700480755676E+00   0.2006330200965480E-01
-0.2121603142548442E-15  -0.3561689631426178E-15
-0.1941253312236615E-14  -0.1835971597594486E-14
-0.2198915068945961E+00  -0.4185036311861376E+00
 0.1013156828613498E-14   0.3669560142407118E-14
 0.8050277300037722E-15  -0.2018464474205759E-15
-0.3269964670252269E+00   0.3907486722939139E+00
 0.1899632675127783E+00  -0.6276727732664039E+00
-0.1445226612219824E-14  -0.4100254161062192E-14
-0.7629455026327428E-15   0.1170239428123763E-15
-0.1457200193615101E+00  -0.1135795957425483E+00
-0.1145134682042559E+01   0.7716770150884584E+00
-0.1821313390251679E-14  -0.1718661550310765E-14
-0.4477719454021819E-01  -0.4138741975524685E-02
 0.1861819898951171E+00   0.1720874263289156E-01
-0.3127995240970113E-15   0.6048931484813276E-16
 0.1510041755884260E-14   0.1250824740047084E-14
 0.5221768093295469E-15  -0.1230179156263430E-14
-0.1844084149919225E+00   0.5797246844186463E-02
-0.2693238041649803E-02   0.8466731704388947E-04
 0.2187089378776008E-14  -0.5083481604668373E-15
-0.6669947858565526E-15  -0.4720460914480334E-15
 0.2849537489809341E-02   0.3203579550787791E-02
-0.1797111223208526E+00  -0.2020394111588956E+00
 0.1563750152517682E-14   0.2754802692487849E-14
 0.1567427639124724E+00   0.5579502573143151E+00
 0.4918090515208048E-02   0.1750670844357238E-01
 0.2218062511310140E-14   0.4840471644338246E-15
-0.1325610801949796E-14   0.4979401271867031E-14
-0.1502396108132065E-01  -0.7527771661707410E+00
-0.1666217571333455E-15  -0.2192155755612733E-15
 0.9772339721084775E-15   0.7338677505785343E-15
 0.1486576339567037E-14   0.7367398590423463E-15
-0.9536669834185650E+00   0.8850185416072716E+00
-0.1183853831164342E-14   0.3526748329465304E-15
-0.1861819898951198E+00  -0.1720874263289280E-01
-0.4477719454021882E-01  -0.4138741975524900E-02
-0.1358764420042560E-15  -0.3600414558777732E-15
-0.1607461219049512E-16  -0.5046031068394348E-16
-0.6708424162516506E-16  -0.1766198311034572E-15
-0.2693238041649114E-02   0.8466731704328168E-04
 0.1844084149919223E+00  -0.5797246844186213E-02
-0.1489890180431136E-15   0.2094452462762833E-15
-0.3363761235342797E-16  -0.2340199648637818E-15
-0.1797111223208526E+00  -0.2020394111588963E+00
-0.2849537489809193E-02  -0.3203579550787878E-02
-0.7291443498155232E-16   0.9948731590736013E-16
 0.4918090515207901E-02   0.1750670844357228E-01
-0.1567427639124716E+00  -0.5579502573143132E+00
 0.1367997753725964E-16   0.2948575607467450E-15
 0.1310122314354524E-16   0.1178718853876559E-16
 0.1572973640369087E-16   0.3963382927397233E-15
-0.1502396108132049E-01  -0.7527771661707419E+00
 0.3371926279963088E-18   0.1035672343251044E-15
-0.3872696052985476E-16   0.9887204736845312E-16
 0.1346278245452084E-16  -0.5963214308806767E-16
-0.9536669834185644E+00   0.8850185416072709E+00
 0.4696260668813057E-01   0.4385353618281845E-01
-0.5004482266909789E-14   0.3018181994448809E-15
 0.1727732915958171E-14  -0.7121130315930179E-16
 0.1201218163857580E+00  -0.1532575054602461E-01
 0.1332836541389750E+00  -0.1080140072573942E+00
-0.1617390760924597E-02   0.7834145115239802E-01
 0.1745834913739200E-16  -0.9064508477887711E-17
 0.3243144771369971E-16  -0.1517186750140164E-15
 0.3838372043629062E-01   0.1240959390325033E+00
 0.2188428870757722E+00  -0.2491910736424314E+00
-0.1249538797127467E-14   0.4591787382253793E-15
-0.3268874911378039E-15   0.2937308116440532E-15
-0.1823768818934450E+00   0.5068904952724062E-01
-0.5910972403322372E-16   0.5369936967526605E-16
 0.3919428195119808E-15  -0.1354781017827765E-15
-0.3505423588489754E+00   0.2005283556382783E+00
 0.2987571334539014E+00  -0.1851485290184748E+00
-0.1082165686544399E-14   0.6663383951357010E-15
 0.7363343755055960E-16   0.1696814018808461E-15
-0.8169559658664506E+00   0.3928320920465858E+00
-0.2676696176768547E+00   0.5320991407140725E-01
 0.2042483264123083E-14  -0.4491582784362737E-15
-0.2259264003858109E-16  -0.2292342918938313E-16
-0.1903364299445324E+01   0.3208975645508818E+00
 0.2145980856287067E+01   0.3793394456240927E+01
-0.7556011573239427E-15   0.3367469823154345E-14
 0.2249359516221256E+01   0.4362084706866336E+01
 0.1646607540689743E-14  -0.1613241583352089E-14
-0.5502976546667426E-14  -0.1035738335375402E-13
 0.2249359516221269E+01   0.4362084706866356E+01
 0.1195097255041880E+01   0.1835380876729241E+01
-0.6889560706257521E-14  -0.1223381423668172E-13
 0.8726280400347331E-14   0.1558536641315834E-13
 0.7601789781793296E+00   0.2188378004536889E+01
-0.2254813007715989E+00  -0.3092948632348004E+00
 0.1489814577218551E-14   0.2356420983395282E-14
-0.1768517679189140E-14  -0.7362136622724808E-15
 0.4445701778426442E-01   0.1946325990804438E+00
 0.9859666320030266E+00   0.2755320520854063E+01
 0.3669018049367125E+00   0.8053072792399536E+00
-0.4003460240539545E-14  -0.7108737396876976E-14
 0.4426637720175080E-14   0.7789340116641607E-14
 0.2130887961252644E+00   0.2170245046097183E+00
 0.3370568812640028E+00   0.3100708148920909E+00
 0.3433915159916520E+00   0.1524060336448940E+01
-0.3637147853108765E-15   0.4665370246513783E-14
-0.1027030835225480E-01   0.8930526478121724E-01
 0.4011741267871767E-01  -0.3488401748739814E+00
-0.9406678858307214E-15  -0.4848436575150115E-15
 0.3349929481661986E-15   0.9525312533427195E-15
 0.4280740310834049E-15   0.4451091883511503E-15
 0.8571148292350532E+00   0.2369112372846331E+01
 0.1745069715900093E-15  -0.2327836277374622E-14
 0.4011741267870783E-01  -0.3488401748739895E+00
 0.1027030835225233E-01  -0.8930526478121945E-01
-0.3195050115757867E-16  -0.9078277683256932E-15
-0.5508690569358451E-15  -0.7263009822820623E-15
-0.4151360737495903E-15  -0.1039074548610727E-14
-0.3454268121538817E-15  -0.3632619378912683E-15
 0.8571148292350487E+00   0.2369112372846317E+01
 0.1045153849082058E+00   0.4141439898448876E+00
-0.1305710195592441E-14  -0.4170504140244420E-14
 0.1336453430066337E-14   0.4745767075112517E-14
 0.1268332669321470E+00   0.2975338296710990E+00
 0.4368601171381221E+00   0.7321603009273371E+00
 0.6723645896165327E-01   0.7382264494955540E+00
-0.1975167632734494E-15  -0.2805168895338088E-15
 0.1975157176123843E-15  -0.1553517207180782E-15
 0.2926867379054267E+00   0.2446032131072424E+01
-0.6437303501952117E-02  -0.3634935043095811E+00
 0.2597849094905963E-15   0.4028747007830387E-14
-0.4008236629868293E-15  -0.1727181239113041E-14
-0.9350615626084048E-01  -0.9479080657485275E-01
-0.4555279539682324E+00   0.1319274317591926E+00
-0.4525692365309778E+00  -0.9298043636661126E+00
 0.3210423942347660E-15   0.3974090600235514E-15
-0.3949970094470233E-15  -0.3115763414056836E-15
-0.2148252918655440E+00  -0.5849284868793903E+00
 0.1271359253612838E-01   0.1975611331799759E+01
-0.4620920913924363E-15  -0.4843677211531956E-15
 0.1087563783186249E-01   0.4161685272830612E-01
 0.2798735040608140E-02   0.1070967476218282E-01
 0.1963384873657197E-15   0.4938446593825999E-15
 0.6180149068931803E-15   0.8341966069245633E-16
 0.4175476894666446E-15   0.1191636182801949E-14
-0.3567275474377226E-03  -0.7202612608663306E-03
-0.2851139284850255E+00  -0.5756676743812486E+00
 0.2928611136613373E-15   0.5800646764516780E-15
 0.5102970337524039E-15  -0.1354628467576474E-15
 0.3789524205786851E+00   0.1810735750789857E+01
 0.6958049238992976E-15   0.2577346696779418E-14
 0.2798735040604921E-02   0.1070967476217695E-01
-0.1087563783184978E-01  -0.4161685272828187E-01
-0.7147652735788299E-15  -0.1456186479564698E-14
 0.1133024813367747E-14   0.1643338763337194E-14
 0.3828765010661088E-15   0.8839417955169925E-15
 0.2851139284850261E+00   0.5756676743812493E+00
-0.3567275474376674E-03  -0.7202612608662110E-03
 0.4598327811469818E-15   0.1816973143697645E-14
 0.3405504493676656E-16  -0.1430635695713594E-14
-0.1929879867024198E-16  -0.8131516293641283E-16
 0.3789524205786839E+00   0.1810735750789852E+01
-0.4975752058375682E-01  -0.1810782763721265E+00
 0.1938949599212271E-14   0.4137223124196548E-14
-0.1796127403220484E-14  -0.5757146984312934E-14
-0.3143789962420441E+00  -0.6218676150237823E+00
 0.4119684575553758E+00   0.6953764162036848E+00
-0.1676220209701272E+00  -0.3198709061160763E+00
 0.1545199971690285E-15   0.2164780072893562E-15
 0.1326869042713369E-15   0.2850799958030229E-15
 0.3911800780251821E+00   0.5161200450997996E+00
 0.1120349944566838E+00  -0.7934314455602959E-01
-0.1599610667976379E-15   0.1213432962719846E-15
 0.5009051839212818E-15   0.1706279732776921E-14
 0.3770482020100404E+00   0.1863896692624392E+01
-0.8834988491687307E-15  -0.2895180707892937E-15
-0.1789417416476612E-01  -0.7236666460725816E-02
 0.6531999049639375E-01   0.2641636211247609E-01
-0.2353385325095853E-15  -0.5725556406188832E-15
 0.1908660469279624E-16  -0.3692937126049080E-15
-0.4133550373773208E-15  -0.5276974750082408E-15
-0.3010579135440631E+00  -0.3880359805019160E-01
 0.5047054790348136E-02   0.6505189752917862E-03
 0.3142306721970304E-15   0.6596850623376488E-15
 0.6618562654558868E-16  -0.1236536442230924E-15
-0.3252578727752165E-05   0.6528673522358758E-03
-0.2096693234586985E-03   0.4208545511414940E-01
 0.1072075287455392E-15   0.3800498565357111E-15
 0.1667198221667748E+00   0.1781047998214431E+01
-0.3681107503604197E-15  -0.1432983241774424E-14
 0.6531999049640098E-01   0.2641636211248554E-01
 0.1789417416476807E-01   0.7236666460727967E-02
 0.3154791449429604E-16  -0.1381601524364813E-15
 0.2728746629750226E-15   0.6169130989877626E-15
 0.9681176876011547E-16   0.1570326974753716E-16
-0.5047054790348083E-02  -0.6505189752909204E-03
-0.3010579135440613E+00  -0.3880359805019205E-01
 0.1090073362039874E-15  -0.2708705826481304E-15
-0.4171905774304524E-16   0.2839393247468211E-16
 0.2096693234587554E-03  -0.4208545511414907E-01
-0.3252578727711941E-05   0.6528673522360280E-03
 0.6817648923195467E-16   0.1650346219228238E-15
 0.4404571325722362E-16   0.2990636167529703E-15
 0.1667198221667738E+00   0.1781047998214421E+01
 0.1742275469125179E+00   0.2480206575716743E+00
-0.2605990322000527E-14   0.1689624597445847E-15
 0.1768914536912630E-14  -0.2766890274809469E-15
-0.2836497134990980E-01  -0.3177072023654661E+00
-0.1413348920342708E+00  -0.2730968202528913E+00
-0.6832714664330947E-01   0.5103143272983494E+00
 0.4458249834339919E-15   0.4562785316405291E-15
 0.1088941908425388E-15  -0.1759416188680285E-15
-0.1038359809466866E+00   0.9622314958358957E+00
 0.2484261999633804E+00  -0.2289740723801315E-01
-0.3133564628727079E-15  -0.4842786480347459E-16
-0.2705631230254452E-14  -0.4318304355475902E-14
 0.2794088540015254E+00   0.5158210956625030E+00
 0.5468724352275849E-15   0.1104908396351791E-14
 0.1966215631442367E-15  -0.5934116533102809E-15
-0.5241284085849002E+00   0.1943805987535473E+01
 0.1110805731681249E+00  -0.2244013316336255E+00
 0.1427265197397315E-14   0.5000596329603677E-14
-0.2689181741832462E-15  -0.5407253412138047E-14
-0.2736092052192858E+00  -0.5239109795143305E+00
 0.2622310145215506E+00   0.6829994146516164E+00
 0.1046844887278679E+00  -0.2486294745521184E+00
-0.5415089416635664E-17   0.1344994106577317E-15
-0.3918707083802030E-16   0.4100505987874614E-15
-0.2500685076836331E-01  -0.8208661952925294E+00
-0.1461487226758822E+00   0.5594800703675283E+00
 0.4441371385694017E-15  -0.5677625687058504E-15
-0.8980009769636054E-16  -0.9226944706299788E-15
 0.4292229065314602E+00   0.9679623457648630E+00
 0.4190266195604815E-15   0.6408704576633267E-15
-0.2543288567227537E-15   0.3483352133761391E-15
 0.4894317319005467E+00  -0.6454081224298115E-01
-0.3179994597657088E+00   0.2268317267325334E+01
 0.3398413096911485E-14   0.3498701996392554E-14
 0.4434708058273824E-01   0.1170502466933017E-01
-0.1843935912848985E+00  -0.4866907824583862E-01
 0.3333114814383794E-16  -0.2230208803857882E-14
-0.1703859034856662E-15  -0.3825081735225742E-15
-0.4978723481775169E-15   0.1573074991587739E-14
-0.1222476269006544E+00  -0.1229397468294984E+00
-0.1785395527013080E-02  -0.1795503762701568E-02
-0.8288870811980571E-15   0.2516493139500993E-14
 0.1095010200715587E-14   0.1246354683134835E-14
-0.1053028112537261E-01  -0.2134072714054814E-01
 0.6641108061089399E+00   0.1345890706574919E+01
 0.1367763419708831E-14   0.2709146957461179E-14
-0.9959720820448821E-01  -0.2134928781844264E+00
-0.3125044326034846E-02  -0.6698729007034821E-02
-0.2695099817222936E-14  -0.2066843066798707E-14
 0.1497390661414908E-14  -0.2144144977068468E-15
 0.2036884298832428E+00   0.2469859951706230E+01
 0.9295692898464797E-15  -0.4165506211230427E-15
 0.1843935912849091E+00   0.4866907824585212E-01
 0.4434708058274147E-01   0.1170502466933259E-01
 0.3469834435058153E-15   0.6878144709085435E-15
-0.3847839395925135E-15  -0.5241603965769147E-15
 0.1058252398877291E-15   0.8166922240113939E-15
-0.1785395527013134E-02  -0.1795503762702061E-02
 0.1222476269006537E+00   0.1229397468294979E+00
-0.2480617981144412E-15   0.5771897454205810E-16
 0.5624723104056934E-15   0.1165874507116907E-14
 0.6641108061089416E+00   0.1345890706574924E+01
 0.1053028112537255E-01   0.2134072714054802E-01
-0.1021083730290393E-15  -0.2905836139726115E-15
-0.3125044326034859E-02  -0.6698729007034779E-02
 0.9959720820448825E-01   0.2134928781844265E+00
-0.2253034985156961E-15   0.3251900115730879E-15
 0.2781925176035745E-15  -0.2357033272228746E-15
 0.1224419008543399E-16   0.4512423429330784E-17
 0.2036884298832433E+00   0.2469859951706235E+01
 0.4468632101481007E-01   0.1065574810537212E+00
-0.1457821400434559E-14   0.1360120626271484E-14
 0.2720200020905297E-15  -0.1742704748117451E-14
-0.5518711238788920E-01  -0.2342933843747819E+00
 0.2399023342030492E+00  -0.7250365805541820E-01
 0.1349710057570720E+00   0.3097413780567234E+00
-0.2906399970972544E-16  -0.5644617801226149E-18
 0.3213516992131913E-15  -0.2877906714793099E-15
-0.8689748865430835E-02   0.2813194620176224E+00
 0.2025931791230992E+00  -0.5000125298643693E+00
-0.6499131046314967E-15   0.2300721388008164E-15
 0.1312799175000852E-15   0.1218320782037857E-14
 0.1311628502745000E+00   0.4196768761849453E+00
-0.8298203619990445E-16   0.7011313545175509E-16
 0.3107923209906138E-15  -0.2730161969209442E-15
-0.1544557574665518E+00   0.8804468466195603E+00
 0.5266683998783390E+00   0.5442279527947969E+00
 0.5659571872660398E-16   0.4304799922994470E-14
-0.3008758172000582E-16  -0.4457779685640680E-16
-0.1032096349429140E+01   0.1310467339060783E+01
 0.3867906336391097E-01   0.1086735934515765E+00
-0.1263271584717992E-14  -0.7437907861070702E-15
 0.1073055856171212E-14   0.1664233170651947E-14
 0.2674137776090035E-01  -0.4486945021721141E-03
-0.1935428450520251E+00  -0.2007013441413431E+00
-0.6144728511883790E-01   0.1684944164072066E+00
-0.1048059423421350E-14  -0.1632854619626488E-15
 0.1841562049278206E-15  -0.3062675010895351E-15
-0.2804644936197686E+00   0.1156902413136161E+00
 0.6848711400399460E-01   0.2006330200965480E-01
-0.1337226865072360E-15  -0.3561689631426178E-15
-0.1832280654421531E-14  -0.1835971597594486E-14
-0.1563606185389293E+00  -0.4185036311861376E+00
 0.1088593425498263E-14   0.3669560142407118E-14
 0.8522024609877488E-15  -0.2018464474205759E-15
-0.4022808023759502E+00   0.3907486722939139E+00
 0.2207853577969907E+00  -0.6276727732664039E+00
-0.2191290980508061E-14  -0.4100254161062192E-14
-0.8474532357896353E-15   0.1170239428123763E-15
-0.1585534457012352E+00  -0.1135795957425483E+00
-0.1236372119096588E+01   0.7716770150884584E+00
-0.1088362666245795E-14  -0.1718661550310765E-14
-0.2332619296931656E-01  -0.4138741975524685E-02
 0.9698948467627021E-01   0.1720874263289156E-01
-0.3313404270346918E-15   0.6048931484813276E-16
 0.1111091749452039E-14   0.1250824740047084E-14
 0.6037024642044307E-15  -0.1230179156263430E-14
-0.1295727933936447E+00   0.5797246844186463E-02
-0.1892377722274325E-02   0.8466731704388947E-04
 0.2141363055168821E-14  -0.5083481604668373E-15
-0.4117437640199158E-15  -0.4720460914480334E-15
 0.2806856236559522E-02   0.3203579550787791E-02
-0.1770193535860964E+00  -0.2020394111588956E+00
 0.1095559074697616E-14   0.2754802692487849E-14
 0.1635872909266664E+00   0.5579502573143151E+00
 0.5132850052103719E-02   0.1750670844357238E-01
 0.2998589215005969E-14   0.4840471644338246E-15
-0.1490344719562392E-14   0.4979401271867031E-14
-0.7887541637317863E-01  -0.7527771661707410E+00
-0.1860922378989867E-15  -0.2192155755612733E-15
 0.1048852589983681E-14   0.7338677505785343E-15
 0.2478788844719897E-14   0.7367398590423463E-15
-0.9010976308756504E+00   0.8850185416072716E+00
-0.5382674417014040E-15   0.3526748329465304E-15
-0.9698948467627280E-01  -0.1720874263289280E-01
-0.2332619296931722E-01  -0.4138741975524900E-02
 0.1781341405889906E-16  -0.3600414558777732E-15
-0.3061346819979877E-16  -0.5046031068394348E-16
-0.7295833770732192E-16  -0.1766198311034572E-15
-0.1892377722273636E-02   0.8466731704328168E-04
 0.1295727933936444E+00  -0.5797246844186213E-02
-0.1462872962284357E-15   0.2094452462762833E-15
-0.3329014456337293E-16  -0.2340199648637818E-15
-0.1770193535860968E+00  -0.2020394111588963E+00
-0.2806856236559375E-02  -0.3203579550787878E-02
-0.6295797329406255E-16   0.9948731590736013E-16
 0.5132850052103581E-02   0.1750670844357228E-01
-0.1635872909266656E+00  -0.5579502573143132E+00
 0.2329662618336659E-16   0.2948575607467450E-15
 0.2022927081833616E-16   0.1178718853876559E-16
 0.4331216565431651E-16   0.3963382927397233E-15
-0.7887541637317849E-01  -0.7527771661707419E+00
 0.3647414400771121E-17   0.1035672343251044E-15
-0.3278816181474443E-16   0.9887204736845312E-16
 0.1136851142517571E-16  -0.5963214308806767E-16
-0.9010976308756495E+00   0.8850185416072709E+00
-0.7126919809734522E-01   0.4385353618281845E-01
-0.3306767627390301E-14   0.3018181994448809E-15
-0.2691338335307373E-16  -0.7121130315930179E-16
-0.6239595938767106E-02  -0.1532575054602461E-01
 0.1337673403319469E+00  -0.1080140072573942E+00
-0.2989222858509671E-01   0.7834145115239802E-01
 0.3383570445758260E-16  -0.9064508477887711E-17
 0.1880641375153673E-16  -0.1517186750140164E-15
 0.6974151397177830E-02   0.1240959390325033E+00
 0.2445016478017882E+00  -0.2491910736424314E+00
-0.1236944413076400E-14   0.4591787382253793E-15
-0.2547477985372732E-15   0.2937308116440532E-15
-0.8835250011668606E-01   0.5068904952724062E-01
-0.2474487989103394E-16   0.5369936967526605E-16
 0.3516806930683457E-15  -0.1354781017827765E-15
-0.2106528694566744E+00   0.2005283556382783E+00
 0.4303545957730863E+00  -0.1851485290184748E+00
-0.3689010759917394E-15   0.6663383951357010E-15
 0.1317431329839594E-15   0.1696814018808461E-15
-0.6236933200379750E+00   0.3928320920465858E+00
-0.2530099983403304E+00   0.5320991407140725E-01
 0.1922447010945132E-14  -0.4491582784362737E-15
-0.2386202188747703E-16  -0.2292342918938313E-16
-0.1810262609607953E+01   0.3208975645508818E+00
 0.2178117408574902E+01   0.3793394456240927E+01
-0.7633089585908057E-15   0.3367469823154345E-14
 0.2302245886187395E+01   0.4362084706866336E+01
 0.1785892133980086E-14  -0.1613241583352089E-14
-0.5746271514173174E-14  -0.1035738335375402E-13
 0.2302245886187410E+01   0.4362084706866356E+01
 0.1238307771001713E+01   0.1835380876729241E+01
-0.7515789984726103E-14  -0.1223381423668172E-13
 0.9470348755555201E-14   0.1558536641315834E-13
 0.8109719767908613E+00   0.2188378004536889E+01
-0.2211741400714087E+00  -0.3092948632348004E+00
 0.1423336521249188E-14   0.2356420983395282E-14
-0.1297875156929453E-14  -0.7362136622724808E-15
 0.6904156857501875E-01   0.1946325990804438E+00
 0.1049102061042263E+01   0.2755320520854063E+01
 0.3672347228401808E+00   0.8053072792399536E+00
-0.3971225914371090E-14  -0.7108737396876976E-14
 0.4175400683443501E-14   0.7789340116641607E-14
 0.1860614001177005E+00   0.2170245046097183E+00
 0.3819342720462615E+00   0.3100708148920909E+00
 0.3513749302308541E+00   0.1524060336448940E+01
 0.2956037156074244E-15   0.4665370246513783E-14
 0.3498952292586915E-02   0.8930526478121724E-01
-0.1366744875133582E-01  -0.3488401748739814E+00
-0.8288076943508306E-15  -0.4848436575150115E-15
 0.3067062083927955E-15   0.9525312533427195E-15
 0.4424430430340561E-15   0.4451091883511503E-15
 0.8635118116656522E+00   0.2369112372846331E+01
-0.2395189489157566E-15  -0.2327836277374622E-14
-0.1366744875134528E-01  -0.3488401748739895E+00
-0.3498952292589348E-02  -0.8930526478121945E-01
-0.1189775384890201E-15  -0.9078277683256932E-15
-0.4968070623101380E-15  -0.7263009822820623E-15
-0.3997125720796359E-15  -0.1039074548610727E-14
-0.2260561529632277E-15  -0.3632619378912683E-15
 0.8635118116656473E+00   0.2369112372846317E+01
 0.1330806496460652E+00   0.4141439898448876E+00
-0.1259160842650221E-14  -0.4170504140244420E-14
 0.1349227838173196E-14   0.4745767075112517E-14
 0.7504011096341011E-01   0.2975338296710990E+00
 0.5658330657867378E+00   0.7321603009273371E+00
 0.1909291252648273E+00   0.7382264494955540E+00
-0.2182821070340372E-15  -0.2805168895338088E-15
 0.1635667139471333E-15  -0.1553517207180782E-15
 0.4323020795131332E+00   0.2446032131072424E+01
-0.8015902936159813E-01  -0.3634935043095811E+00
 0.7053693651890592E-15   0.4028747007830387E-14
-0.4793401323413850E-15  -0.1727181239113041E-14
-0.2155138651104711E-01  -0.9479080657485275E-01
-0.2936074003953349E+00   0.1319274317591926E+00
-0.4582473313185129E+00  -0.9298043636661126E+00
 0.3461703342771118E-15   0.3974090600235514E-15
-0.3612824946312368E-15  -0.3115763414056836E-15
-0.1245701733762176E+00  -0.5849284868793903E+00
 0.4306998899437497E-01   0.1975611331799759E+01
-0.6107935936931549E-15  -0.4843677211531956E-15
-0.1261228699829425E-01   0.4161685272830612E-01
-0.3245644081758437E-02   0.1070967476218282E-01
 0.8363068908199237E-16   0.4938446593825999E-15
 0.4207623215742750E-15   0.8341966069245633E-16
 0.4665309445519556E-15   0.1191636182801949E-14
-0.3851935434773011E-03  -0.7202612608663306E-03
-0.3078653308294029E+00  -0.5756676743812486E+00
 0.1078559733433934E-15   0.5800646764516780E-15
 0.5294573994136401E-15  -0.1354628467576474E-15
 0.4116389249305527E+00   0.1810735750789857E+01
 0.5056508262134080E-15   0.2577346696779418E-14
-0.3245644081761950E-02   0.1070967476217695E-01
 0.1261228699830912E-01  -0.4161685272828187E-01
-0.9977790131816064E-15  -0.1456186479564698E-14
 0.1026398067623689E-14   0.1643338763337194E-14
 0.5689176175884429E-15   0.8839417955169925E-15
 0.3078653308294036E+00   0.5756676743812493E+00
-0.3851935434771743E-03  -0.7202612608662110E-03
 0.5124154110513015E-15   0.1816973143697645E-14
 0.2019750016470287E-16  -0.1430635695713594E-14
-0.2602085213965211E-16  -0.8131516293641283E-16
 0.4116389249305510E+00   0.1810735750789852E+01
-0.5740938643390703E-01  -0.1810782763721265E+00
 0.2394240436860513E-14   0.4137223124196548E-14
-0.2103467923646996E-14  -0.5757146984312934E-14
-0.3697308006510800E+00  -0.6218676150237823E+00
 0.3229374465970304E+00   0.6953764162036848E+00
-0.8847972218994751E-01  -0.3198709061160763E+00
 0.3065230437008510E-16   0.2164780072893562E-15
 0.4737647858253039E-16   0.2850799958030229E-15
 0.3838186939392223E+00   0.5161200450997996E+00
 0.6412087836414694E-01  -0.7934314455602959E-01
-0.1862292887945089E-15   0.1213432962719846E-15
 0.4502178401042226E-15   0.1706279732776921E-14
 0.2921269259796924E+00   0.1863896692624392E+01
-0.3860394131708672E-15  -0.2895180707892937E-15
-0.6885858997598515E-02  -0.7236666460725816E-02
 0.2513579224953945E-01   0.2641636211247609E-01
-0.2486803826407437E-15  -0.5725556406188832E-15
 0.2327117190388149E-16  -0.3692937126049080E-15
-0.3028214440469153E-15  -0.5276974750082408E-15
-0.1665450262645408E+00  -0.3880359805019160E-01
 0.2792027164215711E-02   0.6505189752917862E-03
 0.2613175483744259E-15   0.6596850623376488E-15
 0.4875229140712915E-16  -0.1236536442230924E-15
 0.4231642445609405E-03   0.6528673522358758E-03
 0.2727822085051446E-01   0.4208545511414940E-01
 0.1647505114190971E-16   0.3800498565357111E-15
 0.1959064834660053E+00   0.1781047998214431E+01
-0.5771560288311099E-15  -0.1432983241774424E-14
 0.2513579224954628E-01   0.2641636211248554E-01
 0.6885858997600160E-02   0.7236666460727967E-02
-0.1994886470060523E-16  -0.1381601524364813E-15
 0.1294612464065134E-15   0.6169130989877626E-15
 0.7127224642980005E-16   0.1570326974753716E-16
-0.2792027164215654E-02  -0.6505189752909204E-03
-0.1665450262645398E+00  -0.3880359805019205E-01
 0.2885727000918767E-16  -0.2708705826481304E-15
-0.3947387908319044E-16   0.2839393247468211E-16
-0.2727822085051435E-01  -0.4208545511414907E-01
 0.4231642445609681E-03   0.6528673522360280E-03
-0.5659419242241646E-16   0.1650346219228238E-15
 0.3743208000506204E-16   0.2990636167529703E-15
 0.1959064834660040E+00   0.1781047998214421E+01
 0.7884133802540647E-01   0.2480206575716743E+00
-0.8878009212661492E-15   0.1689624597445847E-15
-0.4770740199089495E-15  -0.2766890274809469E-15
-0.1443371603618701E+00  -0.3177072023654661E+00
-0.8719538684148626E-03  -0.2730968202528913E+00
-0.4952770863394365E-02   0.5103143272983494E+00
 0.5346350306988432E-15   0.4562785316405291E-15
 0.6235848768412439E-16  -0.1759416188680285E-15
 0.1082873084698755E+00   0.9622314958358957E+00
 0.1048970012419923E+00  -0.2289740723801315E-01
-0.1019049893194068E-15  -0.4842786480347459E-16
-0.2360757589016915E-14  -0.4318304355475902E-14
 0.4485417599514990E+00   0.5158210956625030E+00
 0.8778460912254105E-15   0.1104908396351791E-14
 0.1624375467541617E-15  -0.5934116533102809E-15
-0.3970137656492745E+00   0.1943805987535473E+01
 0.1464647522272391E-01  -0.2244013316336255E+00
 0.2374515831781509E-14   0.5000596329603677E-14
-0.1168441510538387E-14  -0.5407253412138047E-14
-0.2678627358761793E+00  -0.5239109795143305E+00
 0.1400752335781292E+00   0.6829994146516164E+00
 0.6098001779476604E-01  -0.2486294745521184E+00
 0.4865505169573658E-16   0.1344994106577317E-15
-0.7146549037225738E-16   0.4100505987874614E-15
 0.2577975186150216E-02  -0.8208661952925294E+00
-0.2456613833408704E+00   0.5594800703675283E+00
 0.6431109445660032E-15  -0.5677625687058504E-15
-0.8369694920412415E-16  -0.9226944706299788E-15
 0.3927773136449166E+00   0.9679623457648630E+00
 0.4916095966196580E-15   0.6408704576633267E-15
-0.2876696131323719E-15   0.3483352133761391E-15
 0.4630392322468404E+00  -0.6454081224298115E-01
-0.5619612861599271E+00   0.2268317267325334E+01
 0.1495394885598752E-14   0.3498701996392554E-14
 0.1423523940743065E-01   0.1170502466933017E-01
-0.5918962156345901E-01  -0.4866907824583862E-01
-0.8307187370765367E-15  -0.2230208803857882E-14
 0.3700536988722080E-15  -0.3825081735225742E-15
-0.2453715078472793E-15   0.1573074991587739E-14
-0.1273683333372401E+00  -0.1229397468294984E+00
-0.1860182143316582E-02  -0.1795503762701568E-02
 0.1120319109865763E-15   0.2516493139500993E-14
 0.4185734105059155E-15   0.1246354683134835E-14
-0.1097266565653267E-01  -0.2134072714054814E-01
 0.6920105690973135E+00   0.1345890706574919E+01
 0.2087369530557872E-14   0.2709146957461179E-14
-0.1632982567990828E+00  -0.2134928781844264E+00
-0.5123781078417381E-02  -0.6698729007034821E-02
-0.2433680850655204E-14  -0.2066843066798707E-14
 0.1077922357222101E-14  -0.2144144977068468E-15
 0.2590115596667477E+00   0.2469859951706230E+01
-0.1679495453987167E-15  -0.4165506211230427E-15
 0.5918962156347082E-01   0.4866907824585212E-01
 0.1423523940743414E-01   0.1170502466933259E-01
 0.9176058211550380E-16   0.6878144709085435E-15
-0.1399326012468430E-15  -0.5241603965769147E-15
 0.1688973643026405E-15   0.8166922240113939E-15
-0.1860182143316588E-02  -0.1795503762702061E-02
 0.1273683333372393E+00   0.1229397468294979E+00
-0.6499851353218900E-16   0.5771897454205810E-16
 0.5226269802740133E-15   0.1165874507116907E-14
 0.6920105690973151E+00   0.1345890706574924E+01
 0.1097266565653263E-01   0.2134072714054802E-01
 0.2414603621460035E-16  -0.2905836139726115E-15
-0.5123781078417398E-02  -0.6698729007034779E-02
 0.1632982567990827E+00   0.2134928781844265E+00
-0.2036797099969710E-15   0.3251900115730879E-15
 0.2352995848116929E-15  -0.2357033272228746E-15
 0.3324434145593777E-17   0.4512423429330784E-17
 0.2590115596667482E+00   0.2469859951706235E+01
-0.2199085156308772E-01   0.1065574810537212E+00
-0.2044347603959688E-16   0.1360120626271484E-14
-0.1329700078375017E-14  -0.1742704748117451E-14
-0.1779898952606638E+00  -0.2342933843747819E+00
 0.1170253808791539E+00  -0.7250365805541820E-01
 0.1136889689092795E+00   0.3097413780567234E+00
-0.4379608073679392E-17  -0.5644617801226149E-18
 0.2645465295211697E-15  -0.2877906714793099E-15
-0.2834018385732881E-01   0.2813194620176224E+00
 0.3104525794307625E-01  -0.5000125298643693E+00
-0.3487193330584488E-15   0.2300721388008164E-15
 0.3962081964294281E-15   0.1218320782037857E-14
 0.2797739211725340E+00   0.4196768761849453E+00
-0.1464492713316239E-16   0.7011313545175509E-16
 0.2659491827377777E-15  -0.2730161969209442E-15
-0.2126132645194942E-02   0.8804468466195603E+00
 0.5202811550791711E+00   0.5442279527947969E+00
 0.6479629354772835E-15   0.4304799922994470E-14
-0.4858386576230549E-16  -0.4457779685640680E-16
-0.7194330541776931E+00   0.1310467339060783E+01
 0.6886645464050156E-02   0.1086735934515765E+00
-0.7300705034630206E-15  -0.7437907861070702E-15
 0.1845785018164096E-16   0.1664233170651947E-14
 0.1980870763609738E-01  -0.4486945021721141E-03
-0.1127269719558258E-01  -0.2007013441413431E+00
-0.5868826858414885E-01   0.1684944164072066E+00
-0.2658280746110687E-15  -0.1632854619626488E-15
 0.2504438091352457E-15  -0.3062675010895351E-15
-0.1300997310560192E+00   0.1156902413136161E+00
 0.5942765497504690E-01   0.2006330200965480E-01
-0.7231002241055205E-16  -0.3561689631426178E-15
-0.1321436403815802E-14  -0.1835971597594486E-14
 0.1924576872983780E-04  -0.4185036311861376E+00
 0.1403147256942108E-14   0.3669560142407118E-14
 0.9199585644342535E-15  -0.2018464474205759E-15
-0.4011888783331820E+00   0.3907486722939139E+00
 0.2557271682387496E+00  -0.6276727732664039E+00
-0.2567293966739042E-14  -0.4100254161062192E-14
-0.9002043259281616E-15   0.1170239428123763E-15
-0.1929780680846779E+00  -0.1135795957425483E+00
-0.1339647729670242E+01   0.7716770150884584E+00
 0.1333550048963296E-15  -0.1718661550310765E-14
-0.2570756136242937E-02  -0.4138741975524685E-02
 0.1068911301602223E-01   0.1720874263289156E-01
-0.9152026154861993E-16   0.6048931484813276E-16
-0.1086531042601907E-15   0.1250824740047084E-14
 0.6066295168466638E-15  -0.1230179156263430E-14
-0.2862502408330446E-01   0.5797246844186463E-02
-0.4180612029433715E-03   0.8466731704388947E-04
 0.1078870802176391E-14  -0.5083481604668373E-15
-0.3557353213891317E-15  -0.4720460914480334E-15
 0.2267173450605777E-02   0.3203579550787791E-02
-0.1429833040489880E+00  -0.2020394111588956E+00
-0.3852300848061223E-16   0.2754802692487849E-14
 0.1992326473904587E+00   0.5579502573143151E+00
 0.6251288218944218E-02   0.1750670844357238E-01
 0.3234318476511945E-14   0.4840471644338246E-15
-0.1680042417816498E-14   0.4979401271867031E-14
-0.1375796920228590E+00  -0.7527771661707410E+00
-0.1988698811143332E-15  -0.2192155755612733E-15
 0.1274297681942001E-14   0.7338677505785343E-15
 0.3772456429332627E-14   0.7367398590423463E-15
-0.8166015481035523E+00   0.8850185416072716E+00
 0.7313796645137855E-16   0.3526748329465304E-15
-0.1068911301602514E-01  -0.1720874263289280E-01
-0.2570756136243558E-02  -0.4138741975524900E-02
 0.1656557264329221E-15  -0.3600414558777732E-15
-0.2027776952416562E-16  -0.5046031068394348E-16
-0.5920876038157844E-16  -0.1766198311034572E-15
-0.4180612029427197E-03   0.8466731704328168E-04
 0.2862502408330472E-01  -0.5797246844186213E-02
-0.1375524913887026E-15   0.2094452462762833E-15
-0.4948781355343015E-17  -0.2340199648637818E-15
-0.1429833040489882E+00  -0.2020394111588963E+00
-0.2267173450605627E-02  -0.3203579550787878E-02
-0.5205912147806688E-16   0.9948731590736013E-16
 0.6251288218944091E-02   0.1750670844357228E-01
-0.1992326473904579E+00  -0.5579502573143132E+00
 0.3748729654077915E-16   0.2948575607467450E-15
 0.2755307384375992E-16   0.1178718853876559E-16
 0.7030745665366039E-16   0.3963382927397233E-15
-0.1375796920228589E+00  -0.7527771661707419E+00
 0.4487667996640106E-17   0.1035672343251044E-15
-0.3119265911645631E-16   0.9887204736845312E-16
 0.5964047914386269E-17  -0.5963214308806767E-16
-0.8166015481035513E+00   0.8850185416072709E+00
-0.6117123693946924E-01   0.4385353618281845E-01
-0.2853155840803959E-14   0.3018181994448809E-15
-0.4959633954493269E-15  -0.7121130315930179E-16
-0.6781690905321791E-01  -0.1532575054602461E-01
 0.5119831077878978E-01  -0.1080140072573942E+00
-0.3936547814381597E-01   0.7834145115239802E-01
 0.4393438514625763E-17  -0.9064508477887711E-17
-0.1813986239613779E-16  -0.1517186750140164E-15
-0.8313055009459924E-01   0.1240959390325033E+00
 0.1970304865485588E+00  -0.2491910736424314E+00
-0.1143307321122845E-14   0.4591787382253793E-15
-0.2156696626953508E-15   0.2937308116440532E-15
-0.2991153242106039E-01   0.5068904952724062E-01
-0.1989621416335969E-16   0.5369936967526605E-16
 0.3178839226362612E-15  -0.1354781017827765E-15
-0.1141016579934024E+00   0.2005283556382783E+00
 0.5640576666195970E+00  -0.1851485290184748E+00
 0.1450414943097127E-15   0.6663383951357010E-15
 0.1397991412214844E-15   0.1696814018808461E-15
-0.3613107821384329E+00   0.3928320920465858E+00
-0.2742553300868673E+00   0.5320991407140725E-01
 0.2046333649393060E-14  -0.4491582784362737E-15
-0.2575315660846747E-16  -0.2292342918938313E-16
-0.1653329890003867E+01   0.3208975645508818E+00
 0.2185213799246405E+01   0.3793394456240927E+01
-0.6237829799613564E-15   0.3367469823154345E-14
 0.2350782251299461E+01   0.4362084706866336E+01
 0.1687682955968583E-14  -0.1613241583352089E-14
-0.6007347397307683E-14  -0.1035738335375402E-13
 0.2350782251299477E+01   0.4362084706866356E+01
 0.1278498434238298E+01   0.1835380876729241E+01
-0.8072682772766329E-14  -0.1223381423668172E-13
 0.9999511659166161E-14   0.1558536641315834E-13
 0.8695173535723779E+00   0.2188378004536889E+01
-0.2681105583569766E+00  -0.3092948632348004E+00
 0.1796091083004752E-14   0.2356420983395282E-14
-0.1409326781034896E-14  -0.7362136622724808E-15
 0.9600213076688413E-01   0.1946325990804438E+00
 0.1048443602020626E+01   0.2755320520854063E+01
 0.3828769192392700E+00   0.8053072792399536E+00
-0.4174359817969764E-14  -0.7108737396876976E-14
 0.3974620247281206E-14   0.7789340116641607E-14
 0.1596422032187172E+00   0.2170245046097183E+00
 0.3105553610631977E+00   0.3100708148920909E+00
 0.2985405097446488E+00   0.1524060336448940E+01
 0.1251850422882877E-14   0.4665370246513783E-14
 0.2359736237733796E-01   0.8930526478121724E-01
-0.9217494666682398E-01  -0.3488401748739814E+00
-0.6185877780719649E-15  -0.4848436575150115E-15
 0.3552618412543861E-15   0.9525312533427195E-15
 0.5218568801639648E-15   0.4451091883511503E-15
 0.8450158583262465E+00   0.2369112372846331E+01
-0.7949340366520722E-15  -0.2327836277374622E-14
-0.9217494666683415E-01  -0.3488401748739895E+00
-0.2359736237734052E-01  -0.8930526478121945E-01
-0.2842519469769303E-15  -0.9078277683256932E-15
-0.3727844794065914E-15  -0.7263009822820623E-15
-0.3970476382204676E-15  -0.1039074548610727E-14
-0.9248244531301353E-16  -0.3632619378912683E-15
 0.8450158583262416E+00   0.2369112372846317E+01
 0.2326829511982821E+00   0.4141439898448876E+00
-0.1781670213875757E-14  -0.4170504140244420E-14
 0.2032227281180795E-14   0.4745767075112517E-14
 0.6174680325737705E-01   0.2975338296710990E+00
 0.6077697864994208E+00   0.7321603009273371E+00
 0.4222697291947750E+00   0.7382264494955540E+00
-0.3062419947497895E-15  -0.2805168895338088E-15
 0.6276286089600770E-16  -0.1553517207180782E-15
 0.5959628557355376E+00   0.2446032131072424E+01
-0.2508545736093616E+00  -0.3634935043095811E+00
 0.2271726416800081E-14   0.4028747007830387E-14
-0.1459761277496804E-14  -0.1727181239113041E-14
-0.8815636866731121E-01  -0.9479080657485275E-01
-0.1592312436888083E+00   0.1319274317591926E+00
-0.4887555193693897E+00  -0.9298043636661126E+00
 0.2721385189962234E-15   0.3974090600235514E-15
-0.2912418019342316E-15  -0.3115763414056836E-15
-0.2432339410135861E+00  -0.5849284868793903E+00
 0.3884165454704881E+00   0.1975611331799759E+01
-0.8279443491094252E-15  -0.4843677211531956E-15
-0.6608883020740508E-01   0.4161685272830612E-01
-0.1700728984854276E-01   0.1070967476218282E-01
 0.1230588518446391E-15   0.4938446593825999E-15
 0.3442407612568537E-15   0.8341966069245633E-16
 0.6641283554639433E-15   0.1191636182801949E-14
-0.3973023032301001E-03  -0.7202612608663306E-03
-0.3175432379240109E+00  -0.5756676743812486E+00
 0.1226640453157298E-15   0.5800646764516780E-15
 0.9577886396764967E-16  -0.1354628467576474E-15
 0.4766604786170039E+00   0.1810735750789857E+01
 0.8302270484657429E-16   0.2577346696779418E-14
-0.1700728984854683E-01   0.1070967476217695E-01
 0.6608883020742122E-01  -0.4161685272828187E-01
-0.1223776965623851E-14  -0.1456186479564698E-14
 0.8932079453191029E-15   0.1643338763337194E-14
 0.8915982603978348E-15   0.8839417955169925E-15
 0.3175432379240115E+00   0.5756676743812493E+00
-0.3973023032298391E-03  -0.7202612608662110E-03
 0.6652939356725281E-15   0.1816973143697645E-14
-0.4539185386145504E-15  -0.1430635695713594E-14
-0.4076600168545497E-16  -0.8131516293641283E-16
 0.4766604786170024E+00   0.1810735750789852E+01
-0.8457563585471745E-01  -0.1810782763721265E+00
 0.3078590936270254E-14   0.4137223124196548E-14
-0.2435173635065638E-14  -0.5757146984312934E-14
-0.3899129532583784E+00  -0.6218676150237823E+00
 0.2963667409388590E+00   0.6953764162036848E+00
 0.7276819608359059E-01  -0.3198709061160763E+00
-0.1678447076392126E-15   0.2164780072893562E-15
-0.3993736707527121E-16   0.2850799958030229E-15
 0.3095755818027826E+00   0.5161200450997996E+00
-0.9520399324886634E-01  -0.7934314455602959E-01
-0.1889149578244030E-15   0.1213432962719846E-15
 0.2854480192331899E-15   0.1706279732776921E-14
 0.6889967899090528E-01   0.1863896692624392E+01
-0.1017287383923084E-14  -0.2895180707892937E-15
-0.2213095257809884E-01  -0.7236666460725816E-02
 0.8078571264405891E-01   0.2641636211247609E-01
-0.5373448093842174E-15  -0.5725556406188832E-15
 0.2448657508966839E-16  -0.3692937126049080E-15
-0.1416317685444514E-15  -0.5276974750082408E-15
-0.4108846371958075E-01  -0.3880359805019160E-01
 0.6888233735588900E-03   0.6505189752917862E-03
 0.1716758387780653E-15   0.6596850623376488E-15
-0.4454626170482725E-16  -0.1236536442230924E-15
 0.1561590103732638E-02   0.6528673522358758E-03
 0.1006639863247266E+00   0.4208545511414940E-01
-0.1927460712265562E-15   0.3800498565357111E-15
 0.3424653500887220E+00   0.1781047998214431E+01
-0.3236519757535699E-15  -0.1432983241774424E-14
 0.8078571264406494E-01   0.2641636211248554E-01
 0.2213095257810020E-01   0.7236666460727967E-02
 0.1252390774806777E-15  -0.1381601524364813E-15
 0.2592496024770778E-16   0.6169130989877626E-15
 0.2447007640084372E-16   0.1570326974753716E-16
-0.6888233735587029E-03  -0.6505189752909204E-03
-0.4108846371958055E-01  -0.3880359805019205E-01
-0.1152922739100335E-15  -0.2708705826481304E-15
-0.1624161199068441E-15   0.2839393247468211E-16
-0.1006639863247263E+00  -0.4208545511414907E-01
 0.1561590103732670E-02   0.6528673522360280E-03
-0.1932575339963202E-15   0.1650346219228238E-15
 0.5242117503967414E-16   0.2990636167529703E-15
 0.3424653500887201E+00   0.1781047998214421E+01
 0.1971563052159342E-02   0.2480206575716743E+00
 0.8946617757537482E-15   0.1689624597445847E-15
-0.2662511686145281E-14  -0.2766890274809469E-15
-0.3371485699958264E+00  -0.3177072023654661E+00
 0.2161894948858123E-01  -0.2730968202528913E+00
 0.1316481392569427E+00   0.5103143272983494E+00
 0.5119256160804427E-15   0.4562785316405291E-15
-0.7525362240163499E-16  -0.1759416188680285E-15
 0.3461524215821432E+00   0.9622314958358957E+00
 0.1123722764830639E+00  -0.2289740723801315E-01
-0.1793686656072000E-15  -0.4842786480347459E-16
-0.2389230902480201E-14  -0.4318304355475902E-14
 0.4850751226613996E+00   0.5158210956625030E+00
 0.9862700412788723E-15   0.1104908396351791E-14
-0.6620032260579129E-16  -0.5934116533102809E-15
 0.2660693508029407E-01   0.1943805987535473E+01
-0.2343353129534571E+00  -0.2244013316336255E+00
 0.4667659907722764E-14   0.5000596329603677E-14
-0.3468381623281811E-14  -0.5407253412138047E-14
-0.3431465449905823E+00  -0.5239109795143305E+00
-0.2299171576315067E-01   0.6829994146516164E+00
-0.1441812274892808E+00  -0.2486294745521184E+00
 0.1444378933086953E-15   0.1344994106577317E-15
-0.3924209157918357E-16   0.4100505987874614E-15
-0.1182893284820336E+00  -0.8208661952925294E+00
-0.6417640428626378E-01   0.5594800703675283E+00
 0.5534071141637115E-15  -0.5677625687058504E-15
-0.4600221047348820E-15  -0.9226944706299788E-15
 0.3316699524188964E+00   0.9679623457648630E+00
 0.5657209235518796E-15   0.6408704576633267E-15
-0.3211367182771136E-15   0.3483352133761391E-15
 0.4366895423508624E+00  -0.6454081224298115E-01
-0.7270456652977957E+00   0.2268317267325334E+01
-0.1205619624535297E-14   0.3498701996392554E-14
-0.3151332855466206E-01   0.1170502466933017E-01
 0.1310313046355695E+00  -0.4866907824583862E-01
-0.2333235024216376E-14  -0.2230208803857882E-14
 0.3201652235762151E-15  -0.3825081735225742E-15
 0.1424771948404824E-15   0.1573074991587739E-14
-0.1287350675758482E+00  -0.1229397468294984E+00
-0.1880142949575918E-02  -0.1795503762701568E-02
 0.9914353956760406E-15   0.2516493139500993E-14
 0.7183627299174620E-15   0.1246354683134835E-14
-0.1207838632440691E-01  -0.2134072714054814E-01
 0.7617447989180099E+00   0.1345890706574919E+01
 0.2201127822322130E-14   0.2709146957461179E-14
-0.1891284913166535E+00  -0.2134928781844264E+00
-0.5934251866449434E-02  -0.6698729007034821E-02
-0.1083327234998116E-14  -0.2066843066798707E-14
 0.7197627802040190E-15  -0.2144144977068468E-15
 0.3706106442905122E+00   0.2469859951706230E+01
-0.1704892278617274E-14  -0.4165506211230427E-15
-0.1310313046355570E+00   0.4866907824585212E-01
-0.3151332855465825E-01   0.1170502466933259E-01
-0.3483395764518868E-15   0.6878144709085435E-15
 0.1060752009469579E-16  -0.5241603965769147E-15
 0.2489605021102124E-15   0.8166922240113939E-15
-0.1880142949575930E-02  -0.1795503762702061E-02
 0.1287350675758475E+00   0.1229397468294979E+00
 0.1245391334581503E-15   0.5771897454205810E-16
 0.7100620241839920E-15   0.1165874507116907E-14
 0.7617447989180119E+00   0.1345890706574924E+01
 0.1207838632440688E-01   0.2134072714054802E-01
 0.1075985354879849E-15  -0.2905836139726115E-15
-0.5934251866449436E-02  -0.6698729007034779E-02
 0.1891284913166534E+00   0.2134928781844265E+00
 0.9283425515773132E-16   0.3251900115730879E-15
 0.2442391973730257E-15  -0.2357033272228746E-15
 0.3184844559200624E-17   0.4512423429330784E-17
 0.3706106442905129E+00   0.2469859951706235E+01
-0.5801926576304789E-01   0.1065574810537212E+00
 0.1008273759153211E-14   0.1360120626271484E-14
-0.2432272459917838E-14  -0.1742704748117451E-14
-0.2648560543730639E+00  -0.2342933843747819E+00
-0.3772227016491926E-01  -0.7250365805541820E-01
 0.9036891739860331E-01   0.3097413780567234E+00
 0.4845803307427210E-16  -0.5644617801226149E-18
 0.1856627953010760E-15  -0.2877906714793099E-15
 0.4454996883236403E-01   0.2813194620176224E+00
-0.1175830245778582E+00  -0.5000125298643693E+00
-0.3914898902070905E-16   0.2300721388008164E-15
 0.6950483024280268E-15   0.1218320782037857E-14
 0.4219092453052481E+00   0.4196768761849453E+00
 0.7468532110609320E-16   0.7011313545175509E-16
 0.1841872611544157E-15  -0.2730161969209442E-15
 0.2217052949885764E+00   0.8804468466195603E+00
 0.3687750190024760E+00   0.5442279527947969E+00
 0.1419357189214351E-14   0.4304799922994470E-14
-0.1851704220946362E-16  -0.4457779685640680E-16
-0.4639923588704968E+00   0.1310467339060783E+01
 0.1762149042202016E-01   0.1086735934515765E+00
-0.6327716400086432E-15  -0.7437907861070702E-15
-0.4008956423218481E-15   0.1664233170651947E-14
-0.1755473492670090E-01  -0.4486945021721141E-03
 0.7961066744338749E-01  -0.2007013441413431E+00
-0.6916264162793397E-01   0.1684944164072066E+00
 0.5733656926669434E-15  -0.1632854619626488E-15
 0.2677047440387589E-15  -0.3062675010895351E-15
 0.7228642185448808E-01   0.1156902413136161E+00
 0.1997495784121132E+00   0.2006330200965480E-01
-0.2147215184463478E-15  -0.3561689631426178E-15
-0.7330079793424084E-15  -0.1835971597594486E-14
 0.1872322253612039E+00  -0.4185036311861376E+00
 0.2091977602681043E-14   0.3669560142407118E-14
 0.9493117009179220E-15  -0.2018464474205759E-15
-0.1356984477745496E+00   0.3907486722939139E+00
 0.3445507959220741E+00  -0.6276727732664039E+00
-0.1641210694643644E-14  -0.4100254161062192E-14
-0.7956418686952544E-15   0.1170239428123763E-15
-0.1609919811340846E+00  -0.1135795957425483E+00
-0.1346928670350265E+01   0.7716770150884584E+00
 0.6761542556797863E-15  -0.1718661550310765E-14
 0.1029525030124416E-01  -0.4138741975524685E-02
-0.4280728632590627E-01   0.1720874263289156E-01
 0.2687944023933004E-15   0.6048931484813276E-16
-0.7150859938111270E-15   0.1250824740047084E-14
 0.6923328683700580E-15  -0.1230179156263430E-14
 0.7783584088649430E-01   0.5797246844186463E-02
 0.1136772677582634E-02   0.8466731704388947E-04
-0.3454894883062900E-15  -0.5083481604668373E-15
-0.1349253401472099E-14  -0.4720460914480334E-15
 0.1468533029996773E-02   0.3203579550787791E-02
-0.9261563321407901E-01  -0.2020394111588956E+00
-0.1401733855873170E-14   0.2754802692487849E-14
 0.2879850364342880E+00   0.5579502573143151E+00
 0.9036056535280928E-02   0.1750670844357238E-01
 0.1579312388500193E-14   0.4840471644338246E-15
-0.2244973050033755E-14   0.4979401271867031E-14
-0.1819345769388715E+00  -0.7527771661707410E+00
-0.2003505835535455E-15  -0.2192155755612733E-15
 0.1046950125838801E-14   0.7338677505785343E-15
 0.4703413942529915E-14   0.7367398590423463E-15
-0.6869389132909610E+00   0.8850185416072716E+00
 0.5233907183903412E-15   0.3526748329465304E-15
 0.4280728632590294E-01  -0.1720874263289280E-01
 0.1029525030124351E-01  -0.4138741975524900E-02
 0.2359914078774242E-15  -0.3600414558777732E-15
-0.6599300852180652E-17  -0.5046031068394348E-16
-0.3757933769975630E-16  -0.1766198311034572E-15
 0.1136772677583187E-02   0.8466731704328168E-04
-0.7783584088649380E-01  -0.5797246844186213E-02
-0.1219941999197327E-15   0.2094452462762833E-15
 0.4687301730412264E-16  -0.2340199648637818E-15
-0.9261563321407923E-01  -0.2020394111588963E+00
-0.1468533029996642E-02  -0.3203579550787878E-02
-0.3864547937132271E-16   0.9948731590736013E-16
 0.9036056535280787E-02   0.1750670844357228E-01
-0.2879850364342868E+00  -0.5579502573143132E+00
 0.6931674231790250E-16   0.2948575607467450E-15
 0.3714855799183988E-16   0.1178718853876559E-16
 0.9508731949058010E-16   0.3963382927397233E-15
-0.1819345769388715E+00  -0.7527771661707419E+00
 0.9785860782495227E-17   0.1035672343251044E-15
-0.3358395327938859E-16   0.9887204736845312E-16
-0.3457303183775336E-17  -0.5963214308806767E-16
-0.6869389132909602E+00   0.8850185416072709E+00
 0.3140373324774692E-01   0.4385353618281845E-01
-0.3196048312778670E-14   0.3018181994448809E-15
-0.2690444721602402E-16  -0.7121130315930179E-16
-0.4867083247415738E-01  -0.1532575054602461E-01
 0.3291597841177704E-01  -0.1080140072573942E+00
 0.3371761427194050E-01   0.7834145115239802E-01
-0.3552716168270223E-16  -0.9064508477887711E-17
-0.7201430440434966E-16  -0.1517186750140164E-15
-0.5733468602125807E-01   0.1240959390325033E+00
 0.1017554489867734E-01  -0.2491910736424314E+00
-0.8662198505599186E-15   0.4591787382253793E-15
-0.2417641305676173E-17   0.2937308116440532E-15
 0.1871866664449982E-01   0.5068904952724062E-01
-0.2621818208707552E-16   0.5369936967526605E-16
 0.2993839859638787E-15  -0.1354781017827765E-15
-0.7836234561031996E-01   0.2005283556382783E+00
 0.5899895023476944E+00  -0.1851485290184748E+00
 0.2785820040452934E-15   0.6663383951357010E-15
 0.8097170954715696E-16   0.1696814018808461E-15
-0.8558880078383760E-01   0.3928320920465858E+00
-0.3409059280831558E+00   0.5320991407140725E-01
 0.2485043811465471E-14  -0.4491582784362737E-15
-0.2876378632361399E-16  -0.2292342918938313E-16
-0.1428004754513540E+01   0.3208975645508818E+00
