-2.6538022996755659e+00
-2.7090701065610112e+00
-2.7540310971886388e+00
-2.7905922057493364e+00
-2.8202764886937586e+00
-2.8443091616217342e+00
-2.8636812534693714e+00
-2.8791985618845199e+00
-2.8915196633382454e+00
-2.9011859648196152e+00
-2.9086446465345808e+00
-2.9142674776690676e+00
-2.9183649122583035e+00
-2.9211973072344328e+00
-2.9229836502912354e+00
-2.9239084326298412e+00
-2.9241271543633180e+00
-2.9237707727276163e+00
-2.9229494437781600e+00
-2.9217556457849416e+00
-2.9202668685419821e+00
-2.9185479245057344e+00
-2.9166529491132862e+00
-2.9146270783574395e+00
-2.9125079586394409e+00
-2.9103269524564213e+00
-2.9081101768915452e+00
-2.9058794091764724e+00
-2.9036527568433042e+00
-2.9014452480915272e+00
-2.8992693633820341e+00
-2.8971353919935123e+00
-2.8950517639478002e+00
-2.8930253136621191e+00
-2.8910614883589418e+00
-2.8891645690508634e+00
-2.8873377379367486e+00
-2.8855832889264561e+00
-2.8839026961640162e+00
-2.8822967187333068e+00
-2.8807654865945942e+00
-2.8793085783818428e+00
-2.8779250927679412e+00
-2.8766137145912474e+00
-2.8753727765219872e+00
-2.8742003167229404e+00
-2.8730941327128008e+00
-2.8720518314698289e+00
-2.8710708757062315e+00
-2.8701486300328654e+00
-2.8692823800208904e+00
-2.8684694046827555e+00
-2.8677069679849163e+00
-2.8669923637844632e+00
-2.8663229336903342e+00
-2.8656960875105271e+00
-2.8651093069035287e+00
-2.8645601724456489e+00
