 0.8417487358723206E+00 -0.2390306654195207E-17
 0.0000000000000000E+00  0.0000000000000000E+00
 0.6810321392143008E-01  0.1612971783340126E-18
-0.6810321392143058E-01 -0.1612971783340093E-18
 0.0000000000000000E+00  0.0000000000000000E+00
-0.6666924395788403E-01  0.2414451996985186E-18
 0.5243138869348564E+00  0.9518834869595424E-17
 0.0000000000000000E+00  0.0000000000000000E+00
 0.2069744292487002E-01 -0.1128185386856220E-18
-0.2069744292487015E-01  0.1128185386856174E-18
 0.0000000000000000E+00  0.0000000000000000E+00
-0.4445629219341112E-01 -0.8676139995657398E-18
 0.1524924115100317E-01 -0.1943907089089384E-01 -0.5349808133888383E-20 -0.5206460251281646E-19
 0.6230575181983732E-15  0.3102038351322717E-15  0.5997008651243112E-34  0.4555778434423616E-33
-0.2147822441693783E-16  0.4949807966695312E-15 -0.2470849167991266E-34 -0.4471929775851260E-33
-0.5114726311810142E-02  0.1658173325085735E-01 -0.1409060575662963E-20 -0.7329147573360778E-19
-0.1319696410883382E-01 -0.1014950950635686E-03 -0.1135214176566962E-20  0.5639407207425641E-19
-0.1260671846359837E-01 -0.1435664742366248E+00 -0.4468844896333419E-20  0.1148741603967440E-19
 0.4755342806266077E-16 -0.4164386795560831E-15 -0.7053838889267656E-35  0.6018932977026536E-34
 0.9383137390809343E-17  0.7638510938626249E-16 -0.4089638592988151E-35 -0.3825372210281503E-34
-0.1243335779163663E-02 -0.3052745677912698E+00 -0.5483152365410324E-20  0.3068116689967343E-19
-0.1235411414403970E+00  0.4431926850241921E-01  0.2493853420677594E-20 -0.1087979643049654E-19
 0.6422784263299737E-15  0.6746363306672406E-15 -0.5485983126855917E-36 -0.9689648952438003E-34
 0.1515522205086305E-15 -0.7090440676845173E-15 -0.1439075125213106E-34  0.1281921031833954E-33
 0.4344100630698947E-01  0.1513737044095227E+00 -0.3030364321442517E-20  0.1066470273921016E-18
 0.2627590115570801E-15  0.1615586934780122E-15 -0.5293802115372031E-35  0.7140846660693316E-34
-0.2864771005260781E-15 -0.2493957844367687E-15 -0.1407504367868027E-34  0.1230011891097276E-34
 0.1631280167748982E+00 -0.4533013203237916E+00 -0.3471989403637322E-20  0.7071755247328783E-19
-0.3472423241494196E+00  0.3727262252193089E+00 -0.1350192199570699E-20  0.1053131797699852E-18
 0.2416434036536290E-15 -0.1658033421030491E-14  0.8293247741305098E-36  0.6071248967579793E-34
-0.5392422090038877E-16 -0.1109284946127914E-14  0.9754247087363660E-35 -0.1190960212248679E-33
 0.3695202100794967E+00  0.1466995036727899E+00 -0.2322430829321170E-20  0.7556278972670663E-19
 0.3093666925152944E+00 -0.5680965644436859E+00  0.7463455949342256E-20 -0.3155590910045174E-19
-0.2594171619160046E-14  0.4985344198378454E-17 -0.7515400151064203E-34  0.2631818232169195E-33
-0.2692112249955770E-16  0.8254916868674254E-15  0.2309473687171949E-35  0.6460893159502220E-34
 0.7764123986858359E+00  0.4147332772370928E+00 -0.1451149566770439E-20  0.2305318540657788E-21
 0.9869156082026958E-07 -0.1180593588193375E-06  0.1164469982224411E-15 -0.1637982933952640E-15
 0.5572158698666872E-06 -0.6210617296235458E-06 -0.2899016347564031E-16  0.9746482517738949E-16
 0.3633794356594164E-05 -0.4046164005268465E-05 -0.7267127614556910E-16  0.2067926118610779E-16
 0.1949856150238749E-04 -0.2134672452179209E-04 -0.5501774174777622E-17  0.7546486595171952E-18
 0.9207254775924174E-04 -0.9918360741486228E-04  0.5566405751839644E-18  0.2900666640344210E-16
 0.3810071732815630E-03 -0.4027163305751966E-03  0.1594189275049287E-15 -0.2061775266001725E-15
 0.1393159562329619E-02 -0.1441167097464953E-02 -0.7425315121846791E-16  0.1802111388263557E-15
 0.4522816239220899E-02 -0.4563741820555582E-02 -0.8673732461416651E-16 -0.2078323618727464E-16
 0.1310061796550974E-01 -0.1284218970100930E-01 -0.8886284566150894E-16  0.1063777656064746E-15
 0.3400013087006507E-01 -0.3221376336794866E-01  0.1066723908118840E-15 -0.1286713427573426E-15
 0.7936396568003846E-01 -0.7220403737060059E-01  0.2256512178841388E-15 -0.9172922285584492E-16
 0.1671729708805341E+00 -0.1448028293484232E+00 -0.1944194332317767E-15  0.1022299740785502E-15
 0.3186825984684089E+00 -0.2598190466763264E+00 -0.6238518860157590E-16  0.1161873365593291E-15
 0.5511258089348402E+00 -0.4162597946386538E+00  0.8771292416493348E-17 -0.5722043672972902E-16
 0.8662930908176473E+00 -0.5923127918470109E+00  0.5194008680927229E-16  0.9765052879171032E-16
 0.1239290473703864E+01 -0.7401708383667773E+00  0.1423401868913992E-15 -0.1292213698998443E-15
 0.1614018738841167E+01 -0.7921359869971476E+00 -0.7485306850276381E-16  0.1688797023589383E-15
 0.1909510570245414E+01 -0.6775945147247965E+00 -0.1065720772376704E-15 -0.4718902300899686E-16
 0.2045060643521676E+01 -0.3556037081472880E+00  0.3355013563945809E-16  0.1008370082478507E-15
 0.1975082126397137E+01  0.1518662560336918E+00 -0.5072826605446259E-16 -0.3059376836315484E-16
 0.1707654942329054E+01  0.7582260234357288E+00  0.9809855674636364E-16  0.2263943205567869E-16
 0.1302371031634060E+01  0.1338162520785820E+01 -0.7818067849401850E-16 -0.2846510179197360E-16
 0.8481046038901369E+00  0.1770874645250889E+01 -0.4241726475932448E-16 -0.1708592787490099E-15
 0.4317400300293770E+00  0.1980530512472872E+01  0.7033347426241346E-16  0.1621794861772374E-15
 0.1126391352925679E+00  0.1955705990305006E+01 -0.7568514073124083E-17 -0.3534207864143077E-16
-0.8778793198342344E-01  0.1742387168733683E+01  0.5067792221747704E-16  0.1994554419165381E-15
-0.1809568251493652E+00  0.1418408990440725E+01  0.3969415779503870E-16  0.3203077780897644E-16
-0.1969670387246825E+00  0.1063829194995428E+01 -0.3978620704754536E-16 -0.2287212295807544E-16
-0.1696539111303589E+00  0.7394349516409617E+00  0.6103839848771127E-16  0.3356489688536696E-17
-0.1264423763663894E+00  0.4783964422259290E+00  0.1039631902504743E-16 -0.5099719456851290E-16
-0.8447746453928921E-01  0.2890746491240981E+00  0.2416220475126043E-16 -0.9904880467811110E-16
-0.5150973789089428E-01  0.1635788923744610E+00 -0.3468728756394398E-16  0.2123343889751184E-15
-0.2895793237749581E-01  0.8685015339725481E-01  0.5415115834610824E-16 -0.7801586464430495E-16
-0.1508639516206626E-01  0.4328207346775458E-01  0.1114744807346447E-16 -0.6706144008444379E-16
-0.7303547865244914E-02  0.2023830857238110E-01 -0.1820056008495419E-17 -0.6872495842318076E-16
-0.3293818765604933E-02  0.8879884878918064E-02  0.5958089181332701E-16 -0.1786502969429902E-15
-0.1386348602503815E-02  0.3656646525132084E-02 -0.1108308885258774E-15  0.3488220091514000E-15
-0.5454157422760676E-03  0.1413652133771064E-02 -0.5738623034233442E-16  0.1316103309761172E-15
-0.2007162668101780E-03  0.5131093607270277E-03  0.1756223078629385E-15 -0.3185632966462737E-15
-0.6921898556892127E-04  0.1750043004161598E-03 -0.3824414886194509E-16 -0.2093393290797551E-15
-0.2233202109578500E-04  0.5602444465794046E-04  0.3231423749837955E-16  0.1196840542668569E-15
-0.6793587989081881E-05  0.1691184180555940E-04 -0.6925172242441579E-16  0.8771649078011919E-16
-0.1906544627505062E-05  0.4752245379067633E-05  0.2493268041278789E-16  0.3469246879118922E-16
-0.5326953224492169E-06  0.1300529216778934E-05 -0.1667476043881759E-16 -0.6050195269624817E-16
-0.1114013587246612E-06  0.2936960428135826E-06  0.4745632507684539E-16 -0.4872196019309031E-16
-0.4744099073415767E-07  0.1001001163436389E-06 -0.5370518158609837E-16  0.6938150862183650E-16
 0.9742937947084692E-08 -0.7130390127224772E-08 -0.6287939980962584E-17  0.1990199922934781E-15
-0.1752011815918591E-07  0.2682451423745687E-07 -0.4088383588150924E-16 -0.5810663631413179E-16
 0.1554499511271523E-07 -0.2216436416876894E-07  0.1395287754472151E-15 -0.1332010436103173E-15
-0.1568089385884140E-07  0.2268715359048826E-07 -0.1241425011701906E-15 -0.1364947988955074E-16
 0.1551392658943232E-07 -0.2236151179783885E-07  0.8197260271559707E-16 -0.6004886335685367E-16
-0.1549943309986642E-07  0.2233762493513193E-07 -0.1213043417008882E-16  0.1557489946988427E-15
 0.1554964737111172E-07 -0.2239658817216053E-07 -0.4407474739385692E-16 -0.1216343783582135E-15
-0.1567661631985546E-07  0.2257382041790591E-07  0.6578499666557786E-16  0.4383765065681264E-16
 0.1585482612270567E-07 -0.2280923706142474E-07 -0.4068400006894261E-16 -0.6514032532818424E-16
-0.1615793088228722E-07  0.2334145664754604E-07 -0.1429549685129240E-16  0.1141341810880370E-16
 0.1593907064988457E-07 -0.2226654440959090E-07  0.6176286282546443E-16  0.1457860581249605E-16
-0.1391683012226022E-07  0.2425295807086044E-07 -0.5871307595890361E-16  0.3853303502299542E-16
