 0.9833366989649124E+00  0.8621198388418832E-23
 0.0000000000000000E+00  0.0000000000000000E+00
 0.1176397272473926E+00  0.1031381710575096E-23
-0.1176397272473919E+00 -0.1031381710575097E-23
 0.0000000000000000E+00  0.0000000000000000E+00
-0.7328523510331242E-01 -0.6425141569822377E-24
 0.1606718784338255E-01 -0.1647680679475644E-01  0.8625969424569669E-29 -0.7294083311974409E-28
 0.6121070390932595E-15  0.2970025804960325E-15 -0.6808683703574054E-43  0.5778630356565667E-42
-0.5198301905137364E-16  0.5650274416545419E-15  0.8749472742848058E-43 -0.7340313587047300E-42
-0.7206152751260320E-02  0.2866345197448728E-01  0.6375731648027693E-29 -0.5429336526333643E-28
-0.1461253760850997E-01  0.1401705379213228E-01 -0.7947630185881299E-30  0.7540748697391187E-29
-0.5119902789710410E-02 -0.1498888146480419E+00  0.1613273722447760E-29 -0.1482889226973871E-28
 0.6398371008726173E-16 -0.3973040949369372E-15 -0.1133693794293015E-43  0.9543723387432570E-43
 0.3637334852163677E-17  0.1091138435685810E-15  0.5996689785203933E-44 -0.5137888494390395E-43
 0.1430682521085446E-01 -0.3165731608494808E+00  0.1387706858941498E-30 -0.3912998338181940E-29
-0.1276890275581059E+00  0.5947112336867309E-01 -0.4790389654590369E-30  0.4557425900933535E-29
 0.6086626691876500E-15  0.7396510862158566E-15  0.4274982237830841E-44 -0.3355696134279826E-43
 0.1865398505194939E-15 -0.7331250464848662E-15  0.3223222429285296E-44 -0.3284937779901134E-43
 0.3814492518880293E-01  0.1417729103580452E+00 -0.2700520700689130E-29  0.2456981082545682E-28
 0.2494984618277181E-15  0.2287308156926103E-15 -0.6518738016368732E-44  0.5964405259338317E-43
-0.2725818992698503E-15 -0.2717030888280301E-15  0.1298547770653618E-44 -0.1614935663760188E-43
 0.1878029397961278E+00 -0.4872051895772859E+00 -0.2342081748491424E-29  0.1729042750815951E-28
-0.3604012868062229E+00  0.3279230515437684E+00 -0.2091266298131801E-29  0.2104314041236806E-28
 0.3228315986094182E-15 -0.1731406975472757E-14  0.1108774726839888E-43 -0.1042768227555827E-42
-0.6457244888937125E-17 -0.1097939054522825E-14  0.6569849963479288E-44 -0.6157047636050428E-43
 0.3689300662982112E+00  0.1025563440157408E+00 -0.1770144607006164E-29  0.1628969434722915E-28
 0.3307884461224331E+00 -0.5278096075784908E+00 -0.4050014848118958E-30  0.1073840995707708E-29
-0.2542776781407020E-14 -0.5607985193309266E-15 -0.1438774888594912E-43  0.1153131193234925E-42
-0.5956948414839965E-16  0.7787175326240933E-15 -0.4071665694219168E-44  0.3943537679643906E-43
 0.7555107856403117E+00  0.4673174916199296E+00  0.5169921102854161E-30 -0.1909108633661212E-29
 0.1090960590452866E-07  0.8184144509892217E-16
 0.7049736764801899E-07 -0.3041477842914403E-16
 0.4993805262320696E-06 -0.5569949549696250E-17
 0.2949270922328944E-05  0.6650638908490337E-17
 0.1530049832408949E-04 -0.5878093048357724E-16
 0.6966039502102948E-04  0.2011939236716017E-15
 0.2804265758806618E-03 -0.1120346845991542E-15
 0.1003224037233864E-02 -0.8464869026466279E-17
 0.3205383793863247E-02 -0.1344346331363245E-15
 0.9187074228767968E-02  0.1942432995580393E-15
 0.2371595143715262E-01 -0.7953902100522114E-16
 0.5534253144345758E-01 -0.4098540282499552E-16
 0.1171323102450321E+00 -0.4855657067232963E-16
 0.2255273478924225E+00  0.7196337726821173E-16
 0.3960895849206284E+00 -0.2837335894788109E-16
 0.6360386646979507E+00  0.9005452163777561E-16
 0.9356740235511715E+00 -0.5586057357447863E-16
 0.1263009415571651E+01 -0.7283821423529098E-16
 0.1566962813023518E+01 -0.5080397822577365E-17
 0.1790431347988090E+01 -0.1222944447787179E-18
 0.1888085983605196E+01  0.6023586171216551E-16
 0.1841448914897683E+01  0.4852581914511619E-16
 0.1664398916961637E+01 -0.1019286480879926E-17
 0.1396927867949928E+01  0.1583320697107060E-15
 0.1090791419508999E+01 -0.6458885482527283E-16
 0.7939031677634577E+00 -0.7083246981336948E-18
 0.5395541857680158E+00  0.6209563250889926E-16
 0.3430096498424522E+00 -0.6339667401609136E-16
 0.2043261054279444E+00  0.7005294175047391E-16
 0.1142382452598695E+00 -0.1240088234851251E-15
 0.6004460984111499E-01  0.3330531969895125E-16
 0.2971573905574688E-01  0.2185302872078948E-16
 0.1386541760814403E-01 -0.5021973490924699E-17
 0.6103189212022537E-02  0.5733108411796084E-16
 0.2533944690870334E-02 -0.2273579128842567E-15
 0.9922313330678390E-03  0.9994416803638073E-16
 0.3664794288544690E-03  0.7355482961387639E-17
 0.1276966948505374E-03  0.1324826799458584E-15
 0.4199343106112803E-04 -0.1890189865611224E-15
 0.1303382280668883E-04  0.7412837712269889E-16
 0.3823838865114772E-05  0.2154616529775553E-16
 0.1057062972270830E-05  0.4537167550682787E-16
 0.2790676150556189E-06 -0.5732457441876047E-16
 0.6700191104053691E-07  0.4513610225754966E-16
 0.1777124670945475E-07 -0.6724770962998984E-16
 0.1945647174021815E-08  0.2513816892242781E-16
 0.2356244298723292E-08  0.2568207543646964E-16
-0.1433358699218187E-08  0.1160579786316502E-17
 0.1597545074658797E-08  0.7085356985393014E-17
-0.1556271444490323E-08 -0.3257973522130305E-17
 0.1561004061749773E-08 -0.1563912818607765E-16
-0.1565446540598673E-08  0.4448451808885776E-16
 0.1577996092731893E-08 -0.9699136704714821E-16
-0.1596954488417112E-08  0.4809630801570708E-16
 0.1626316034773638E-08  0.1984551009131489E-18
-0.1640320890050739E-08 -0.3574328474857408E-16
 0.1834082759690604E-08  0.5923354868237577E-16
-0.6581242315703482E-09 -0.8165171431462468E-16
