 0.1000000000000080E+01  0.9038807133850350E-23
 0.1336605244438642E-01  0.1269672688381709E-30
 0.6407776155892043E-15 -0.2029971218110652E-44
 0.1207029753843562E-16  0.2350726865236718E-44
-0.4890720101934944E-02  0.8850646434473993E-31
-0.1008726068031015E-01  0.4884466692437822E-32
-0.2186483540543416E-01  0.8862475790020370E-33
 0.2278367773923431E-16 -0.2345852814521998E-45
 0.1615801603507928E-16  0.1512153233588973E-45
-0.2021251916754215E-01 -0.2427967069231598E-31
-0.1179105169571830E+00  0.2182628203761241E-31
 0.6740658011755953E-15 -0.1110707547083523E-45
 0.1058048958179286E-15 -0.1532790170366163E-45
 0.5376712130945217E-01 -0.2200005392463826E-31
 0.2764520555396678E-15  0.2495442011484617E-46
-0.3062443466062435E-15 -0.3430358676649784E-46
 0.1384919731004497E+00 -0.2272251391262654E-31
-0.3208170395862432E+00 -0.1192891687527757E-32
 0.1506783881195945E-15 -0.1256370801871071E-45
-0.1201262942705060E-15 -0.9468851442440564E-46
 0.3778074714643070E+00 -0.1339110692507256E-31
 0.2823397268033300E+00  0.5483708913049522E-32
-0.2614580053024381E-14 -0.4086430468892035E-46
 0.1830720327029393E-16  0.2299578960153846E-46
 0.7984093311339217E+00  0.1056937884557730E-31
 0.1323779433078273E-07 -0.2771085465598579E-16
 0.8528180540685039E-07  0.1393638358277738E-17
 0.5937453765499429E-06  0.6675909397914715E-18
 0.3454163038209747E-05 -0.3618069428213274E-16
 0.1765496451247666E-04 -0.5746975019263966E-16
 0.7922975883299757E-04  0.1031493113312843E-15
 0.3145492630689163E-03 -0.1087943403430263E-15
 0.1110422694590583E-02  0.2262565939753610E-15
 0.3503260786623574E-02 -0.1934952006508788E-15
 0.9921511354048928E-02  0.1237492017344549E-15
 0.2532673388944822E-01 -0.1895943894017365E-16
 0.5849066047681740E-01 -0.9887143387848844E-16
 0.1226200796733591E+00  0.2613529301670143E-16
 0.2340576587385338E+00  0.1119842186857981E-16
 0.4078900943309867E+00  0.1924103589028179E-16
 0.6504931774322099E+00  0.6732814770264911E-16
 0.9511678239961500E+00 -0.8344981487456508E-16
 0.1277136712621354E+01 -0.1255594673003122E-16
 0.1577153169126978E+01  0.4452495972629778E-16
 0.1794820210088154E+01 -0.1352198405659952E-15
 0.1886176239955833E+01  0.1848843042547993E-15
 0.1834233520497973E+01  0.1522370594911200E-15
 0.1653914780683383E+01 -0.2007789959003542E-15
 0.1385498093355828E+01 -0.3611839623214649E-16
 0.1080324930321590E+01  0.1272031645396790E-15
 0.7855141705496937E+00 -0.6852878553496414E-16
 0.5335517501613346E+00  0.4177226439093964E-17
 0.3391341908226625E+00 -0.1698279568148335E-16
 0.2020545596409392E+00 -0.5026855914558367E-17
 0.1130259413874422E+00  0.8331591493677517E-17
 0.5945531144327178E-01 -0.1488295065389395E-16
 0.2945553729095786E-01 -0.9013673815044204E-17
 0.1376187290695076E-01  0.1302142362225744E-16
 0.6066793341320146E-02  0.6072970455638178E-16
 0.2523202974020558E-02 -0.7107688840184780E-16
 0.9899586720872411E-03  0.1093010294658709E-15
 0.3664394454337623E-03 -0.2173480919862915E-15
 0.1279906424509007E-03  0.1907399250752805E-15
 0.4220206219693052E-04 -0.1222100656942385E-15
 0.1313595895232960E-04  0.1960718017977166E-16
 0.3866222328518141E-05  0.1114038394032848E-15
 0.1072037475964661E-05 -0.3682895074727057E-16
 0.2843533399962804E-06  0.4965442952134172E-17
 0.6825312024217443E-07 -0.1726620547742864E-16
 0.1844371598940053E-07 -0.7277273628630523E-16
 0.1813183695617028E-08  0.6206623099931469E-16
 0.2618376937572312E-08  0.4490286355309986E-17
-0.1657553938277084E-08 -0.6703520532858517E-16
 0.1825231705430835E-08  0.1606120622276706E-15
-0.1779771767400614E-08 -0.1494596595441552E-15
 0.1783389249696447E-08 -0.6394195035570437E-16
-0.1787503288917984E-08  0.1408174092996159E-15
 0.1800957264728868E-08  0.6294374392406207E-17
-0.1821821151894505E-08 -0.8372531739545002E-16
 0.1855083015553032E-08  0.5987165556296698E-16
-0.1868178584343435E-08 -0.2895222143750663E-17
 0.2105618721778186E-08 -0.5798649804000480E-17
-0.6392876090871761E-09  0.3265892578148276E-16
