-8.5412052170535846e-01
-9.0743708493376041e-01
-9.5144750520628341e-01
-9.8783111555718639e-01
-1.0179128934161403e+00
-1.0427501254739346e+00
-1.0631952490253518e+00
-1.0799420506022774e+00
-1.0935600323382526e+00
-1.1045202620436549e+00
-1.1132150359945057e+00
-1.1199730084461046e+00
-1.1250709700750636e+00
-1.1287431239964507e+00
-1.1311884711513096e+00
-1.1325767486302720e+00
-1.1330532452379085e+00
-1.1327427342385812e+00
-1.1317527035489396e+00
-1.1301760212562126e+00
-1.1280931438942399e+00
-1.1255739526003148e+00
-1.1226792854746441e+00
-1.1194622214135550e+00
-1.1159691602536308e+00
-1.1122407684950311e+00
-1.1083126239314400e+00
-1.1042160686401767e+00
-1.0999786474557092e+00
-1.0956246237852179e+00
-1.0911753965000286e+00
-1.0866498590560514e+00
-1.0820647092033466e+00
-1.0774347163137910e+00
-1.0727729523207750e+00
-1.0680909914306287e+00
-1.0633990830749975e+00
-1.0587063019802314e+00
-1.0540206787086963e+00
-1.0493493135623218e+00
-1.0446984763236646e+00
-1.0400736939405195e+00
-1.0354798279331119e+00
-1.0309211430194980e+00
-1.0264013682083055e+00
-1.0219237513985533e+00
-1.0174911083496474e+00
-1.0131058667356341e+00
-1.0087701058756207e+00
-1.0044855926303282e+00
-1.0002538138726949e+00
-9.9607600587350875e-01
-9.9195318089003026e-01
-9.8788615120422085e-01
-9.8387555082453093e-01
-9.7992185504205287e-01
-9.7602539801334831e-01
-9.7218638853012951e-01
-9.6840492412647916e-01
-9.6468100366737763e-01
-9.6101453855685326e-01
-9.5740536269789067e-01
-9.5385324133096128e-01
-9.5035787887100409e-01
-9.4691892585487025e-01
-9.4353598510313563e-01
-9.4020861719069770e-01
-9.3693634531134140e-01
-9.3371865961203060e-01
-9.3055502106365739e-01
-9.2744486492647971e-01
-9.2438760386121221e-01
-9.2138263072942905e-01
-9.1842932112179432e-01
-9.1552703564682514e-01
-9.1267512200934742e-01
-9.0987291690358685e-01
-9.0711974774275839e-01
-9.0441493424463881e-01
-9.0175778988952515e-01
-8.9914762326527131e-01
-8.9658373931183244e-01
-8.9406544047593561e-01
-8.9159202778490543e-01
-8.8916280184706431e-01
-8.8677706378468824e-01
-8.8443411610452360e-01
-8.8213326350961818e-01
-8.7987381365542849e-01
-8.7765507785255503e-01
-8.7547637171778336e-01
-8.7333701577485512e-01
