 0.9938794616583847E+00 -0.4851253811020727E-12
 0.0000000000000000E+00  0.0000000000000000E+00
 0.1863901220150563E-15 -0.4774386136982515E-25
-0.1863901220150578E-15  0.4774386136982471E-25
 0.0000000000000000E+00  0.0000000000000000E+00
-0.1104699693834451E+00 -0.4364590240917774E-11
 0.4632607664028408E-15  0.1418116401537166E-01 -0.4573359619140400E-24  0.1003105312353955E-08
-0.4438050284744331E-15 -0.1217666082576009E-15  0.6831181021649502E-26  0.5671196578964422E-23
 0.1297828179862200E-15  0.5283961305228315E-16 -0.2228165285173183E-25 -0.7591079493755387E-23
-0.4137657957218364E-02  0.4381362943961609E-15  0.1292818635550826E-11 -0.1767964426437604E-23
-0.6300726591514130E-16 -0.9045068326463301E-02  0.6330400519244708E-24 -0.1409356263224232E-08
-0.8635179588005033E-16 -0.1608571799400967E-15 -0.3154493383532123E-26 -0.1856947451685669E-24
-0.1039480659813742E-15  0.4765426163973436E-16  0.2268995191877998E-25  0.1385921004505533E-23
-0.4253196903085095E-15  0.1333976198980811E-16  0.8311312691857375E-26  0.1040796905287355E-23
-0.3461415120150642E-15  0.6836487275511491E-16  0.1569477781400183E-25  0.5258975226293474E-24
 0.6435102753798283E-02 -0.2280786446564978E-17  0.5200706540455720E-11 -0.1015956853037171E-22
 0.7085149680902042E-16  0.1710383687060518E-15 -0.3611208762335413E-25  0.1318753370255305E-22
 0.1928002542650456E-15  0.1098555830779786E-15  0.9785326332057712E-26  0.9253739452678183E-24
 0.3214726810589719E-01 -0.1931880422062427E-15 -0.7426300464005860E-11  0.1582639909634861E-22
 0.1047195575343483E-15 -0.2440803629735952E-15 -0.1573186631985653E-25 -0.4020402263684598E-23
-0.6036611975916026E-16  0.5281066292642327E-16 -0.3929676403970229E-26 -0.1752665154608735E-23
-0.5207221595101677E-15  0.4658239159288250E-01 -0.3243209184469317E-24  0.8454890504300137E-09
 0.5525487914110853E-02 -0.1016481069761540E-15 -0.6322760746045704E-11  0.1989190981483874E-22
-0.5655713090139755E-16  0.5858950175997295E-16  0.1393821060093763E-25 -0.1139857150463728E-22
-0.3679194499669678E-15 -0.1735615553395673E-15  0.9850009306720366E-25 -0.5788715828164719E-23
-0.1291675107672968E-15 -0.2093581538707025E-01 -0.2379953639673783E-24  0.7726161981803223E-09
-0.4073828030104377E-16  0.1770574044372433E-16  0.1658977763942452E-25  0.8657586574030477E-23
 0.1144692913687087E-15 -0.2166379706707588E-15 -0.1187875761429931E-25 -0.7541365686489615E-24
-0.1343436100357589E-15 -0.2819984738744458E-15  0.1565716599390612E-26 -0.1110331832699187E-24
-0.1350563949810736E-15  0.2136938993416124E-15 -0.1541826634896992E-25  0.1921197939699310E-23
 0.2687226940256282E-15  0.5156220633590266E-01  0.1816525988764985E-24 -0.4062057229039125E-09
 0.4895653153864220E-01  0.9082280814337130E-15 -0.8969799947964711E-11  0.7010746664659093E-23
 0.1140388393859133E-14  0.9837980314977603E-16 -0.6805601829715442E-25  0.3832616134477904E-24
-0.2409922974303247E-15 -0.1512190546640270E-16  0.7283077202852641E-26 -0.1057625010790612E-23
 0.3546923352407598E-16 -0.3028684234292627E-15  0.1147150001542637E-26  0.2263286987981609E-24
 0.3885175808500643E-15 -0.8727464710750744E-17 -0.1037128176391385E-25  0.3409079475241288E-24
-0.2512173732099943E-01  0.5766965731614859E-15 -0.3761732658927168E-11  0.2976581928317182E-23
-0.9447741887940179E-16 -0.1232011015252519E-15  0.6226551562158556E-26 -0.1113095798558771E-24
-0.2746859574931982E-15 -0.1396562608335474E-16 -0.7761219724429867E-26 -0.9826964083395637E-25
-0.8477508437948578E-17 -0.4017955916907477E-17  0.1800078084361517E-25 -0.2972293498033385E-24
 0.1327836814201900E-15 -0.1252635437567364E-15 -0.5517332001255779E-26 -0.2300874362419855E-23
-0.4165095911766568E-15  0.5630225689374728E-01  0.9775985760554272E-25 -0.4609030910628286E-09
 0.1267217884871880E-15  0.1817418062286556E-16 -0.1728691018565544E-25 -0.2115093936231783E-24
 0.1015557645032765E-15 -0.3863994778669834E-16 -0.1925077514766774E-25  0.3045113802301250E-24
-0.2602871946734833E-01 -0.1761600271194491E-15  0.5310093865080267E-11 -0.5234792072774774E-23
 0.1490937850898410E-15 -0.9177603438310318E-16 -0.5668149284284984E-26  0.1675932289336172E-24
-0.3065215985380852E-16 -0.3096974948572315E-15  0.4633794620022706E-26 -0.4023479066403800E-24
 0.6152997307118502E-16 -0.1307915487001663E-16 -0.1607490729052469E-25  0.6722969246901064E-24
-0.8477000283078108E-16  0.6721880035061048E-16  0.6948595058282326E-26 -0.3694876738519590E-24
 0.1281557090925416E-14  0.1760176052219241E+00  0.7073974485057367E-25  0.5636786985944124E-10
-0.4524966052051738E-01  0.1319244829441079E-14 -0.5048017021789186E-11  0.1228696938439108E-23
-0.5264954474757490E-16  0.9538762277017011E-16 -0.7483061436548606E-26 -0.1549038750793840E-23
 0.4073983236455603E-15  0.1900221342301638E-15  0.5933380230485110E-26 -0.2373580151912307E-24
 0.2221209675211542E-15  0.7096963290587785E-01 -0.1271669631400290E-24  0.1054300583724197E-09
 0.6801421569851634E-16 -0.1223852139024588E-17  0.6154402141183738E-26  0.9109850625805438E-24
-0.1166772395935213E-16  0.2165801165516318E-15  0.9697138898396206E-27  0.8470924592705084E-24
 0.1425030431679879E-15  0.1241208691448939E-15 -0.5596863899003511E-26  0.2008255699504209E-24
 0.2228211849735515E-15  0.7595701857346290E-16 -0.6073793931730885E-26 -0.6353686691006768E-24
 0.3768716720361098E-01  0.1727191408388620E-14 -0.2690287967933571E-11  0.1045851862563247E-23
-0.7885738361829921E-16  0.1724835012910620E-16  0.8896760443175326E-27  0.5080548813424331E-24
 0.3232069350424966E-15 -0.4106137957304158E-15  0.6176634740274353E-27 -0.4555010832937765E-24
 0.3093652334685155E-15 -0.4326497449561771E+00  0.3218269530633272E-25 -0.4959760746197400E-10
-0.2025678741002188E+00 -0.8026299955296833E-15  0.5532289248541800E-12  0.1061542615128003E-23
 0.5664777994748128E-16 -0.1196043252313466E-15 -0.1288535676155441E-25 -0.7317028627349412E-25
 0.2623133671317491E-16  0.2168079866000708E-15 -0.2653341812522377E-26  0.9844717685258397E-25
-0.1431779164201237E-15 -0.1236574549426549E-15 -0.3986416702250945E-26 -0.5466392860125937E-25
 0.6044448086149283E-16 -0.1108373120512901E-15 -0.1505133222334389E-26  0.1646996703057427E-24
 0.2790240335671663E+00 -0.3999892820790761E-15  0.5653822214816676E-12 -0.7743131338118649E-24
 0.2055987201032395E-15 -0.8763992015894627E+00 -0.4398693639252526E-25  0.4809473368408647E-10
 0.7196487873899654E-16  0.1681222508098478E-15  0.1567237312243086E-26 -0.1059700636303618E-24
-0.1215933387210415E-15  0.5373768150267450E-15 -0.9659821259979298E-27 -0.1413663927338258E-24
 0.9342462973957982E+00  0.1537123691485048E-16  0.5947896185480565E-12 -0.7540926545650426E-24
-0.5185322978037343E-04 -0.2362089845056046E-16
-0.1978579654371154E-03  0.8814575380672540E-16
-0.6561081335386635E-03 -0.2479849085347988E-15
-0.1963862695854447E-02  0.3313221164557525E-15
-0.5341716918875289E-02 -0.4367492322392320E-15
-0.1326633528453024E-01  0.4611243270614402E-15
-0.3020147973134955E-01 -0.2947619154773031E-15
-0.6324368115773364E-01  0.1179901368755968E-15
-0.1221927926386680E+00 -0.2981527300471382E-16
-0.2184218328104927E+00  0.1714713465963969E-15
-0.3620978931881635E+00 -0.2072854396613527E-15
-0.5579400532099342E+00  0.2257761777721655E-16
-0.8006515821606747E+00 -0.1206385112780444E-15
-0.1071973019969943E+01 -0.6108539575004471E-16
-0.1341345797637013E+01  0.1644021498038976E-15
-0.1571116038976816E+01 -0.8133306980810474E-16
-0.1725304978971097E+01  0.1369276846084508E-15
-0.1779175316443782E+01 -0.7713210222710112E-16
-0.1726012006237252E+01  0.1002906514389135E-15
-0.1578083119790809E+01 -0.7470059127389693E-16
-0.1362043079353976E+01  0.1108490971437870E-15
-0.1111420023722914E+01 -0.1620869854570600E-15
-0.8586183554691148E+00 -0.1414858582136501E-16
-0.6288260548391638E+00  0.2544077615591520E-16
-0.4371353158752070E+00 -0.1245308896009759E-15
-0.2887883829644491E+00  0.1239756856070678E-15
-0.1815206642479885E+00 -0.2033614834859210E-15
-0.1086780559295014E+00  0.1746145991882520E-15
-0.6204394267303728E-01 -0.8245068052682833E-16
-0.3381096623171112E-01  0.1670581751383494E-16
-0.1760614194863386E-01  0.8463015656308174E-17
-0.8769122724720182E-02  0.4282128472552109E-16
-0.4181788933090681E-02 -0.5829174616589959E-17
-0.1911178312454642E-02 -0.7479980874029801E-17
-0.8378917218053108E-03  0.1772144198838826E-15
-0.3527164676465377E-03 -0.3741588529760209E-16
-0.1426991309645949E-03 -0.1116857051574256E-15
-0.5553402946167229E-04 -0.9167614980988785E-16
-0.2080918921608719E-04  0.1449597870547223E-15
-0.7513546016604972E-05 -0.2643013466018893E-15
-0.2617163434842609E-05  0.2570317316186212E-15
-0.8796816394302534E-06  0.4909490768230620E-16
-0.2859828600576590E-06 -0.2698786304982191E-15
-0.8969480013792030E-07  0.1137699204391993E-15
-0.2738033995284808E-07 -0.9717729994975427E-17
-0.7999813848496624E-08  0.1585869066968713E-18
-0.2315866755055155E-08  0.9519308694681156E-16
-0.6419181744729412E-09 -0.9230770240615745E-16
-0.1449737346834151E-09  0.1153188112894297E-15
-0.9103980766433177E-10 -0.6907276168613958E-16
 0.5315799124434124E-10  0.1572038510050339E-15
-0.8481569975111508E-10 -0.3480340258243147E-15
 0.9795842131712133E-10  0.2732377176092849E-15
-0.1149655098926891E-09 -0.1173494348465978E-15
 0.1306379213281095E-09  0.1000232212487853E-15
-0.1464502537075448E-09 -0.1951606200520596E-15
 0.1622973750394612E-09  0.2208344090350962E-15
-0.1784340451999615E-09 -0.1544697302302409E-15
 0.1950343431106415E-09  0.5242281815068311E-16
-0.2122972023659167E-09 -0.6212268449708165E-16
 0.2304296114779017E-09  0.8053880849976853E-16
-0.2496567831651470E-09 -0.9341067997522014E-16
 0.2702275876236809E-09  0.2072392393050913E-15
-0.2924222486287909E-09 -0.3814329864509764E-16
 0.3165617105257753E-09 -0.2449700453952873E-15
-0.3430185755965357E-09  0.6401475996747497E-16
 0.3722317091075499E-09  0.2205257322256839E-15
-0.4047239977638154E-09 -0.1847982809807214E-15
 0.4411254184080931E-09  0.7789292071061734E-16
-0.4822029481275558E-09 -0.8896687947550077E-16
 0.5289026207951504E-09  0.6971455105627422E-16
-0.5824042652295328E-09  0.2208180147335269E-16
 0.6441965445785277E-09 -0.9723237886437876E-16
-0.7161824914761515E-09  0.1681463033845825E-15
 0.8008274668938908E-09 -0.9942438359087965E-16
-0.9013734446972287E-09  0.9024626956779755E-16
 0.1022155775999032E-08 -0.7339064937024239E-16
-0.1169079319095601E-08 -0.3546195243225350E-16
 0.1350354105766552E-08  0.9896077108827884E-17
-0.1577670964189590E-08  0.5971276283181855E-16
 0.1868132286344175E-08 -0.1807639076693671E-15
-0.2247578175166248E-08  0.1079499525632982E-15
 0.2756393206568044E-08  0.1861870743244101E-15
-0.3461596564755415E-08 -0.1941232408460690E-15
 0.4472677383859141E-08  0.6025963168318537E-16
-0.6041378813139093E-08 -0.1151259054418536E-15
 0.8288397093036614E-08  0.6751634358535168E-16
-0.1457398182060086E-07 -0.1119764633114857E-15
 0.8333059827035776E-08  0.5703953417283767E-15
-0.1515420742887040E-06 -0.7856264662235198E-15
-0.7770481466082576E-06  0.4924241587241099E-15
-0.7938538597767699E-05 -0.1765494839228393E-15
