-7.1735947287493227e+00
-7.4345462674486722e+00
-7.6135343484501981e+00
-7.7375942873500678e+00
-7.8235214103293975e+00
-7.8826129033307915e+00
-7.9227329318830142e+00
-7.9493993813300650e+00
-7.9664906137307110e+00
-7.9767420171841330e+00
-7.9820924352290490e+00
-7.9839240480481326e+00
-7.9832291644180131e+00
-7.9807259802166008e+00
-7.9769387002363130e+00
-7.9722530375692724e+00
-7.9669547940419552e+00
-7.9612568801416561e+00
-7.9553183981023565e+00
-7.9492581927655532e+00
-7.9431647944619304e+00
-7.9371036554678955e+00
-7.9311225517289099e+00
-7.9252557557112224e+00
-7.9195271482617873e+00
-7.9139526983061685e+00
-7.9085424388804428e+00
-7.9033019801967228e+00
-7.8982337180450202e+00
-7.8933377606221864e+00
-7.8886126341665914e+00
-7.8840557766292889e+00
-7.8796639569401243e+00
-7.8754334951116309e+00
-7.8713604488413926e+00
-7.8674407575339265e+00
-7.8636702822574502e+00
-7.8600448934251723e+00
