-0.5175145096396694E+00   0.2647540821077630E+01
 0.1768215471093025E-14  -0.9220244612377444E-15
 0.5407814014830035E+00   0.3135202507006273E+01
-0.3820681033598282E-15  -0.9977835098306633E-15
 0.9561307908606542E-17   0.4163336342344337E-16
 0.5407814014829886E+00   0.3135202507006221E+01
 0.2643087556912793E+00  -0.5123989267547338E+00
-0.2562469087084553E-15  -0.5522389900262997E-15
-0.7179209302292113E-15  -0.3660223815353182E-16
 0.2243254164814648E-02   0.1254894210159273E+01
 0.1516347856982299E+00   0.1845467615934322E+01
 0.8896004794807453E-15  -0.3850638459971996E-14
 0.1391679360936702E-14   0.5690651359746547E-14
 0.7216946021627757E-02  -0.7530201518733821E+00
 0.2488878536848449E+01   0.1454999269597059E+02
 0.1218767823541094E-14   0.4876135046376793E-15
 0.7516533322110529E+00   0.1674172533066419E+00
 0.4247069448357721E-02   0.9459582911115584E-03
-0.1128345636388982E-14   0.1009699730680288E-14
-0.2293009632888476E-15   0.5129673763709717E-15
 0.6785478314029423E+00   0.2455260840363083E+01
-0.3334758062198017E-15  -0.2219512328981019E-15
-0.4247069448357340E-02  -0.9459582911117894E-03
 0.7516533322110455E+00   0.1674172533066365E+00
-0.2094911879307562E-15  -0.1976930429011521E-14
-0.1326685708699929E-14  -0.1606164865700229E-14
 0.7630072788866737E-16  -0.1665334536937735E-15
 0.6785478314029431E+00   0.2455260840363082E+01
-0.1565826731281283E+00  -0.6040252318635679E+00
-0.1599914499742934E-14  -0.6312479307813072E-15
 0.1583687170108440E-14   0.5409102746172097E-15
-0.4209343956015608E+00  -0.2224285982951588E+00
 0.3476874982647369E+00   0.4855139785905981E+00
-0.3601333830855826E-15  -0.1083890700576745E-15
 0.2675084630022394E-14   0.1186135158738737E-14
-0.6844047645794356E+00   0.1249982537740920E+01
-0.2011077479594809E+00  -0.8670194055400977E-01
 0.1162861368548045E-14  -0.1709138627108755E-14
-0.2091811803324545E-15   0.2148175130688944E-14
 0.1040478803651598E+00  -0.2468318608413334E+00
 0.9275344204386315E+00   0.3532588198482708E+01
-0.6446524487416167E-15   0.4220231719228561E-15
-0.2047005832215847E-14  -0.1692022871988183E-14
 0.3535468969081218E+00   0.1151102717724747E+01
-0.5821231584078164E-01   0.4009932304745154E+01
-0.2792267401875877E-15  -0.4477571907737551E-15
 0.4615601472419202E-01   0.6489000993042361E-01
 0.9678681146709781E-04   0.1360710450150358E-03
-0.4905406595600186E-15   0.8918823769642433E-15
 0.2281633730257811E-14  -0.1556006898631356E-14
-0.5221049907049438E+00   0.2924196645387521E-01
 0.1855202104440891E-02  -0.1039058401453336E-03
 0.6414323871234543E-15   0.6694821826592868E-15
 0.1447206146363487E-14   0.4195344993022031E-15
 0.1119007825918161E+00   0.1977762890031471E+01
 0.5528062804921955E-16   0.9799927490198128E-15
 0.9678681146665149E-04   0.1360710450157184E-03
-0.4615601472419290E-01  -0.6489000993042278E-01
-0.6411559259265498E-15  -0.1182773570401293E-14
-0.2351730057012923E-15   0.6596405977004986E-15
 0.1855202104440483E-02  -0.1039058401456146E-03
 0.5221049907049430E+00  -0.2924196645387560E-01
 0.1538197377615032E-14   0.1457788867523814E-14
-0.7209994811415723E-15  -0.9717004316440507E-15
 0.6777618830750010E-16  -0.4842995579221188E-16
 0.1119007825918140E+00   0.1977762890031462E+01
-0.2136342073437274E+00   0.1232004512741414E+00
-0.2029223908917926E-15  -0.2220005350558286E-14
-0.1037539825924416E-14   0.7168169100138032E-15
-0.3162563017980797E+00  -0.4760502939709960E+00
-0.2864801399274226E+00   0.1039877895864292E+01
 0.3692482113324380E-15   0.3873338700991346E-15
-0.1686189039343117E-14  -0.1365266784614296E-14
 0.5755851901049623E+00   0.3746694565803954E+00
 0.3677768050276838E-01   0.3055077307214288E+00
 0.1350464484319312E-15  -0.4256576123355565E-15
 0.6610066958466777E-15   0.1285855277861305E-15
-0.8082534768534141E-01   0.1296348415807231E+01
 0.4793754996169394E-01   0.1242771011711196E+00
 0.8255329470269489E-15  -0.3891289770541848E-16
 0.4064657455635163E-17   0.9222680687532908E-15
 0.1008500968486264E+00   0.2957304041442683E-01
-0.3851574702764368E-01   0.1153170865369068E+01
-0.1786086013878150E-15   0.4062216512187409E-16
-0.1598653247339291E-15  -0.3567282080662479E-15
-0.9094719272505632E-01   0.9742401996499737E-01
-0.1867137286852334E+00   0.4782798067133547E+00
 0.9953131930268520E-15  -0.2299829743994291E-15
-0.1469885520291461E-14  -0.9036364981361912E-16
-0.7092641557560705E+00  -0.3131572844790779E+00
-0.2536522250266705E+00   0.1236991923199714E+01
 0.1616938879390976E-15   0.1387460364391646E-15
 0.8285771839413250E-01   0.2393826711387366E-01
-0.7289592340545549E-04  -0.2106022371614559E-04
-0.2688191174503540E-15  -0.4021715994534017E-15
-0.1033254633809890E-14  -0.3900797862042483E-15
 0.2447413081440940E-02   0.7998947495037184E-02
-0.1598187230224477E-04  -0.5223399285890799E-04
-0.2870217762962632E-15  -0.2543660298589887E-15
-0.2713014458136747E-15  -0.5707518674099265E-15
 0.3585864695731415E+00  -0.3549029669932155E-01
 0.1067413961867537E-02  -0.1056449180941114E-03
 0.5033646307157831E-15   0.2195555184505586E-15
 0.3148760908931717E-15   0.5088048744767294E-15
 0.2615819889918971E+00   0.1610400923884908E+01
 0.3169028472193339E-15   0.6084594527495716E-15
-0.7289592340516853E-04  -0.2106022371635615E-04
-0.8285771839413229E-01  -0.2393826711387506E-01
 0.4953759865163907E-15  -0.6176900656613915E-16
-0.2301889033520304E-15   0.2412782756911916E-14
-0.1598187230256679E-04  -0.5223399285907261E-04
-0.2447413081440602E-02  -0.7998947495036077E-02
-0.2537802008999721E-15  -0.1355078668038330E-15
-0.8252714498878127E-15   0.7973209035561911E-15
-0.1067413961867530E-02   0.1056449180941422E-03
 0.3585864695731397E+00  -0.3549029669932280E-01
-0.1543077226418311E-14   0.9288046669863151E-15
-0.1003341569057790E-14  -0.1948461469664003E-14
 0.5988946453561531E-17  -0.1782834947380851E-15
 0.2615819889918964E+00   0.1610400923884902E+01
-0.4991491425391349E+00   0.3819323199714773E+00
 0.2207563930950950E-14  -0.1617557318000466E-14
 0.1891268896711892E-14  -0.1031423230359354E-14
 0.3854420792669528E+00   0.9365571350057719E-01
-0.6030786672062242E+00  -0.5991001242219929E+00
 0.5686670037889261E-15   0.3233557553757220E-15
 0.4861495166000484E-15   0.1280796926586659E-14
 0.3969891019622149E+00   0.1148521567044284E+00
 0.4045933140031431E+00  -0.3335350208237650E+00
 0.1162365389629719E-14   0.1052785503939700E-14
-0.2252051747960610E-14  -0.1361327069597180E-14
 0.2732111342106314E+00   0.5159574950566824E+00
-0.4190619617137217E-01  -0.1170535287331275E+00
 0.1259766297522838E-14   0.9508623541065967E-15
-0.1627981741410249E-14  -0.1341655744773840E-14
-0.3858486382702167E+00   0.1831963504032935E+01
-0.2712128512642168E-14   0.2627998374235403E-14
 0.1473840244022947E-03  -0.9880893751281443E-04
-0.2454738149213686E+00   0.1645701217493194E+00
 0.2123444524753113E-14   0.1409168672644183E-14
-0.4138198535312742E-14  -0.3982952207099154E-14
-0.9133808082701133E-04  -0.9151685408703143E-03
-0.1808717824569651E-01  -0.1812257973193520E+00
 0.2839062586878251E-14   0.7039392590004329E-15
 0.2842317290793537E-14  -0.2210353523356946E-14
-0.4465956024148479E-03  -0.2710308628973901E-03
 0.2984185800607793E+00   0.1811048850936304E+00
 0.5125504562864052E-15   0.3898874541300065E-14
-0.3785496286344137E-15  -0.4556484568685712E-15
 0.2253201096844862E-03   0.1450530644730164E-03
 0.1522248699141301E+00   0.9799695154141122E-01
 0.7015950010441256E-14   0.7412516877521818E-14
-0.1314961148542200E+01   0.7457966600040813E+00
-0.3159538319615057E-14   0.2765686860291612E-14
-0.2454738149213692E+00   0.1645701217493197E+00
-0.1473840244006254E-03   0.9880893751243390E-04
 0.2445117796440827E-14  -0.1711833752008460E-16
-0.4904328799432755E-14  -0.3185992504748629E-14
-0.1808717824569652E-01  -0.1812257973193513E+00
 0.9133808082754751E-04   0.9151685408704885E-03
 0.2381369170415310E-14   0.2599369986379697E-15
 0.2169586390548762E-14  -0.2594676345221262E-14
-0.2984185800607786E+00  -0.1811048850936308E+00
-0.4465956024141087E-03  -0.2710308628976244E-03
 0.8600675170474156E-15   0.3092273079669302E-14
-0.3649975585832310E-17  -0.4742357220559389E-15
-0.1522248699141296E+00  -0.9799695154141039E-01
 0.2253201096849011E-03   0.1450530644732720E-03
 0.5201820028620795E-14   0.6575686356806576E-14
-0.8684120588429989E-16   0.8983631438579109E-16
-0.1314961148542192E+01   0.7457966600040767E+00
-0.4460442917656327E+00   0.3559409475563420E+00
 0.3620405888816620E-15  -0.1094898235304504E-14
-0.8254507970546043E-17  -0.1874799727471302E-15
 0.3636203588743721E-01  -0.3087175783937461E+00
-0.2221707526094671E+00  -0.4829307918639361E+00
 0.1016154544102705E-14   0.1373564291628250E-15
-0.6158102729786459E-16  -0.2980461309984420E-15
 0.2508861483760916E+00  -0.9592105769734792E-01
-0.5996638495946436E-03  -0.4123182262554558E+00
-0.1128398970832150E-14   0.1050728245833034E-16
-0.2937691318552716E-15  -0.2610212951698844E-15
-0.6222018592087257E-01  -0.1404882295723586E+00
 0.3553243598083842E+00   0.1969366150940033E+00
 0.2331087071276785E-16  -0.3055278613004304E-15
 0.9582865891289014E-15   0.8356593040301151E-15
-0.6586020251030877E+00   0.3245631661774774E+00
-0.4625244558521829E-14   0.2576943909376870E-14
-0.4005563025716429E-14   0.2350000148652235E-14
-0.1439482734909191E+01   0.8754416811234597E+00
-0.4257463433610257E-16  -0.7267107342844070E-15
-0.1432511112467000E-14   0.8570703706069480E-15
 0.2340224979375038E-15  -0.4553738629169286E-16
-0.5298991193665509E-15   0.8132011831714519E-15
 0.1582266889098909E-14  -0.1523066961276805E-14
-0.2757390711927317E-15   0.2631184010000617E-15
 0.2956439110355840E-15   0.2898911798439339E-16
-0.1864691094721394E-15   0.9492330363339509E-15
 0.6606828406888882E-15   0.4324172841633490E-15
 0.6857842796885966E-15  -0.2596157086349188E-15
 0.7256327749093241E-15  -0.3545030482392705E-15
-0.5069145038782765E-15   0.2317128016467278E-15
-0.3931392592326157E-15   0.2037887987001778E-15
 0.7552402495020420E-16  -0.7961773139206129E-16
-0.3481472265109438E-15   0.8127584543341869E-16
 0.2736459796654919E-16   0.1107681370962965E-16
-0.2946596040425044E-15   0.1722850435723328E-15
 0.8585660841343762E-16  -0.8825292628149322E-16
-0.2372088226859385E-15  -0.1671378440069579E-15
-0.1181789163456948E+01   0.8313274496398088E+00
-0.1450173264334790E-15  -0.1280118614333694E-15
-0.1290494107848643E-14   0.7016402841391037E-15
-0.6672391142115509E-15   0.5818557686262717E-15
 0.2699324816601242E-16  -0.1698955231474094E-15
 0.1393522682835049E-14  -0.2620472236890166E-15
-0.4224852469921006E-15   0.2141794757157187E-15
 0.4105034702597807E-15  -0.6433880021198389E-15
 0.4620641924761446E-15   0.1572742988245824E-15
 0.5098444618415138E-15   0.6918151583507200E-16
-0.1286083761161595E-15   0.1207750857144612E-15
-0.9849654948600046E-16   0.6536624990173455E-15
-0.9400849120055501E-16  -0.2775099758984855E-15
 0.4441749874733241E-15   0.6108576651827073E-16
 0.5291908304940654E-15   0.9342265856715668E-16
-0.2923153828261642E-15  -0.9415192050778006E-16
-0.4802190268618216E-15  -0.2083380615465200E-15
-0.9457222822447564E-17  -0.8811349175034974E-16
 0.1333326631404362E-15  -0.1545935964742024E-15
 0.5833713565794358E-15  -0.6608774335927338E-15
-0.3330669073875470E-15   0.3191891195797325E-15
-0.1181789163456952E+01   0.8313274496398113E+00
 0.1651831797528356E+00  -0.1228467317369047E+01
-0.7022692242252396E-15   0.2816568640716878E-14
-0.5042904457332435E-16   0.1341226128812409E-15
-0.1445418048110553E+00   0.3904417494453361E+00
 0.3747348008128894E+01  -0.1150994541489513E+01
 0.1085700692564205E-14  -0.2300670502968440E-15
-0.4851413531779598E-15  -0.1612439366183361E-14
 0.7520211409666391E+00   0.9673126714725072E+00
 0.1242238222376918E+01   0.1027794078753657E+01
-0.4039513423899543E-14   0.3108426529025094E-14
 0.6724198766509662E-15  -0.1085908364207755E-14
 0.1526149755885658E+00  -0.4980260844704903E+00
 0.3362457448806894E+00  -0.1003432682203396E+00
 0.1870677327859911E-14  -0.1050410584849845E-14
 0.9550404546414248E-15  -0.3821170555294802E-15
-0.8019205806391423E-01  -0.8377692074044906E+00
-0.2518319670687779E-15  -0.5860637235434155E-14
 0.6601680509599363E-15  -0.6629793939412528E-14
-0.1697840205797100E+00  -0.6028222075459422E+00
-0.2967679704785559E-14   0.2357354024593050E-14
-0.1980167178417650E-14   0.1279548806157893E-14
-0.6141706781706106E+01   0.5159903416641844E+01
 0.3194193738226335E-15  -0.1728252700510133E-14
 0.1316825298767416E-03  -0.1146272220998238E-03
 0.2398243763850435E+00  -0.2087627119751868E+00
 0.3794230241341429E-16  -0.9627083914027899E-16
 0.4849881662595813E-14  -0.8460985867076219E-15
-0.8168676525873096E-03   0.1541359262179025E-02
-0.1317655619125468E+00   0.2486303241985157E+00
 0.1029095022790388E-14   0.1069941958006495E-14
 0.1828216153821603E-14   0.9691977814639585E-15
-0.2549959986640508E-04   0.6125140602871985E-03
 0.9636923694599306E-02  -0.2314840739375625E+00
 0.3112327950920205E-15  -0.5884517666616802E-15
 0.3528788969912416E-15  -0.7165997435288515E-15
 0.2350110321198623E-04   0.1822499552453286E-04
 0.7106620145477587E-01   0.5511150654582487E-01
-0.9120239035297793E-15  -0.7600743773184727E-15
 0.4764116980531199E-01   0.1652475082553701E-02
 0.5476284253191223E-04   0.1899496446137531E-05
-0.1975803184668469E-15  -0.8235417766149214E-15
-0.3125628973340139E-16   0.1687164314030509E-16
 0.3682334961704466E-15  -0.2618824333414241E-15
-0.6627602112425732E-14   0.5384977868655529E-14
-0.1253474857098915E+01   0.8799508932992546E+00
-0.2350547940923754E-15   0.1432841319590042E-15
-0.2398243763850429E+00   0.2087627119751868E+00
 0.1316825298763848E-03  -0.1146272220995176E-03
 0.7180949917224038E-15  -0.8418549376912185E-15
 0.2259752387529637E-15  -0.1778232378534064E-15
 0.1317655619125467E+00  -0.2486303241985157E+00
-0.8168676525875165E-03   0.1541359262178876E-02
 0.1763858968993699E-15  -0.2500473460652809E-16
 0.1017392083822123E-15  -0.1352614575357621E-15
 0.9636923694599476E-02  -0.2314840739375629E+00
 0.2549959986642629E-04  -0.6125140602874204E-03
 0.7617836443370587E-17  -0.2364450711514577E-15
 0.2841394971837854E-15   0.1007095618605099E-15
 0.7106620145477648E-01   0.5511150654582508E-01
-0.2350110321129861E-04  -0.1822499552471586E-04
-0.4225266700207983E-17   0.1483361518878555E-15
 0.5476284253200728E-04   0.1899496446054508E-05
-0.4764116980531185E-01  -0.1652475082553743E-02
 0.6624543343232990E-16  -0.1105097614708163E-15
 0.6335075639783122E-16  -0.8044997772147192E-16
 0.2782088381179919E-16   0.3869102677083973E-17
-0.4737304574754253E-15   0.1280515023468828E-15
-0.2590446451874345E-16   0.4200577337010454E-16
-0.1253474857098918E+01   0.8799508932992566E+00
 0.2121292673291450E+00  -0.4817018541982508E+00
-0.8342505155954596E-15   0.6959810798616099E-15
-0.2466254905311576E-15   0.3123960969943865E-15
-0.1316208814073046E+00   0.4453548115223695E-01
 0.1030034733059805E+01  -0.3625491754856013E+00
 0.3874932150850682E-15   0.1225782641643944E-16
-0.8659329640058429E-16  -0.8628274237943271E-15
 0.3530503722456919E+00   0.1255350828121839E+00
 0.5712917237311502E+00  -0.6255942035872104E-01
-0.1465458414080061E-14   0.1182369586680540E-14
 0.2130837683137185E-15   0.2160483757670112E-15
 0.8133571194430646E-01  -0.1785904578249261E+00
 0.1684356734652109E+00  -0.2042588311082409E+00
 0.5929160428367628E-15  -0.1145340262568455E-15
 0.3595453355113032E-15  -0.7550233992085433E-15
 0.6264285135989492E-01  -0.6126272095723277E-01
-0.7412922462551297E-17  -0.1024951607637242E-15
 0.3589409371913274E-15  -0.6437740341907804E-15
-0.8930383299216695E-01  -0.1970240985511444E+00
-0.9550949304285923E-15   0.6186963828754442E-15
-0.6729947048615896E-15   0.2558143542718827E-15
-0.1637774221421774E+01   0.1021429646658808E+01
-0.2111388287578121E-14   0.9595848867677823E-15
-0.1489510427080964E-15  -0.6181389353734022E-16
-0.1812510725779872E+01   0.1044499538803906E+01
-0.1020421338393051E-15  -0.6434428906458049E-17
 0.1602223938516309E+00  -0.8694849284050707E-01
-0.1772417250361745E-03   0.9618443770459629E-04
-0.1663513261300163E-15   0.1088531197232381E-15
 0.4443968411242459E-15  -0.1023248744090213E-15
 0.6723348213392454E-02   0.5705167283494163E-01
-0.4542676543225289E-04  -0.3854735582820635E-03
-0.6143929858047880E-17   0.2039851839816559E-16
-0.3013842815445465E-15   0.1197911683689303E-15
 0.1633136642024194E+00   0.2821299129187521E-01
 0.5231230072672709E-03   0.9037127983564084E-04
 0.3458939669398535E-15   0.4875305758450861E-16
-0.3687100951339110E-15  -0.7896896719254244E-16
-0.4030213199983666E-01  -0.8065995440725883E-01
-0.9126445135226832E-05  -0.1826550140099541E-04
-0.3314593311978989E-14   0.2083812142349332E-14
-0.9705668945233696E-03   0.6013937637212266E-03
 0.5687035564024634E+00  -0.3523866043200332E+00
-0.1622347994955791E-15   0.9623147138761243E-16
-0.2246193571033749E-15   0.7771725024604218E-16
-0.5664442236871809E-16  -0.2183300386225611E-16
-0.1576591329720077E-16  -0.1017526711062661E-15
 0.7680127608076166E-04  -0.7253358599954452E-04
 0.1378482033685265E+00  -0.1301882601976648E+00
-0.3467379038736132E-16   0.2624250460722594E-16
-0.1745155288543994E+01   0.4029542470383719E+00
-0.1945481089341701E-15  -0.3366508310222200E-15
 0.1772417250344261E-03  -0.9618443770405442E-04
 0.1602223938516313E+00  -0.8694849284050708E-01
 0.6944623858576191E-15  -0.2471184476714658E-15
 0.1431405027147079E-14  -0.8124318611577827E-15
 0.4542676543230797E-04   0.3854735582822529E-03
 0.6723348213393369E-02   0.5705167283494140E-01
 0.1104049059490549E-15   0.3966201523954112E-15
 0.7103319530487089E-15  -0.3195210705157874E-16
 0.5231230072681771E-03   0.9037127983546546E-04
-0.1633136642024192E+00  -0.2821299129187493E-01
 0.1124677976866696E-14  -0.7390696528764993E-15
 0.5243104247864660E-15  -0.6351451441227846E-15
-0.9126445135084043E-05  -0.1826550140108151E-04
 0.4030213199983644E-01   0.8065995440725876E-01
-0.4614014058357699E-14   0.2598814899930028E-14
 0.5687035564024659E+00  -0.3523866043200342E+00
 0.9705668945237145E-03  -0.6013937637212937E-03
-0.2054215459457550E-15  -0.2341384194373875E-17
 0.1654293433597136E-15  -0.5142960950250616E-16
 0.4915342386679021E-15  -0.3104215456672349E-15
-0.6802239377054282E-15   0.1683374053842065E-14
-0.1378482033685261E+00   0.1301882601976645E+00
 0.7680127608074187E-04  -0.7253358599953913E-04
 0.9037602098774525E-15   0.2858489986120680E-15
 0.2661355197337636E-16  -0.2364274859972687E-19
-0.1745155288543992E+01   0.4029542470383713E+00
 0.5794116320915149E-01   0.1463475459977714E+00
 0.1389811057786483E-14  -0.6896197453531287E-15
-0.3741129588520170E-15   0.1129478748301970E-15
 0.8342550159145729E-02  -0.8976017004122414E-01
-0.4462968563586723E+00   0.3744667555799272E+00
-0.5415865400458718E-15   0.7885375178030482E-16
-0.6764778341917203E-15   0.4851841619871516E-15
 0.2163296195893209E+00  -0.1830129421387597E+00
-0.2360816167822463E+00  -0.3961743700070516E-01
 0.1291626934213956E-14  -0.4805411727179655E-15
-0.2480684357517744E-15   0.1131372653294010E-15
-0.2564271797313384E+00   0.2101671847401830E+00
-0.2263594394266579E+00   0.1834563321162540E+00
 0.2198071395751467E-15   0.2450926973646485E-15
-0.5124665823228664E-15   0.5679380584858519E-15
 0.1272169001521012E+00   0.7501867715907973E-01
 0.2073957360934700E-14  -0.4687733190627960E-16
 0.1655532668982627E-15   0.7026885149593653E-15
 0.2592438906264974E+00  -0.3242497193793425E-01
-0.1468750753256775E-15  -0.3670321345475053E-15
-0.2722451309867021E-17  -0.2670165384416891E-15
-0.5543612427922651E-02  -0.7305126223113082E+00
-0.5355057033197467E-15  -0.5549721981402571E-15
 0.3249085662000925E-16  -0.2490102810204120E-16
-0.9460703086857766E-01  -0.1426031811697162E+00
 0.3096275273154276E-17   0.1213066934694306E-16
 0.1153329808303403E-15  -0.5008103110351341E-16
-0.1637835030900703E+01   0.3558168582159574E+00
-0.2223803206754750E+00   0.1862268300915144E+00
 0.1198983167565671E-14  -0.3018645593545252E-15
-0.1582757445857928E-15  -0.7127888263742960E-16
 0.1404199736993380E+00  -0.4702901184541552E-01
 0.1613832418337394E-01  -0.5005500469304827E-01
 0.9905415145558786E-16  -0.1100969529706304E-16
-0.1062496660924997E-15   0.3163103366980654E-15
 0.3263889984339867E+00  -0.1817432467989991E+00
 0.5355008162355231E-03  -0.6565518811225679E-01
-0.5340325790473521E-16  -0.1890060809549360E-15
-0.9424758022491337E-16   0.1964096861055629E-15
-0.7828741401780744E-01   0.2501579500190885E-01
 0.7392883586384350E-01  -0.7668678140781222E-01
 0.7915993051110712E-15   0.1043874706440954E-15
 0.1378102409104310E-15  -0.1504363356600602E-15
-0.2948142597391450E+00   0.1544265541815443E+00
-0.1701371215616802E-14   0.1006522382695794E-14
-0.2228048904619450E-14   0.1126369516468551E-14
-0.6995699081057448E+00   0.2312829532612153E+00
-0.2931246160407933E-15  -0.2083652079042682E-15
-0.5410840697571733E-15  -0.4667125767965894E-16
-0.6934652060686348E+00  -0.3706659188149556E+00
-0.8631418630215830E-15  -0.6692066101942892E-15
-0.4717814099722324E-15   0.3697074507157066E-16
-0.2315040780188131E+00  -0.1831867922277102E+00
 0.2589581636266141E-15  -0.5842638832795454E-16
 0.7991675302268828E-16  -0.2423976172014295E-16
-0.9925637818632786E-01  -0.2804799993903545E-01
-0.2158086531964414E+01   0.2691976839652039E+00
-0.1868648164118354E+00   0.2647540821077630E+01
 0.1061178144794300E-14  -0.9220244612377444E-15
 0.6626470612745008E+00   0.3135202507006273E+01
-0.1416511500195368E-15  -0.9977835098306633E-15
 0.3524334686935693E-16   0.4163336342344337E-16
 0.6626470612744865E+00   0.3135202507006221E+01
 0.1000779544922343E+00  -0.5123989267547338E+00
-0.3397673844596502E-15  -0.5522389900262997E-15
-0.5849674185785607E-15  -0.3660223815353182E-16
 0.4681601321776654E-01   0.1254894210159273E+01
 0.2458942192401092E+00   0.1845467615934322E+01
 0.4108530235784868E-15  -0.3850638459971996E-14
 0.1703843488718763E-14   0.5690651359746547E-14
-0.9651175428794319E-01  -0.7530201518733821E+00
 0.3677433083660191E+01   0.1454999269597059E+02
 0.8590963132043333E-15   0.4876135046376793E-15
 0.5890266307339489E+00   0.1674172533066419E+00
 0.3328179228981089E-02   0.9459582911115584E-03
-0.7438086715770932E-15   0.1009699730680288E-14
-0.1031165495323163E-15   0.5129673763709717E-15
 0.6864385424234686E+00   0.2455260840363083E+01
-0.3694849702567808E-15  -0.2219512328981019E-15
-0.3328179228980713E-02  -0.9459582911117894E-03
 0.5890266307339423E+00   0.1674172533066365E+00
-0.3280413253862021E-15  -0.1976930429011521E-14
-0.1169954360160450E-14  -0.1606164865700229E-14
 0.5160802341031001E-16  -0.1665334536937735E-15
 0.6864385424234691E+00   0.2455260840363082E+01
-0.1548793947700279E+00  -0.6040252318635679E+00
-0.1497114416738947E-14  -0.6312479307813072E-15
 0.1396620091323129E-14   0.5409102746172097E-15
-0.3869059913392729E+00  -0.2224285982951588E+00
 0.3302944025098550E+00   0.4855139785905981E+00
-0.2287877327093777E-15  -0.1083890700576745E-15
 0.2800121452053933E-14   0.1186135158738737E-14
-0.7020066470505411E+00   0.1249982537740920E+01
-0.3209672231797453E-01  -0.8670194055400977E-01
 0.5221678983925539E-15  -0.1709138627108755E-14
 0.5808079453771456E-16   0.2148175130688944E-14
 0.2523664085075844E-01  -0.2468318608413334E+00
 0.1275098291199754E+01   0.3532588198482708E+01
-0.5664676797208503E-15   0.4220231719228561E-15
-0.2075341293281042E-14  -0.1692022871988183E-14
 0.3694202861732445E+00   0.1151102717724747E+01
-0.1110345298664819E+00   0.4009932304745154E+01
 0.1318877570586718E-16  -0.4477571907737551E-15
-0.9029200108107042E-01   0.6489000993042361E-01
-0.1893377263578916E-03   0.1360710450150358E-03
-0.3191953558298585E-15   0.8918823769642433E-15
 0.1387411902449189E-14  -0.1556006898631356E-14
-0.4495953937489245E+00   0.2924196645387521E-01
 0.1597552859059498E-02  -0.1039058401453336E-03
 0.2984076506989445E-15   0.6694821826592868E-15
 0.8932729158238452E-15   0.4195344993022031E-15
 0.4806217967207957E-01   0.1977762890031471E+01
-0.9035996280842701E-16   0.9799927490198128E-15
-0.1893377263584111E-03   0.1360710450157184E-03
 0.9029200108106830E-01  -0.6489000993042278E-01
-0.5356300781785492E-15  -0.1182773570401293E-14
-0.4784444607948705E-16   0.6596405977004986E-15
 0.1597552859059180E-02  -0.1039058401456146E-03
 0.4495953937489238E+00  -0.2924196645387560E-01
 0.1426543400608936E-14   0.1457788867523814E-14
-0.5456972367054043E-15  -0.9717004316440507E-15
 0.7861821003235514E-16  -0.4842995579221188E-16
 0.4806217967207776E-01   0.1977762890031462E+01
-0.1911924591707594E+00   0.1232004512741414E+00
-0.1601000808431582E-15  -0.2220005350558286E-14
-0.1009456572137486E-14   0.7168169100138032E-15
-0.3276187849638582E+00  -0.4760502939709960E+00
-0.1635227311335022E+00   0.1039877895864292E+01
 0.4042592037005353E-15   0.3873338700991346E-15
-0.1474260646661938E-14  -0.1365266784614296E-14
 0.5392477435973722E+00   0.3746694565803954E+00
 0.1386439256171223E+00   0.3055077307214288E+00
 0.3247797111798646E-16  -0.4256576123355565E-15
 0.7737069725018097E-15   0.1285855277861305E-15
-0.1325787124822254E+00   0.1296348415807231E+01
 0.7215782603847584E-01   0.1242771011711196E+00
 0.7783334268932190E-15  -0.3891289770541848E-16
 0.1673057568060819E-15   0.9222680687532908E-15
 0.1010054851814277E+00   0.2957304041442683E-01
 0.7121573853641081E-01   0.1153170865369068E+01
-0.1490553923027356E-15   0.4062216512187409E-16
-0.2220904074229181E-15  -0.3567282080662479E-15
-0.1125586071037117E+00   0.9742401996499737E-01
-0.1034405975206201E+00   0.4782798067133547E+00
 0.7983972641139395E-15  -0.2299829743994291E-15
-0.1513858339864040E-14  -0.9036364981361912E-16
-0.7042152932027176E+00  -0.3131572844790779E+00
-0.3216155798460501E+00   0.1236991923199714E+01
-0.3727901576225334E-16   0.1387460364391646E-15
 0.1253603405199579E+00   0.2393826711387366E-01
-0.1102885519625582E-03  -0.2106022371614559E-04
-0.3000303798637362E-15  -0.4021715994534017E-15
-0.7633326257732781E-15  -0.3900797862042483E-15
-0.5404442347378210E-01   0.7998947495037184E-02
 0.3529159344434097E-03  -0.5223399285890799E-04
-0.1207301258149868E-15  -0.2543660298589887E-15
-0.6125978159635422E-16  -0.5707518674099265E-15
 0.3904856809096816E+00  -0.3549029669932155E-01
 0.1162369199843245E-02  -0.1056449180941114E-03
 0.5331305868293233E-15   0.2195555184505586E-15
 0.3481673921429028E-15   0.5088048744767294E-15
 0.1441396192403325E+00   0.1610400923884908E+01
 0.3945497917057122E-15   0.6084594527495716E-15
-0.1102885519624085E-03  -0.2106022371635615E-04
-0.1253603405199571E+00  -0.2393826711387506E-01
 0.4543533815518674E-15  -0.6176900656613915E-16
 0.7093483864670330E-16   0.2412782756911916E-14
 0.3529159344431634E-03  -0.5223399285907261E-04
 0.5404442347378220E-01  -0.7998947495036077E-02
-0.1774725317870018E-15  -0.1355078668038330E-15
-0.6497781968467844E-15   0.7973209035561911E-15
-0.1162369199843220E-02   0.1056449180941422E-03
 0.3904856809096796E+00  -0.3549029669932280E-01
-0.1731310598035765E-14   0.9288046669863151E-15
-0.7562836124640240E-15  -0.1948461469664003E-14
 0.3464025941091187E-16  -0.1782834947380851E-15
 0.1441396192403324E+00   0.1610400923884902E+01
-0.2918652591710847E+00   0.3819323199714773E+00
 0.1258245957478042E-14  -0.1617557318000466E-14
 0.9005981319176260E-15  -0.1031423230359354E-14
 0.3063982066118375E+00   0.9365571350057719E-01
-0.5609559896245541E+00  -0.5991001242219929E+00
 0.7564546077801839E-15   0.3233557553757220E-15
 0.9949720103562110E-15   0.1280796926586659E-14
 0.2781828211846171E+00   0.1148521567044284E+00
 0.5318589505910652E+00  -0.3335350208237650E+00
 0.1352503240479189E-14   0.1052785503939700E-14
-0.2176566699526956E-14  -0.1361327069597180E-14
 0.2052168595609277E+00   0.5159574950566824E+00
-0.1138092745748912E+00  -0.1170535287331275E+00
 0.1046323761222892E-14   0.9508623541065967E-15
-0.1684573486471411E-14  -0.1341655744773840E-14
-0.4979384652973965E+00   0.1831963504032935E+01
-0.1323618703471632E-14   0.2627998374235403E-14
 0.7584652304226186E-04  -0.9880893751281443E-04
-0.1263253289157281E+00   0.1645701217493194E+00
 0.1696904692781014E-14   0.1409168672644183E-14
-0.3847139731845053E-14  -0.3982952207099154E-14
-0.2826781206584243E-03  -0.9151685408703143E-03
-0.5597719492457398E-01  -0.1812257973193520E+00
 0.1927039078663250E-14   0.7039392590004329E-15
 0.3803653475892141E-14  -0.2210353523356946E-14
-0.4430700746599522E-03  -0.2710308628973901E-03
 0.2960627955862252E+00   0.1811048850936304E+00
 0.8144502750695691E-16   0.3898874541300065E-14
-0.8905377972805269E-15  -0.4556484568685712E-15
 0.2039610772079296E-03   0.1450530644730164E-03
 0.1377948399234955E+00   0.9799695154141122E-01
 0.5622412223516520E-14   0.7412516877521818E-14
-0.1249919640662359E+01   0.7457966600040813E+00
-0.1805884367437544E-14   0.2765686860291612E-14
-0.1263253289157291E+00   0.1645701217493197E+00
-0.7584652304066811E-04   0.9880893751243390E-04
 0.1710316980791619E-14  -0.1711833752008460E-16
-0.4305549535590506E-14  -0.3185992504748629E-14
-0.5597719492457397E-01  -0.1812257973193513E+00
 0.2826781206589683E-03   0.9151685408704885E-03
 0.1688963339143591E-14   0.2599369986379697E-15
 0.3122069579132546E-14  -0.2594676345221262E-14
-0.2960627955862244E+00  -0.1811048850936308E+00
-0.4430700746592696E-03  -0.2710308628976244E-03
 0.5154243247282379E-15   0.3092273079669302E-14
-0.4479164257797988E-15  -0.4742357220559389E-15
-0.1377948399234952E+00  -0.9799695154141039E-01
 0.2039610772082676E-03   0.1450530644732720E-03
 0.4141488862626521E-14   0.6575686356806576E-14
-0.8289657344893661E-16   0.8983631438579109E-16
-0.1249919640662352E+01   0.7457966600040767E+00
-0.1886981733194074E+00   0.3559409475563420E+00
-0.2758451035251626E-15  -0.1094898235304504E-14
 0.2019985498264659E-15  -0.1874799727471302E-15
-0.5918162993713069E-01  -0.3087175783937461E+00
-0.1314457371839708E+00  -0.4829307918639361E+00
 0.8935398347816127E-15   0.1373564291628250E-15
-0.9216343492321473E-16  -0.2980461309984420E-15
 0.1710522500705458E+00  -0.9592105769734792E-01
 0.4297663404824939E-02  -0.4123182262554558E+00
-0.7877338455673749E-15   0.1050728245833034E-16
-0.2716736143122737E-15  -0.2610212951698844E-15
-0.2574126082126779E-01  -0.1404882295723586E+00
 0.3109376503311337E+00   0.1969366150940033E+00
-0.1300894904346049E-15  -0.3055278613004304E-15
 0.8176887735640831E-15   0.8356593040301151E-15
-0.4870019868723980E+00   0.3245631661774774E+00
-0.3425559025176614E-14   0.2576943909376870E-14
-0.3059939571088784E-14   0.2350000148652235E-14
-0.1306583792338014E+01   0.8754416811234597E+00
 0.1486488990105543E-15  -0.7267107342844070E-15
-0.1406468748820908E-14   0.8570703706069480E-15
 0.2634165864921841E-15  -0.4553738629169286E-16
-0.5033553909061079E-15   0.8132011831714519E-15
 0.8525364013139912E-15  -0.1523066961276805E-14
-0.2392382794466179E-15   0.2631184010000617E-15
 0.2593201907574562E-15   0.2898911798439339E-16
-0.3275956593935579E-15   0.9492330363339509E-15
 0.1907946710027641E-15   0.4324172841633490E-15
 0.6513841796708058E-15  -0.2596157086349188E-15
 0.6741216965138304E-15  -0.3545030482392705E-15
-0.5393326433411610E-15   0.2317128016467278E-15
-0.4853475253567986E-15   0.2037887987001778E-15
 0.7751716017628069E-16  -0.7961773139206129E-16
-0.3068044151457719E-15   0.8127584543341869E-16
 0.1523174571448137E-15   0.1107681370962965E-16
-0.2636560279909970E-15   0.1722850435723328E-15
 0.6759792488523530E-16  -0.8825292628149322E-16
-0.4310003429800668E-16  -0.1671378440069579E-15
-0.1121686976828516E+01   0.8313274496398088E+00
 0.6631571141133898E-16  -0.1280118614333694E-15
-0.1220645406316531E-14   0.7016402841391037E-15
-0.3007249249669983E-15   0.5818557686262717E-15
-0.1774201027639943E-16  -0.1698955231474094E-15
 0.1049639314462669E-14  -0.2620472236890166E-15
-0.4093158394865598E-15   0.2141794757157187E-15
 0.2381285040021863E-15  -0.6433880021198389E-15
 0.3208871996451251E-15   0.1572742988245824E-15
 0.2286054031464999E-15   0.6918151583507200E-16
-0.1010354027097256E-15   0.1207750857144612E-15
-0.1465121486452522E-15   0.6536624990173455E-15
-0.9870229153816860E-16  -0.2775099758984855E-15
 0.3438751377350510E-15   0.6108576651827073E-16
 0.4727418699869654E-15   0.9342265856715668E-16
-0.1981284261609693E-15  -0.9415192050778006E-16
-0.2909771592462923E-15  -0.2083380615465200E-15
 0.1273550776471658E-15  -0.8811349175034974E-16
 0.1200774106032953E-15  -0.1545935964742024E-15
 0.6586784770427551E-15  -0.6608774335927338E-15
-0.4996003610813204E-15   0.3191891195797325E-15
-0.1121686976828519E+01   0.8313274496398113E+00
 0.5515901413387456E+00  -0.1228467317369047E+01
-0.8916424141108238E-15   0.2816568640716878E-14
-0.7178800498518660E-15   0.1341226128812409E-15
-0.1698636526662327E+00   0.3904417494453361E+00
 0.2527055628141811E+01  -0.1150994541489513E+01
 0.8976093726895740E-15  -0.2300670502968440E-15
-0.2990903125178547E-15  -0.1612439366183361E-14
 0.4503068164767466E+00   0.9673126714725072E+00
 0.3502591411257390E+00   0.1027794078753657E+01
-0.4112080226279881E-14   0.3108426529025094E-14
 0.8104057037356931E-15  -0.1085908364207755E-14
 0.9098206475230475E-01  -0.4980260844704903E+00
 0.1507201485092440E+00  -0.1003432682203396E+00
 0.2081858256382288E-14  -0.1050410584849845E-14
 0.6388280624644092E-15  -0.3821170555294802E-15
 0.3040852110592207E+00  -0.8377692074044906E+00
 0.2488192692165767E-14  -0.5860637235434155E-14
 0.3231677556909339E-14  -0.6629793939412528E-14
 0.1551219393142041E+00  -0.6028222075459422E+00
-0.3297440028314981E-14   0.2357354024593050E-14
-0.2097264242700636E-14   0.1279548806157893E-14
-0.6838397646161819E+01   0.5159903416641844E+01
 0.7256869717085966E-15  -0.1728252700510133E-14
 0.5387038477938659E-04  -0.1146272220998238E-03
 0.9811044371171676E-01  -0.2087627119751868E+00
-0.5955915693151075E-16  -0.9627083914027899E-16
 0.3276844087488869E-14  -0.8460985867076219E-15
-0.4089650515192971E-03   0.1541359262179025E-02
-0.6596847071292579E-01   0.2486303241985157E+00
 0.6647715487187038E-15   0.1069941958006495E-14
 0.7278022602695353E-15   0.9691977814639585E-15
-0.7828266947529364E-04   0.6125140602871985E-03
 0.2958493922629449E-01  -0.2314840739375625E+00
 0.1279660368375544E-16  -0.5884517666616802E-15
 0.1653553257057180E-15  -0.7165997435288515E-15
 0.1228518481184960E-04   0.1822499552453286E-04
 0.3714980572850824E-01   0.5511150654582487E-01
-0.2328372634642873E-15  -0.7600743773184727E-15
-0.8963576558009983E-02   0.1652475082553701E-02
-0.1030350290683276E-04   0.1899496446137531E-05
 0.1097145839918769E-15  -0.8235417766149214E-15
-0.2519526235701605E-16   0.1687164314030509E-16
 0.3644219529111065E-15  -0.2618824333414241E-15
-0.7591789644989299E-14   0.5384977868655529E-14
-0.1198294379804611E+01   0.8799508932992546E+00
-0.5389683226145107E-17   0.1432841319590042E-15
-0.9811044371171493E-01   0.2087627119751868E+00
 0.5387038477897353E-04  -0.1146272220995176E-03
 0.4261798672890862E-15  -0.8418549376912185E-15
 0.1789928821087902E-15  -0.1778232378534064E-15
 0.6596847071292569E-01  -0.2486303241985157E+00
-0.4089650515194716E-03   0.1541359262178876E-02
 0.1254848442276278E-15  -0.2500473460652809E-16
 0.3988599241386523E-16  -0.1352614575357621E-15
 0.2958493922629454E-01  -0.2314840739375629E+00
 0.7828266947528578E-04  -0.6125140602874204E-03
 0.3494048925768633E-16  -0.2364450711514577E-15
 0.2027670604622198E-15   0.1007095618605099E-15
 0.3714980572850865E-01   0.5511150654582508E-01
-0.1228518481123826E-04  -0.1822499552471586E-04
-0.2908949005963892E-15   0.1483361518878555E-15
-0.1030350290673077E-04   0.1899496446054508E-05
 0.8963576558009917E-02  -0.1652475082553743E-02
 0.7522581084661553E-16  -0.1105097614708163E-15
 0.4624179822209340E-16  -0.8044997772147192E-16
 0.1184623950446879E-16   0.3869102677083973E-17
-0.4356172752406705E-15   0.1280515023468828E-15
-0.3463807565409473E-16   0.4200577337010454E-16
-0.1198294379804614E+01   0.8799508932992566E+00
 0.2385197017196511E+00  -0.4817018541982508E+00
-0.6690176079290298E-15   0.6959810798616099E-15
-0.3097880779645072E-15   0.3123960969943865E-15
-0.9809319428321987E-01   0.4453548115223695E-01
 0.6359966165340493E+00  -0.3625491754856013E+00
 0.4625665402989479E-15   0.1225782641643944E-16
 0.6787101864687443E-16  -0.8628274237943271E-15
 0.2007039840058564E+00   0.1255350828121839E+00
 0.3726197521863316E+00  -0.6255942035872104E-01
-0.1618211603516845E-14   0.1182369586680540E-14
 0.2552327061436667E-15   0.2160483757670112E-15
 0.3629154726714878E-02  -0.1785904578249261E+00
 0.5479014667348257E-01  -0.2042588311082409E+00
 0.7241991518692790E-15  -0.1145340262568455E-15
 0.2039144864706193E-15  -0.7550233992085433E-15
-0.4343391840293081E-02  -0.6126272095723277E-01
-0.3977417445872825E-15  -0.1024951607637242E-15
-0.3595433131082675E-17  -0.6437740341907804E-15
-0.3289293870921654E-01  -0.1970240985511444E+00
-0.1027149925988597E-14   0.6186963828754442E-15
-0.6946036126658627E-15   0.2558143542718827E-15
-0.1747170945330374E+01   0.1021429646658808E+01
-0.2454439469526006E-14   0.9595848867677823E-15
-0.1502269645974090E-15  -0.6181389353734022E-16
-0.1875874967799581E+01   0.1044499538803906E+01
-0.2362224392263493E-15  -0.6434428906458049E-17
 0.4895797955945260E-01  -0.8694849284050707E-01
-0.5415845153038420E-04   0.9618443770459629E-04
 0.5159711139134142E-16   0.1088531197232381E-15
 0.4301630203737456E-15  -0.1023248744090213E-15
 0.5004726537019977E-01   0.5705167283494163E-01
-0.3381477966537282E-03  -0.3854735582820635E-03
 0.2160287921367804E-17   0.2039851839816559E-16
-0.2719334936539234E-15   0.1197911683689303E-15
 0.1410051736384451E+00   0.2821299129187521E-01
 0.4516649040619409E-03   0.9037127983564084E-04
 0.3001015058231538E-15   0.4875305758450861E-16
-0.3233311107131888E-15  -0.7896896719254244E-16
-0.1410365880148009E-01  -0.8065995440725883E-01
-0.3193783104512043E-05  -0.1826550140099541E-04
-0.2984832563490183E-14   0.2083812142349332E-14
-0.8650477982527951E-03   0.6013937637212266E-03
 0.5068746544936217E+00  -0.3523866043200332E+00
-0.1449841273828581E-15   0.9623147138761243E-16
-0.2066337271252544E-15   0.7771725024604218E-16
-0.4317386128924575E-16  -0.2183300386225611E-16
-0.3255326195699882E-16  -0.1017526711062661E-15
 0.4888821299343999E-04  -0.7253358599954452E-04
 0.8774792127092007E-01  -0.1301882601976648E+00
-0.3432373600315827E-16   0.2624250460722594E-16
-0.1667625767900973E+01   0.4029542470383719E+00
 0.4716362551444920E-16  -0.3366508310222200E-15
 0.5415845152870266E-04  -0.9618443770405442E-04
 0.4895797955945373E-01  -0.8694849284050708E-01
 0.5571613195537981E-15  -0.2471184476714658E-15
 0.1073449865785201E-14  -0.8124318611577827E-15
 0.3381477966537790E-03   0.3854735582822529E-03
 0.5004726537020054E-01   0.5705167283494140E-01
 0.7275286893099060E-16   0.3966201523954112E-15
 0.4443798533014434E-15  -0.3195210705157874E-16
 0.4516649040627918E-03   0.9037127983546546E-04
-0.1410051736384451E+00  -0.2821299129187493E-01
 0.9973926043631563E-15  -0.7390696528764993E-15
 0.5767239733620077E-15  -0.6351451441227846E-15
-0.3193783104415613E-05  -0.1826550140108151E-04
 0.1410365880147992E-01   0.8065995440725876E-01
-0.4020897965226854E-14   0.2598814899930028E-14
 0.5068746544936238E+00  -0.3523866043200342E+00
 0.8650477982531238E-03  -0.6013937637212937E-03
-0.1275506765441140E-15  -0.2341384194373875E-17
 0.1513243920900817E-15  -0.5142960950250616E-16
 0.3638861352733763E-15  -0.3104215456672349E-15
-0.7375956435084283E-15   0.1683374053842065E-14
-0.8774792127091988E-01   0.1301882601976645E+00
 0.4888821299341245E-04  -0.7253358599953913E-04
 0.7129291950394977E-15   0.2858489986120680E-15
 0.2759125774490596E-16  -0.2364274859972687E-19
-0.1667625767900970E+01   0.4029542470383713E+00
-0.1457382190542185E-01   0.1463475459977714E+00
 0.1518559044027492E-14  -0.6896197453531287E-15
-0.5752267992125186E-15   0.1129478748301970E-15
 0.2169391403048517E-01  -0.8976017004122414E-01
-0.3450615036209190E+00   0.3744667555799272E+00
-0.4785318803009990E-15   0.7885375178030482E-16
-0.5336891102768888E-15   0.4851841619871516E-15
 0.2204503125777952E+00  -0.1830129421387597E+00
-0.1448717333534643E+00  -0.3961743700070516E-01
 0.1186102349144897E-14  -0.4805411727179655E-15
-0.1915353331857375E-15   0.1131372653294010E-15
-0.2837744805256727E+00   0.2101671847401830E+00
-0.2491483213961446E+00   0.1834563321162540E+00
 0.2562017519410708E-15   0.2450926973646485E-15
-0.6119380318799791E-15   0.5679380584858519E-15
 0.3440745557806394E-01   0.7501867715907973E-01
 0.1298197061022083E-14  -0.4687733190627960E-16
-0.3909189463844277E-15   0.7026885149593653E-15
 0.2117067684980276E+00  -0.3242497193793425E-01
-0.1679048332710141E-15  -0.3670321345475053E-15
-0.2833251923922349E-16  -0.2670165384416891E-15
-0.1581224267575772E-01  -0.7305126223113082E+00
-0.4581689968893122E-15  -0.5549721981402571E-15
 0.3361652006119159E-16  -0.2490102810204120E-16
-0.1090877148481156E+00  -0.1426031811697162E+00
-0.1493358565744149E-16   0.1213066934694306E-16
 0.2280381303137499E-15  -0.5008103110351341E-16
-0.1644689130613568E+01   0.3558168582159574E+00
-0.4158731324132817E-01   0.1862268300915144E+00
 0.7856646253415119E-15  -0.3018645593545252E-15
 0.5230622717288240E-16  -0.7127888263742960E-16
 0.6354188401992755E-01  -0.4702901184541552E-01
 0.6837008555888641E-01  -0.5005500469304827E-01
-0.1289528255979004E-15  -0.1100969529706304E-16
-0.3039383022538808E-15   0.3163103366980654E-15
 0.2989147574330968E+00  -0.1817432467989991E+00
-0.9216156416943524E-01  -0.6565518811225679E-01
 0.3099304184314898E-15  -0.1890060809549360E-15
-0.1204577594428641E-15   0.1964096861055629E-15
-0.1037573133978897E-01   0.2501579500190885E-01
 0.1069783747023510E+00  -0.7668678140781222E-01
 0.5988522558469720E-15   0.1043874706440954E-15
 0.2075968801035678E-15  -0.1504363356600602E-15
-0.3405921439878131E-01   0.1544265541815443E+00
 0.1667601857962980E-15   0.1006522382695794E-14
-0.5817194053257040E-15   0.1126369516468551E-14
-0.4949238495797033E+00   0.2312829532612153E+00
-0.2015718983236354E-15  -0.2083652079042682E-15
-0.4032813296330453E-15  -0.4667125767965894E-16
-0.5509598542848615E+00  -0.3706659188149556E+00
-0.5924305423072607E-15  -0.6692066101942892E-15
-0.3971817010306298E-15   0.3697074507157066E-16
-0.1000751543372277E+00  -0.1831867922277102E+00
 0.2447729508336571E-15  -0.5842638832795454E-16
 0.1611187411944970E-15  -0.2423976172014295E-16
-0.8082395865827713E-01  -0.2804799993903545E-01
-0.2069970418369895E+01   0.2691976839652039E+00
 0.4528857412640976E-01   0.2647540821077630E+01
 0.8511601338350706E-15  -0.9220244612377444E-15
 0.9186124999891422E+00   0.3135202507006273E+01
 0.9017667739311402E-16  -0.9977835098306633E-15
-0.3888220041076140E-16   0.4163336342344337E-16
 0.9186124999891241E+00   0.3135202507006221E+01
-0.8035533830889514E-01  -0.5123989267547338E+00
-0.6112992394855201E-15  -0.5522389900262997E-15
-0.4068839228714183E-15  -0.3660223815353182E-16
 0.3299949254076961E-01   0.1254894210159273E+01
 0.1061452030249278E+01   0.1845467615934322E+01
-0.1091309398738189E-14  -0.3850638459971996E-14
 0.1883923878001038E-14   0.5690651359746547E-14
-0.3369208755711187E+00  -0.7530201518733821E+00
 0.5318254461826636E+01   0.1454999269597059E+02
 0.5993224107225911E-15   0.4876135046376793E-15
 0.4086148651745531E+00   0.1674172533066419E+00
 0.2308797999900841E-02   0.9459582911115584E-03
-0.2868064997217598E-15   0.1009699730680288E-14
-0.5177800046890425E-16   0.5129673763709717E-15
 0.6586760995366513E+00   0.2455260840363083E+01
-0.6459607524709906E-15  -0.2219512328981019E-15
-0.2308797999900533E-02  -0.9459582911117894E-03
 0.4086148651745482E+00   0.1674172533066365E+00
-0.5070248690341168E-15  -0.1976930429011521E-14
-0.9877948024523346E-15  -0.1606164865700229E-14
 0.2168404344971009E-16  -0.1665334536937735E-15
 0.6586760995366522E+00   0.2455260840363082E+01
-0.6176944646908290E-01  -0.6040252318635679E+00
-0.1681971315144715E-14  -0.6312479307813072E-15
 0.9381163589703237E-15   0.5409102746172097E-15
-0.3345913014473780E+00  -0.2224285982951588E+00
-0.3674797139193863E-01   0.4855139785905981E+00
-0.1998295503309233E-15  -0.1083890700576745E-15
 0.2821937940089666E-14   0.1186135158738737E-14
-0.7562138618308962E+00   0.1249982537740920E+01
 0.2560505198047628E+00  -0.8670194055400977E-01
-0.2410176312279357E-15  -0.1709138627108755E-14
-0.3176282006467307E-15   0.2148175130688944E-14
-0.1022148659197488E+00  -0.2468318608413334E+00
 0.5947555794814818E+00   0.3532588198482708E+01
-0.2499778629998414E-15   0.4220231719228561E-15
-0.1338476998095833E-14  -0.1692022871988183E-14
 0.2357118777239187E+00   0.1151102717724747E+01
-0.1399838296046437E+00   0.4009932304745154E+01
 0.2214398689190013E-15  -0.4477571907737551E-15
 0.5217824924648243E-03   0.6489000993042361E-01
 0.1094151304673343E-05   0.1360710450150358E-03
-0.1379404511188481E-15   0.8918823769642433E-15
-0.8585631572208180E-15  -0.1556006898631356E-14
-0.2525568244957777E+00   0.2924196645387521E-01
 0.8974132801581008E-03  -0.1039058401453336E-03
-0.2217860000594334E-16   0.6694821826592868E-15
-0.1133171971221922E-15   0.4195344993022031E-15
 0.2121260652650809E+00   0.1977762890031471E+01
-0.1823324477536583E-16   0.9799927490198128E-15
 0.1094151304238764E-05   0.1360710450157184E-03
-0.5217824924648321E-03  -0.6489000993042278E-01
-0.4005063175453178E-15  -0.1182773570401293E-14
 0.5665031699005068E-15   0.6596405977004986E-15
 0.8974132801579052E-03  -0.1039058401456146E-03
 0.2525568244957772E+00  -0.2924196645387560E-01
 0.1410480184283579E-14   0.1457788867523814E-14
-0.2276860237921398E-15  -0.9717004316440507E-15
 0.8288725608651681E-16  -0.4842995579221188E-16
 0.2121260652650793E+00   0.1977762890031462E+01
-0.1257951876766530E+00   0.1232004512741414E+00
-0.3879639323107510E-16  -0.2220005350558286E-14
-0.4150225615069152E-15   0.7168169100138032E-15
-0.3494767261170369E+00  -0.4760502939709960E+00
 0.1924640027840367E+00   0.1039877895864292E+01
 0.3622391081010754E-15   0.3873338700991346E-15
-0.1408566271114375E-14  -0.1365266784614296E-14
 0.5213138846086836E+00   0.3746694565803954E+00
 0.5824769602840586E-01   0.3055077307214288E+00
 0.3337188354914729E-16  -0.4256576123355565E-15
 0.4183940202631109E-15   0.1285855277861305E-15
-0.1952947102133172E+00   0.1296348415807231E+01
 0.2746792021049321E+00   0.1242771011711196E+00
-0.7564639256231036E-16  -0.3891289770541848E-16
-0.3403429609756823E-15   0.9222680687532908E-15
 0.1167426532684684E+00   0.2957304041442683E-01
 0.2145915579202548E+00   0.1153170865369068E+01
-0.3281750739487435E-15   0.4062216512187409E-16
-0.4629457955252164E-15  -0.3567282080662479E-15
-0.1814119804434459E+00   0.9742401996499737E-01
-0.1535825542346599E+00   0.4782798067133547E+00
 0.2215666977375412E-15  -0.2299829743994291E-15
-0.4918101911094428E-15  -0.9036364981361912E-16
-0.5417869619509453E+00  -0.3131572844790779E+00
-0.6469428274744330E+00   0.1236991923199714E+01
-0.4529804866534747E-15   0.1387460364391646E-15
-0.2589451922870260E-01   0.2393826711387366E-01
 0.2278128008950692E-04  -0.2106022371614559E-04
-0.2464859136350411E-15  -0.4021715994534017E-15
 0.1349578462962264E-15  -0.3900797862042483E-15
-0.1863337092036670E+00   0.7998947495037184E-02
 0.1216779287761718E-02  -0.5223399285890799E-04
 0.7923309340774123E-16  -0.2543660298589887E-15
 0.3912166799866627E-15  -0.5707518674099265E-15
 0.2092360479547281E+00  -0.3549029669932155E-01
 0.6228385560078970E-03  -0.1056449180941114E-03
 0.4474926928860568E-15   0.2195555184505586E-15
 0.6296298577555024E-15   0.5088048744767294E-15
-0.4733022647194841E-01   0.1610400923884908E+01
 0.7854296295233771E-15   0.6084594527495716E-15
 0.2278128008946206E-04  -0.2106022371635615E-04
 0.2589451922870150E-01  -0.2393826711387506E-01
 0.5303918721990979E-15  -0.6176900656613915E-16
 0.5770526229064509E-15   0.2412782756911916E-14
 0.1216779287761638E-02  -0.5223399285907261E-04
 0.1863337092036667E+00  -0.7998947495036077E-02
-0.3729016861681776E-15  -0.1355078668038330E-15
-0.5621238716264091E-15   0.7973209035561911E-15
-0.6228385560077003E-03   0.1056449180941422E-03
 0.2092360479547273E+00  -0.3549029669932280E-01
-0.1572096907082594E-14   0.9288046669863151E-15
-0.1132921391044211E-14  -0.1948461469664003E-14
 0.2971730392146987E-16  -0.1782834947380851E-15
-0.4733022647194798E-01   0.1610400923884902E+01
-0.1079855759090808E+00   0.3819323199714773E+00
-0.1148605853723449E-15  -0.1617557318000466E-14
 0.6007536296693713E-15  -0.1031423230359354E-14
 0.1813731105041222E+00   0.9365571350057719E-01
 0.1131856416890841E+00  -0.5991001242219929E+00
 0.8401471680097209E-15   0.3233557553757220E-15
 0.1044378185081054E-14   0.1280796926586659E-14
 0.3093876063484482E+00   0.1148521567044284E+00
 0.5888473318171084E+00  -0.3335350208237650E+00
 0.1737475149569262E-14   0.1052785503939700E-14
-0.2446575537323874E-14  -0.1361327069597180E-14
 0.2891707889103710E+00   0.5159574950566824E+00
 0.1574443529917940E-01  -0.1170535287331275E+00
 0.4124447652922528E-15   0.9508623541065967E-15
-0.9023027867993686E-15  -0.1341655744773840E-14
-0.5142027088348938E+00   0.1831963504032935E+01
-0.4095414694166981E-18   0.2627998374235403E-14
 0.1045704821914801E-04  -0.9880893751281443E-04
-0.1741661980839579E-01   0.1645701217493194E+00
 0.9631308233539778E-15   0.1409168672644183E-14
 0.9700341024037364E-15  -0.3982952207099154E-14
-0.5535414126991969E-03  -0.9151685408703143E-03
-0.1096147642601069E+00  -0.1812257973193520E+00
 0.2069952859615439E-14   0.7039392590004329E-15
 0.4193142193882627E-14  -0.2210353523356946E-14
-0.4729287307399430E-03  -0.2710308628973901E-03
 0.3160145767989744E+00   0.1811048850936304E+00
 0.7878008004009754E-15   0.3898874541300065E-14
 0.6383387370439722E-16  -0.4556484568685712E-15
 0.1115107936086640E-03   0.1450530644730164E-03
 0.7533600118902614E-01   0.9799695154141122E-01
 0.4987956811889583E-14   0.7412516877521818E-14
-0.1184934182837112E+01   0.7457966600040813E+00
-0.4385701431470093E-15   0.2765686860291612E-14
-0.1741661980839582E-01   0.1645701217493197E+00
-0.1045704821755975E-04   0.9880893751243390E-04
 0.6794698489946541E-15  -0.1711833752008460E-16
 0.8115151604229448E-15  -0.3185992504748629E-14
-0.1096147642601069E+00  -0.1812257973193513E+00
 0.5535414126997648E-03   0.9151685408704885E-03
 0.1889188335639393E-14   0.2599369986379697E-15
 0.3927148549346225E-14  -0.2594676345221262E-14
-0.3160145767989734E+00  -0.1811048850936308E+00
-0.4729287307394039E-03  -0.2710308628976244E-03
 0.1205502894934187E-14   0.3092273079669302E-14
 0.2350046461711135E-15  -0.4742357220559389E-15
-0.7533600118902591E-01  -0.9799695154141039E-01
 0.1115107936088986E-03   0.1450530644732720E-03
 0.3721228920582921E-14   0.6575686356806576E-14
-0.9742403552729512E-16   0.8983631438579109E-16
-0.1184934182837105E+01   0.7457966600040767E+00
 0.5209874914659000E-01   0.3559409475563420E+00
-0.1077922064483683E-14  -0.1094898235304504E-14
 0.5428555788766668E-15  -0.1874799727471302E-15
-0.9944816986774552E-01  -0.3087175783937461E+00
 0.2324409571254871E+00  -0.4829307918639361E+00
 0.8584669268642837E-15   0.1373564291628250E-15
 0.1828045794925686E-15  -0.2980461309984420E-15
 0.1067689379372430E+00  -0.9592105769734792E-01
 0.3543729670280648E+00  -0.4123182262554558E+00
-0.6518783088989579E-15   0.1050728245833034E-16
-0.1240808116433052E-15  -0.2610212951698844E-15
 0.6556258466020515E-01  -0.1404882295723586E+00
 0.1201118453521370E+00   0.1969366150940033E+00
-0.9349586651076848E-16  -0.3055278613004304E-15
 0.2284789135632339E-15   0.8356593040301151E-15
-0.3573133711336505E+00   0.3245631661774774E+00
-0.2627983531358010E-14   0.2576943909376870E-14
-0.2566851043997929E-14   0.2350000148652235E-14
-0.1390006675528004E+01   0.8754416811234597E+00
-0.3281967667458634E-16  -0.7267107342844070E-15
-0.1326909247323139E-14   0.8570703706069480E-15
 0.2285893749508525E-15  -0.4553738629169286E-16
-0.3731555006363115E-15   0.8132011831714519E-15
-0.1310002918835085E-14  -0.1523066961276805E-14
-0.1808526934819706E-15   0.2631184010000617E-15
 0.1928472963427333E-15   0.2898911798439339E-16
-0.4279739830409664E-15   0.9492330363339509E-15
-0.6702141314142702E-15   0.4324172841633490E-15
 0.6395739271288950E-15  -0.2596157086349188E-15
 0.6628390880674228E-15  -0.3545030482392705E-15
-0.6984038866290562E-15   0.2317128016467278E-15
-0.6328447446471787E-15   0.2037887987001778E-15
 0.6021755879346677E-16  -0.7961773139206129E-16
-0.2703461505405089E-15   0.8127584543341869E-16
 0.2716287918117469E-15   0.1107681370962965E-16
-0.2178868109907126E-15   0.1722850435723328E-15
 0.4520520817975012E-16  -0.8825292628149322E-16
 0.1998543597535168E-15  -0.1671378440069579E-15
-0.1044188774787062E+01   0.8313274496398088E+00
 0.1289522438818037E-15  -0.1280118614333694E-15
-0.1194652092785527E-14   0.7016402841391037E-15
-0.2499005910563157E-15   0.5818557686262717E-15
 0.3522995394660422E-16  -0.1698955231474094E-15
-0.2233812189512940E-16  -0.2620472236890166E-15
-0.4094906070494744E-15   0.2141794757157187E-15
-0.7886791450411182E-16  -0.6433880021198389E-15
 0.1428218367032235E-15   0.1572742988245824E-15
-0.1673666208013274E-15   0.6918151583507200E-16
-0.1431458619437078E-15   0.1207750857144612E-15
 0.1546360927439576E-15   0.6536624990173455E-15
-0.1361189329696902E-15  -0.2775099758984855E-15
 0.4461972254498686E-16   0.6108576651827073E-16
 0.4045119433364154E-15   0.9342265856715668E-16
-0.2494459962742948E-15  -0.9415192050778006E-16
-0.5867883212671628E-16  -0.2083380615465200E-15
 0.3448349834534903E-15  -0.8811349175034974E-16
 0.1169069188026304E-15  -0.1545935964742024E-15
 0.5853576145886425E-15  -0.6608774335927338E-15
-0.4163336342344336E-15   0.3191891195797325E-15
-0.1044188774787066E+01   0.8313274496398113E+00
 0.3265040298449533E+00  -0.1228467317369047E+01
 0.2280368460762554E-15   0.2816568640716878E-14
-0.2581605298342099E-14   0.1341226128812409E-15
 0.2248750433803037E-01   0.3904417494453361E+00
-0.1448847247758294E+01  -0.1150994541489513E+01
 0.5747910393250626E-15  -0.2300670502968440E-15
 0.2584173779323939E-15  -0.1612439366183361E-14
 0.9487026301307215E-01   0.9673126714725072E+00
-0.1190823363762434E+01   0.1027794078753657E+01
-0.3501726112667375E-14   0.3108426529025094E-14
 0.7397833397420635E-15  -0.1085908364207755E-14
-0.2576712237899100E+00  -0.4980260844704903E+00
-0.2962813345503675E+00  -0.1003432682203396E+00
 0.2230496554065127E-14  -0.1050410584849845E-14
-0.2864130137574080E-15  -0.3821170555294802E-15
 0.6702277200116125E+00  -0.8377692074044906E+00
 0.5060912341867300E-14  -0.5860637235434155E-14
 0.5483204783049249E-14  -0.6629793939412528E-14
 0.5043523675924565E+00  -0.6028222075459422E+00
-0.2994599371482509E-14   0.2357354024593050E-14
-0.2003733175572966E-14   0.1279548806157893E-14
-0.6648467103261294E+01   0.5159903416641844E+01
 0.3889540681282547E-15  -0.1728252700510133E-14
 0.4510592306127430E-04  -0.1146272220998238E-03
 0.8214832961928865E-01  -0.2087627119751868E+00
 0.1022682285217006E-15  -0.9627083914027899E-16
-0.1482129686841025E-14  -0.8460985867076219E-15
 0.3488841657342770E-03   0.1541359262179025E-02
 0.5627707009175627E-01   0.2486303241985157E+00
 0.1377225725697096E-15   0.1069941958006495E-14
-0.1693792731907072E-14   0.9691977814639585E-15
 0.2354198091548497E-03   0.6125140602871985E-03
-0.8897091518718050E-01  -0.2314840739375625E+00
-0.3379820972526065E-15  -0.5884517666616802E-15
-0.5659584308872161E-15  -0.7165997435288515E-15
 0.2088334996385739E-04   0.1822499552453286E-04
 0.6315024202069473E-01   0.5511150654582487E-01
 0.1113880219171134E-14  -0.7600743773184727E-15
-0.9969446964810613E-01   0.1652475082553701E-02
-0.1145973653662342E-03   0.1899496446137531E-05
 0.2777620132038150E-15  -0.8235417766149214E-15
-0.4324895718363075E-16   0.1687164314030509E-16
 0.1897661910153171E-15  -0.2618824333414241E-15
-0.7490541737928092E-14   0.5384977868655529E-14
-0.1060792449188537E+01   0.8799508932992546E+00
 0.3773754288023416E-17   0.1432841319590042E-15
-0.8214832961928770E-01   0.2087627119751868E+00
 0.4510592306091482E-04  -0.1146272220995176E-03
 0.2633643567748079E-15  -0.8418549376912185E-15
 0.3679293634175677E-16  -0.1778232378534064E-15
-0.5627707009175643E-01  -0.2486303241985157E+00
 0.3488841657341643E-03   0.1541359262178876E-02
 0.8857076164185105E-16  -0.2500473460652809E-16
-0.4749869627981732E-16  -0.1352614575357621E-15
-0.8897091518718087E-01  -0.2314840739375629E+00
-0.2354198091549411E-03  -0.6125140602874204E-03
 0.4838397410538363E-16  -0.2364450711514577E-15
 0.1344140110894630E-15   0.1007095618605099E-15
 0.6315024202069527E-01   0.5511150654582508E-01
-0.2088334996337858E-04  -0.1822499552471586E-04
-0.7208009092565339E-15   0.1483361518878555E-15
-0.1145973653661565E-03   0.1899496446054508E-05
 0.9969446964810590E-01  -0.1652475082553743E-02
 0.3035226393838752E-17  -0.1105097614708163E-15
 0.6768244612746766E-17  -0.8044997772147192E-16
 0.2010036809828954E-16   0.3869102677083973E-17
-0.3219500793396274E-15   0.1280515023468828E-15
-0.2287031309233974E-16   0.4200577337010454E-16
-0.1060792449188539E+01   0.8799508932992566E+00
 0.1682362733984878E+00  -0.4817018541982508E+00
-0.3692881681339236E-15   0.6959810798616099E-15
-0.5832650428078098E-15   0.3123960969943865E-15
-0.7186361870969549E-02   0.4453548115223695E-01
-0.2356714528343092E+00  -0.3625491754856013E+00
 0.3158669172006010E-15   0.1225782641643944E-16
-0.1537852743917876E-15  -0.8628274237943271E-15
 0.5842037956511689E-01   0.1255350828121839E+00
-0.2875541750521444E+00  -0.6255942035872104E-01
-0.1303946445958173E-14   0.1182369586680540E-14
 0.4673213031555494E-15   0.2160483757670112E-15
 0.9786779588335931E-03  -0.1785904578249261E+00
-0.7840759436777117E-01  -0.2042588311082409E+00
 0.7204121169027634E-15  -0.1145340262568455E-15
-0.1992202717290744E-15  -0.7550233992085433E-15
 0.1493314355899915E+00  -0.6126272095723277E-01
 0.8640912248897326E-15  -0.1024951607637242E-15
 0.8358103172823406E-15  -0.6437740341907804E-15
-0.9136498135210554E-01  -0.1970240985511444E+00
-0.8343342387511015E-15   0.6186963828754442E-15
-0.6768909352347670E-15   0.2558143542718827E-15
-0.1582650643270609E+01   0.1021429646658808E+01
-0.2285256433183398E-14   0.9595848867677823E-15
-0.1774403830596501E-15  -0.6181389353734022E-16
-0.1621337247281684E+01   0.1044499538803906E+01
-0.2353389959732101E-15  -0.6434428906458049E-17
 0.5039947214514472E-02  -0.8694849284050707E-01
-0.5575306404056048E-05   0.9618443770459629E-04
 0.2094600952808283E-15   0.1088531197232381E-15
 0.4760245116935462E-15  -0.1023248744090213E-15
 0.1192522246335388E+00   0.5705167283494163E-01
-0.8057358720321213E-03  -0.3854735582820635E-03
 0.3707527868662884E-17   0.2039851839816559E-16
-0.2759337080555092E-15   0.1197911683689303E-15
 0.1844186803839130E+00   0.2821299129187521E-01
 0.5907261658101190E-03   0.9037127983564084E-04
 0.2779938000829187E-15   0.4875305758450861E-16
-0.2832424589522081E-15  -0.7896896719254244E-16
-0.7182073265329870E-02  -0.8065995440725883E-01
-0.1626385363743109E-05  -0.1826550140099541E-04
-0.2626635660969579E-14   0.2083812142349332E-14
-0.7566169621999301E-03   0.6013937637212266E-03
 0.4433396190056876E+00  -0.3523866043200332E+00
-0.1143398907342563E-15   0.9623147138761243E-16
-0.1778766401310643E-15   0.7771725024604218E-16
-0.3775484934285823E-16  -0.2183300386225611E-16
-0.8713329477532589E-16  -0.1017526711062661E-15
-0.1672529749180335E-04  -0.7253358599954452E-04
-0.3001971227185822E-01  -0.1301882601976648E+00
 0.2393807852964807E-16   0.2624250460722594E-16
-0.1552002219519288E+01   0.4029542470383719E+00
 0.4180297524308623E-16  -0.3366508310222200E-15
 0.5575306402406498E-05  -0.9618443770405442E-04
 0.5039947214515408E-02  -0.8694849284050708E-01
 0.4908458661228191E-15  -0.2471184476714658E-15
 0.5148926120068574E-16  -0.8124318611577827E-15
 0.8057358720321626E-03   0.3854735582822529E-03
 0.1192522246335394E+00   0.5705167283494140E-01
-0.1901783546605460E-16   0.3966201523954112E-15
 0.5023756007057274E-16  -0.3195210705157874E-16
 0.5907261658109292E-03   0.9037127983546546E-04
-0.1844186803839128E+00  -0.2821299129187493E-01
 0.9066844878515588E-15  -0.7390696528764993E-15
 0.5096500521594683E-15  -0.6351451441227846E-15
-0.1626385363746139E-05  -0.1826550140108151E-04
 0.7182073265329676E-02   0.8065995440725876E-01
-0.3389263133357289E-14   0.2598814899930028E-14
 0.4433396190056896E+00  -0.3523866043200342E+00
 0.7566169622002500E-03  -0.6013937637212937E-03
-0.1295257842114477E-15  -0.2341384194373875E-17
 0.1164226710458894E-15  -0.5142960950250616E-16
 0.6776690264214923E-16  -0.3104215456672349E-15
-0.3985477590739903E-15   0.1683374053842065E-14
 0.3001971227185820E-01   0.1301882601976645E+00
-0.1672529749183760E-04  -0.7253358599953913E-04
 0.4816790341313739E-15   0.2858489986120680E-15
 0.3279313162192242E-16  -0.2364274859972687E-19
-0.1552002219519286E+01   0.4029542470383713E+00
 0.1965982447255218E-01   0.1463475459977714E+00
 0.1419175094068831E-14  -0.6896197453531287E-15
-0.4980472747298686E-15   0.1129478748301970E-15
 0.1328885200392733E-01  -0.8976017004122414E-01
 0.3656196898722305E-01   0.3744667555799272E+00
-0.4941496467575436E-15   0.7885375178030482E-16
-0.4828829479956134E-15   0.4851841619871516E-15
 0.2240999314537726E+00  -0.1830129421387597E+00
-0.1327445014998432E+00  -0.3961743700070516E-01
 0.1073613654967117E-14  -0.4805411727179655E-15
-0.2001613897079775E-15   0.1131372653294010E-15
-0.2522964965091096E+00   0.2101671847401830E+00
-0.2931995733562871E+00   0.1834563321162540E+00
 0.3183651955633679E-15   0.2450926973646485E-15
-0.7690235817918700E-15   0.5679380584858519E-15
 0.6520494046250175E-01   0.7501867715907973E-01
 0.1411194749830761E-14  -0.4687733190627960E-16
-0.2006928066128391E-15   0.7026885149593653E-15
 0.1292134713056607E+00  -0.3242497193793425E-01
-0.2603421385816783E-15  -0.3670321345475053E-15
-0.1212539107439118E-15  -0.2670165384416891E-15
-0.1999592649533836E+00  -0.7305126223113082E+00
-0.3324585212131115E-15  -0.5549721981402571E-15
 0.2766633735657943E-16  -0.2490102810204120E-16
-0.6422574894362398E-01  -0.1426031811697162E+00
-0.2845050595498481E-16   0.1213066934694306E-16
 0.4351537809147151E-15  -0.5008103110351341E-16
-0.1643363307007770E+01   0.3558168582159574E+00
-0.2446044593847441E-01   0.1862268300915144E+00
 0.7724683311486237E-15  -0.3018645593545252E-15
 0.3653675251074956E-17  -0.7127888263742960E-16
 0.1647410268518221E-01  -0.4702901184541552E-01
 0.5285771298221666E-01  -0.5005500469304827E-01
-0.1437594644500148E-15  -0.1100969529706304E-16
-0.3006626177859741E-15   0.3163103366980654E-15
 0.3122567027730164E+00  -0.1817432467989991E+00
 0.1261581433135991E+00  -0.6565518811225679E-01
 0.4235241596121798E-15  -0.1890060809549360E-15
-0.1632352480459679E-15   0.1964096861055629E-15
-0.6852159100610727E-01   0.2501579500190885E-01
 0.1713766066729455E+00  -0.7668678140781222E-01
 0.4147072207920224E-15   0.1043874706440954E-15
 0.4533511286143068E-15  -0.1504363356600602E-15
-0.4796857322212862E-01   0.1544265541815443E+00
 0.5748840815314125E-16   0.1006522382695794E-14
-0.5082280215061168E-15   0.1126369516468551E-14
-0.1813107003310886E+00   0.2312829532612153E+00
-0.2066729811879090E-15  -0.2083652079042682E-15
-0.2206199466170704E-15  -0.4667125767965894E-16
-0.4120025949871719E+00  -0.3706659188149556E+00
-0.6241242991598946E-15  -0.6692066101942892E-15
-0.2974561296433795E-15   0.3697074507157066E-16
-0.1811133446702868E+00  -0.1831867922277102E+00
 0.1896331926103196E-15  -0.5842638832795454E-16
 0.2116271702913422E-15  -0.2423976172014295E-16
-0.1270422053628661E+00  -0.2804799993903545E-01
-0.1791670449197622E+01   0.2691976839652039E+00
 0.5718431393045597E+00   0.2647540821077630E+01
 0.6125412876893770E-16  -0.9220244612377444E-15
 0.1180037355413586E+01   0.3135202507006273E+01
-0.9420850980983442E-16  -0.9977835098306633E-15
-0.1608752736061148E-15   0.4163336342344337E-16
 0.1180037355413565E+01   0.3135202507006221E+01
-0.1987186686771132E+00  -0.5123989267547338E+00
-0.1974729943417484E-14  -0.5522389900262997E-15
-0.9589267307793760E-16  -0.3660223815353182E-16
-0.2500044805166118E+00   0.1254894210159273E+01
 0.1284366189602337E+01   0.1845467615934322E+01
-0.1280456146523318E-14  -0.3850638459971996E-14
 0.1118756592684964E-14   0.5690651359746547E-14
-0.3616216542435425E+00  -0.7530201518733821E+00
 0.4240540561789840E+01   0.1454999269597059E+02
 0.5757910362134584E-15   0.4876135046376793E-15
 0.3773753091036369E+00   0.1674172533066419E+00
 0.2132285027120224E-02   0.9459582911115584E-03
-0.6162312914783760E-16   0.1009699730680288E-14
-0.1758030730258145E-16   0.5129673763709717E-15
 0.7769740943067603E+00   0.2455260840363083E+01
-0.3772540680521390E-15  -0.2219512328981019E-15
-0.2132285027120032E-02  -0.9459582911117894E-03
 0.3773753091036323E+00   0.1674172533066365E+00
-0.8537008287671291E-15  -0.1976930429011521E-14
-0.1612216744964339E-15  -0.1606164865700229E-14
 0.4542807102714264E-16  -0.1665334536937735E-15
 0.7769740943067607E+00   0.2455260840363082E+01
-0.2783284722960666E+00  -0.6040252318635679E+00
-0.8441738131109985E-15  -0.6312479307813072E-15
 0.6273188687648264E-15   0.5409102746172097E-15
-0.1807430085974113E+00  -0.2224285982951588E+00
-0.4627870349526877E+00   0.4855139785905981E+00
-0.2388769889361817E-15  -0.1083890700576745E-15
 0.2703881821414012E-14   0.1186135158738737E-14
-0.6556444424812805E+00   0.1249982537740920E+01
 0.2274272431627423E-01  -0.8670194055400977E-01
-0.2718745420601879E-15  -0.1709138627108755E-14
-0.6608265631802761E-15   0.2148175130688944E-14
-0.1810766959683127E+00  -0.2468318608413334E+00
-0.5115185056604246E+00   0.3532588198482708E+01
-0.1990583790215764E-15   0.4220231719228561E-15
-0.1146991900636201E-14  -0.1692022871988183E-14
 0.2753261478890646E+00   0.1151102717724747E+01
-0.4266321266446459E+00   0.4009932304745154E+01
-0.1291583771034118E-15  -0.4477571907737551E-15
 0.1132526227574703E+00   0.6489000993042361E-01
 0.2374849802889000E-03   0.1360710450150358E-03
-0.2091505575583179E-16   0.8918823769642433E-15
-0.2224821174082413E-14  -0.1556006898631356E-14
-0.1066273430698417E+00   0.2924196645387521E-01
 0.3788802535425178E-03  -0.1039058401453336E-03
 0.8645931431298222E-16   0.6694821826592868E-15
-0.2720634030715234E-15   0.4195344993022031E-15
 0.2496356757141634E+00   0.1977762890031471E+01
 0.4361266060000921E-15   0.9799927490198128E-15
 0.2374849802884096E-03   0.1360710450157184E-03
-0.1132526227574684E+00  -0.6489000993042278E-01
-0.1817559027577736E-15  -0.1182773570401293E-14
 0.9567429871255704E-15   0.6596405977004986E-15
 0.3788802535422945E-03  -0.1039058401456146E-03
 0.1066273430698414E+00  -0.2924196645387560E-01
 0.9984227058647760E-15   0.1457788867523814E-14
-0.1553821640993368E-15  -0.9717004316440507E-15
 0.8613986260397333E-16  -0.4842995579221188E-16
 0.2496356757141622E+00   0.1977762890031462E+01
-0.1736030531482235E-01   0.1232004512741414E+00
 0.4955369470436924E-15  -0.2220005350558286E-14
-0.5433522612107893E-15   0.7168169100138032E-15
-0.1798625316216164E+00  -0.4760502939709960E+00
 0.2116891175746798E+00   0.1039877895864292E+01
 0.2736578678754583E-15   0.3873338700991346E-15
-0.1793054626203785E-14  -0.1365266784614296E-14
 0.3944036770065634E+00   0.3746694565803954E+00
 0.1370424800861503E-01   0.3055077307214288E+00
-0.1612320724102480E-17  -0.4256576123355565E-15
-0.1022868307758886E-16   0.1285855277861305E-15
-0.4011175934628191E+00   0.1296348415807231E+01
 0.4809752434906254E-01   0.1242771011711196E+00
 0.3655072582493306E-15  -0.3891289770541848E-16
-0.2402841521704363E-15   0.9222680687532908E-15
 0.5138404654099535E-01   0.2957304041442683E-01
-0.8309384873651175E-02   0.1153170865369068E+01
-0.1027475628986877E-15   0.4062216512187409E-16
 0.4945889174235175E-16  -0.3567282080662479E-15
 0.2756608285007749E-01   0.9742401996499737E-01
-0.2203400946999366E+00   0.4782798067133547E+00
 0.5811282027992848E-16  -0.2299829743994291E-15
 0.1954824495712471E-15  -0.9036364981361912E-16
-0.4751833868552188E+00  -0.3131572844790779E+00
-0.5064804169684856E+00   0.1236991923199714E+01
 0.1055949975908623E-15   0.1387460364391646E-15
 0.5398931670093061E-01   0.2393826711387366E-01
-0.4749830397473796E-04  -0.2106022371614559E-04
-0.2269091199670984E-15  -0.4021715994534017E-15
 0.1045084559597264E-14  -0.3900797862042483E-15
 0.8781525689991400E-01   0.7998947495037184E-02
-0.5734431316907733E-03  -0.5223399285890799E-04
-0.1819163657636964E-15  -0.2543660298589887E-15
 0.5838971839487926E-15  -0.5707518674099265E-15
-0.1457778179906383E-01  -0.3549029669932155E-01
-0.4339407408166996E-04  -0.1056449180941114E-03
 0.4647007956491417E-15   0.2195555184505586E-15
 0.6521710615371024E-15   0.5088048744767294E-15
 0.6849090704927428E-01   0.1610400923884908E+01
 0.1813330050656931E-15   0.6084594527495716E-15
-0.4749830397491534E-04  -0.2106022371635615E-04
-0.5398931670093043E-01  -0.2393826711387506E-01
 0.3804654782511796E-15  -0.6176900656613915E-16
 0.8363282393409787E-16   0.2412782756911916E-14
-0.5734431316908393E-03  -0.5223399285907261E-04
-0.8781525689991374E-01  -0.7998947495036077E-02
-0.1564931301303276E-15  -0.1355078668038330E-15
-0.4470614019201185E-15   0.7973209035561911E-15
 0.4339407408183618E-04   0.1056449180941422E-03
-0.1457778179906389E-01  -0.3549029669932280E-01
-0.6820042918692047E-15   0.9288046669863151E-15
-0.1294335527546895E-14  -0.1948461469664003E-14
-0.6696134261224146E-16  -0.1782834947380851E-15
 0.6849090704927412E-01   0.1610400923884902E+01
 0.2173944741986757E-01   0.3819323199714773E+00
-0.1741899558871428E-14  -0.1617557318000466E-14
 0.7333009435110407E-15  -0.1031423230359354E-14
-0.1282853352402798E+00   0.9365571350057719E-01
 0.6267704692045477E+00  -0.5991001242219929E+00
 0.1268131044965186E-14   0.3233557553757220E-15
 0.1107386618740729E-14   0.1280796926586659E-14
 0.5108667116054777E+00   0.1148521567044284E+00
 0.6532706315554103E+00  -0.3335350208237650E+00
 0.1794873006346359E-14   0.1052785503939700E-14
-0.2327396736619480E-14  -0.1361327069597180E-14
 0.5790871944282892E+00   0.5159574950566824E+00
 0.1559086111032060E+00  -0.1170535287331275E+00
 0.4784491577259697E-15   0.9508623541065967E-15
-0.8960059410010198E-15  -0.1341655744773840E-14
-0.4513512573673270E+00   0.1831963504032935E+01
 0.7358904852199656E-15   0.2627998374235403E-14
-0.1249007700196878E-04  -0.9880893751281443E-04
 0.2080270818455028E-01   0.1645701217493194E+00
-0.1291000288670451E-14   0.1409168672644183E-14
 0.4486049912754377E-14  -0.3982952207099154E-14
-0.1007963036778723E-02  -0.9151685408703143E-03
-0.1996013814406213E+00  -0.1812257973193520E+00
 0.3579100787522057E-14   0.7039392590004329E-15
 0.4642473771443578E-14  -0.2210353523356946E-14
-0.4355037332607381E-03  -0.2710308628973901E-03
 0.2910069086846395E+00   0.1811048850936304E+00
 0.3209303804494092E-14   0.3898874541300065E-14
 0.1065339995823119E-14  -0.4556484568685712E-15
 0.1207356163380677E-03   0.1450530644730164E-03
 0.8156823426365170E-01   0.9799695154141122E-01
 0.4858538685385010E-14   0.7412516877521818E-14
-0.1123554427119192E+01   0.7457966600040813E+00
 0.4309667630927294E-15   0.2765686860291612E-14
 0.2080270818455001E-01   0.1645701217493197E+00
 0.1249007700350351E-04   0.9880893751243390E-04
-0.1296397793810188E-14  -0.1711833752008460E-16
 0.4589731144258037E-14  -0.3185992504748629E-14
-0.1996013814406209E+00  -0.1812257973193513E+00
 0.1007963036779217E-02   0.9151685408704885E-03
 0.3139422817098850E-14   0.2599369986379697E-15
 0.4555981422458193E-14  -0.2594676345221262E-14
-0.2910069086846386E+00  -0.1811048850936308E+00
-0.4355037332603066E-03  -0.2710308628976244E-03
 0.2986802562532649E-14   0.3092273079669302E-14
 0.1293875103060155E-14  -0.4742357220559389E-15
-0.8156823426365141E-01  -0.9799695154141039E-01
 0.1207356163382533E-03   0.1450530644732720E-03
 0.3875739443826179E-14   0.6575686356806576E-14
-0.1048677610677659E-15   0.8983631438579109E-16
-0.1123554427119186E+01   0.7457966600040767E+00
 0.9507954795587777E-01   0.3559409475563420E+00
-0.5123189456333937E-15  -0.1094898235304504E-14
 0.6687886550739754E-15  -0.1874799727471302E-15
-0.1051429998074238E-01  -0.3087175783937461E+00
 0.5865085297347028E+00  -0.4829307918639361E+00
 0.8029027972424620E-15   0.1373564291628250E-15
 0.7617842251602789E-16  -0.2980461309984420E-15
 0.1106987401154758E+00  -0.9592105769734792E-01
 0.6141001767566739E+00  -0.4123182262554558E+00
-0.4963451714234808E-15   0.1050728245833034E-16
-0.2873171892691890E-15  -0.2610212951698844E-15
-0.5890759421492364E-02  -0.1404882295723586E+00
 0.3879243380378046E+00   0.1969366150940033E+00
-0.4781322427001140E-15  -0.3055278613004304E-15
 0.1191379781451117E-14   0.8356593040301151E-15
-0.9702570310583150E-01   0.3245631661774774E+00
-0.5319747584262805E-15   0.2576943909376870E-14
-0.9511460854752986E-15   0.2350000148652235E-14
-0.1289788422468199E+01   0.8754416811234597E+00
-0.4653893540519560E-15  -0.7267107342844070E-15
-0.1266628819027097E-14   0.8570703706069480E-15
 0.2259976346836739E-15  -0.4553738629169286E-16
-0.3405284871892223E-15   0.8132011831714519E-15
-0.2608671894193616E-14  -0.1523066961276805E-14
-0.1502914204772519E-15   0.2631184010000617E-15
 0.2084463063915034E-15   0.2898911798439339E-16
-0.2946260211241057E-15   0.9492330363339509E-15
-0.9591674170828291E-15   0.4324172841633490E-15
 0.6191894723297400E-15  -0.2596157086349188E-15
 0.6546128269666329E-15  -0.3545030482392705E-15
-0.7435079801310635E-15   0.2317128016467278E-15
-0.8089217365571301E-15   0.2037887987001778E-15
 0.3701422793402114E-16  -0.7961773139206129E-16
-0.3138371450775436E-15   0.8127584543341869E-16
 0.1632525629325307E-15   0.1107681370962965E-16
-0.1989525104035750E-15   0.1722850435723328E-15
 0.3512226687460106E-16  -0.8825292628149322E-16
 0.2859038335371081E-15  -0.1671378440069579E-15
-0.9881088660553097E+00   0.8313274496398088E+00
-0.1259594049859209E-15  -0.1280118614333694E-15
-0.1134039309699740E-14   0.7016402841391037E-15
-0.2034924807197045E-15   0.5818557686262717E-15
 0.1896251994759094E-15  -0.1698955231474094E-15
-0.7833917492438098E-15  -0.2620472236890166E-15
-0.3207708949621871E-15   0.2141794757157187E-15
-0.1267108353977394E-15  -0.6433880021198389E-15
 0.1221360163184478E-15   0.1572742988245824E-15
-0.2863037492687348E-15   0.6918151583507200E-16
-0.1996334175714777E-15   0.1207750857144612E-15
 0.3543078583046537E-15   0.6536624990173455E-15
-0.3147516923458723E-15  -0.2775099758984855E-15
 0.7652277760475235E-16   0.6108576651827073E-16
 0.4044007687468020E-15   0.9342265856715668E-16
-0.3975999668813316E-15  -0.9415192050778006E-16
 0.1195424549859455E-15  -0.2083380615465200E-15
 0.4711868707113494E-15  -0.8811349175034974E-16
 0.1049435290315917E-15  -0.1545935964742024E-15
 0.5986134772715468E-15  -0.6608774335927338E-15
-0.3469446951953613E-15   0.3191891195797325E-15
-0.9881088660553128E+00   0.8313274496398113E+00
-0.4513559705939089E+00  -0.1228467317369047E+01
 0.2062345188876837E-14   0.2816568640716878E-14
-0.3431271066788028E-14   0.1341226128812409E-15
 0.2613672979559062E+00   0.3904417494453361E+00
-0.4097458068422086E+01  -0.1150994541489513E+01
 0.3435072296704847E-15  -0.2300670502968440E-15
 0.4800060960973182E-15  -0.1612439366183361E-14
 0.8655208843433337E-01   0.9673126714725072E+00
-0.1794839090290294E+01   0.1027794078753657E+01
-0.2201988281210980E-14   0.3108426529025094E-14
 0.3858610075357396E-15  -0.1085908364207755E-14
-0.6220895511894956E+00  -0.4980260844704903E+00
-0.6274853574397491E+00  -0.1003432682203396E+00
 0.2015362664948902E-14  -0.1050410584849845E-14
-0.1033923822749241E-14  -0.3821170555294802E-15
 0.6449633715127207E+00  -0.8377692074044906E+00
 0.4835015096641751E-14  -0.5860637235434155E-14
 0.4965347755181813E-14  -0.6629793939412528E-14
 0.5645092205610750E+00  -0.6028222075459422E+00
-0.1982862205127230E-14   0.2357354024593050E-14
-0.1562996998409535E-14   0.1279548806157893E-14
-0.5043039015863668E+01   0.5159903416641844E+01
-0.6790642055801192E-15  -0.1728252700510133E-14
 0.3776456310306075E-04  -0.1146272220998238E-03
 0.6877801333325630E-01  -0.2087627119751868E+00
 0.4148150468169901E-15  -0.9627083914027899E-16
-0.4797455095005444E-14  -0.8460985867076219E-15
 0.4697444327709673E-03   0.1541359262179025E-02
 0.7577254276537621E-01   0.2486303241985157E+00
 0.7651164914777400E-16   0.1069941958006495E-14
-0.2521309550294802E-14   0.9691977814639585E-15
 0.4441300213645298E-03   0.6125140602871985E-03
-0.1678476191309599E+00  -0.2314840739375625E+00
-0.6824609580388501E-15  -0.5884517666616802E-15
-0.1088058142139087E-14  -0.7165997435288515E-15
 0.4058690822996235E-04   0.1822499552453286E-04
 0.1227328509102103E+00   0.5511150654582487E-01
 0.1682176153037613E-14  -0.7600743773184727E-15
-0.1540666412746001E+00   0.1652475082553701E-02
-0.1770973981125595E-03   0.1899496446137531E-05
 0.3018909136114062E-15  -0.8235417766149214E-15
-0.6085477786340725E-16   0.1687164314030509E-16
 0.1063557819012051E-15  -0.2618824333414241E-15
-0.5464233623480945E-14   0.5384977868655529E-14
-0.9799236205151270E+00   0.8799508932992546E+00
-0.5168828004954765E-16   0.1432841319590042E-15
-0.6877801333325514E-01   0.2087627119751868E+00
 0.3776456310266131E-04  -0.1146272220995176E-03
 0.2164163064589522E-15  -0.8418549376912185E-15
-0.1607229799097919E-16  -0.1778232378534064E-15
-0.7577254276537637E-01  -0.2486303241985157E+00
 0.4697444327708103E-03   0.1541359262178876E-02
 0.9532102066724847E-16  -0.2500473460652809E-16
-0.7320951083110764E-16  -0.1352614575357621E-15
-0.1678476191309602E+00  -0.2314840739375629E+00
-0.4441300213647101E-03  -0.6125140602874204E-03
 0.3530254339784613E-16  -0.2364450711514577E-15
 0.2257648040642700E-15   0.1007095618605099E-15
 0.1227328509102111E+00   0.5511150654582508E-01
-0.4058690822947492E-04  -0.1822499552471586E-04
-0.9419336843130178E-15   0.1483361518878555E-15
-0.1770973981124773E-03   0.1899496446054508E-05
 0.1540666412745997E+00  -0.1652475082553743E-02
-0.5250293410864883E-17  -0.1105097614708163E-15
-0.1914005182178555E-16  -0.8044997772147192E-16
 0.3546093951192421E-16   0.3869102677083973E-17
-0.1775877741281355E-15   0.1280515023468828E-15
-0.4778589311494339E-18   0.4200577337010454E-16
-0.9799236205151296E+00   0.8799508932992566E+00
-0.8849318938104567E-01  -0.4817018541982508E+00
 0.1386486897645461E-15   0.6959810798616099E-15
-0.6451788346689283E-15   0.3123960969943865E-15
 0.5182206376265600E-01   0.4453548115223695E-01
-0.8337786773772897E+00  -0.3625491754856013E+00
 0.2076117804081684E-15   0.1225782641643944E-16
-0.3150863082823633E-15  -0.8628274237943271E-15
 0.1058093178329071E+00   0.1255350828121839E+00
-0.4705384970976113E+00  -0.6255942035872104E-01
-0.8023920871070097E-15   0.1182369586680540E-14
 0.4317853208616310E-15   0.2160483757670112E-15
-0.2155802787409915E-01  -0.1785904578249261E+00
-0.5112686314276305E-01  -0.2042588311082409E+00
 0.4914343239665419E-15  -0.1145340262568455E-15
-0.2361386060514430E-15  -0.7550233992085433E-15
 0.2293033396745527E+00  -0.6126272095723277E-01
 0.1574207061965940E-14  -0.1024951607637242E-15
 0.1240069153257071E-14  -0.6437740341907804E-15
-0.6331878582459149E-01  -0.1970240985511444E+00
-0.4941136653672455E-15   0.6186963828754442E-15
-0.5008614864213200E-15   0.2558143542718827E-15
-0.1070113401293645E+01   0.1021429646658808E+01
-0.1694158661841764E-14   0.9595848867677823E-15
-0.1507130936492490E-15  -0.6181389353734022E-16
-0.1366220026385150E+01   0.1044499538803906E+01
-0.2246431200146120E-15  -0.6434428906458049E-17
-0.2882932349427587E-01  -0.8694849284050707E-01
 0.3189166573267625E-04   0.9618443770459629E-04
 0.3192696974579267E-15   0.1088531197232381E-15
 0.4618999271121698E-15  -0.1023248744090213E-15
 0.1216857469941626E+00   0.5705167283494163E-01
-0.8221781335276445E-03  -0.3854735582820635E-03
-0.5878944912842749E-17   0.2039851839816559E-16
-0.2631024554677489E-15   0.1197911683689303E-15
 0.2043899069613023E+00   0.2821299129187521E-01
 0.6546975925551011E-03   0.9037127983564084E-04
 0.2241959883060906E-15   0.4875305758450861E-16
-0.2662598778924239E-15  -0.7896896719254244E-16
-0.2148942817342711E-01  -0.8065995440725883E-01
-0.4866295589822603E-05  -0.1826550140099541E-04
-0.2408593547181120E-14   0.2083812142349332E-14
-0.6990383703982416E-03   0.6013937637212266E-03
 0.4096014499881404E+00  -0.3523866043200332E+00
-0.8773421307266189E-16   0.9623147138761243E-16
-0.1592640058737076E-15   0.7771725024604218E-16
-0.3747841908628897E-16  -0.2183300386225611E-16
-0.1568771379472132E-15  -0.1017526711062661E-15
-0.6804508777298624E-04  -0.7253358599954452E-04
-0.1221319954072799E+00  -0.1301882601976648E+00
 0.5814490307597450E-16   0.2624250460722594E-16
-0.1462075917728063E+01   0.4029542470383719E+00
-0.1061802859603458E-15  -0.3366508310222200E-15
-0.3189166573426510E-04  -0.9618443770405442E-04
-0.2882932349427487E-01  -0.8694849284050708E-01
 0.4918272034442517E-15  -0.2471184476714658E-15
-0.4578906342459647E-15  -0.8124318611577827E-15
 0.8221781335277040E-03   0.3854735582822529E-03
 0.1216857469941630E+00   0.5705167283494140E-01
-0.3584684965066953E-16   0.3966201523954112E-15
 0.3857055953481383E-16  -0.3195210705157874E-16
 0.6546975925558636E-03   0.9037127983546546E-04
-0.2043899069613021E+00  -0.2821299129187493E-01
 0.9310159159453041E-15  -0.7390696528764993E-15
 0.4920863996158221E-15  -0.6351451441227846E-15
-0.4866295589872682E-05  -0.1826550140108151E-04
 0.2148942817342695E-01   0.8065995440725876E-01
-0.3123944675389696E-14   0.2598814899930028E-14
 0.4096014499881421E+00  -0.3523866043200342E+00
 0.6990383703985492E-03  -0.6013937637212937E-03
-0.2001662196667354E-15  -0.2341384194373875E-17
 0.8342353513589474E-16  -0.5142960950250616E-16
-0.1647503062458061E-15  -0.3104215456672349E-15
 0.3079032025464282E-15   0.1683374053842065E-14
 0.1221319954072797E+00   0.1301882601976645E+00
-0.6804508777301126E-04  -0.7253358599953913E-04
 0.3605558080882945E-15   0.2858489986120680E-15
 0.3263800954039920E-16  -0.2364274859972687E-19
-0.1462075917728060E+01   0.4029542470383713E+00
 0.3130603129066209E-01   0.1463475459977714E+00
 0.1602103507849726E-14  -0.6896197453531287E-15
-0.5842849745316205E-15   0.1129478748301970E-15
 0.1531511016094060E-01  -0.8976017004122414E-01
 0.1591124587550707E+00   0.3744667555799272E+00
-0.4699383375017839E-15   0.7885375178030482E-16
-0.5774262209861327E-15   0.4851841619871516E-15
 0.2411861838198467E+00  -0.1830129421387597E+00
-0.1464532629347778E+00  -0.3961743700070516E-01
 0.9967385871080162E-15  -0.4805411727179655E-15
-0.2396298833895554E-15   0.1131372653294010E-15
-0.2846448315255194E+00   0.2101671847401830E+00
-0.2610500821596654E+00   0.1834563321162540E+00
 0.3299690312564618E-15   0.2450926973646485E-15
-0.5896398816413273E-15   0.5679380584858519E-15
 0.1671792155527765E+00   0.7501867715907973E-01
 0.2157050376110764E-14  -0.4687733190627960E-16
 0.5201975861586466E-15   0.7026885149593653E-15
 0.1865454509240071E+00  -0.3242497193793425E-01
-0.4069535736000072E-15  -0.3670321345475053E-15
-0.1804400528206529E-15  -0.2670165384416891E-15
-0.4877457895482704E+00  -0.7305126223113082E+00
-0.3958435330614809E-15  -0.5549721981402571E-15
 0.5101234191677230E-16  -0.2490102810204120E-16
-0.3357961215805530E-01  -0.1426031811697162E+00
-0.5357955403088422E-16   0.1213066934694306E-16
 0.6388281090363657E-15  -0.5008103110351341E-16
-0.1649572389673663E+01   0.3558168582159574E+00
 0.8576922930616419E-01   0.1862268300915144E+00
 0.3833223850371680E-15  -0.3018645593545252E-15
 0.1105957017526005E-16  -0.7127888263742960E-16
-0.2706797053144898E-01  -0.4702901184541552E-01
 0.1468393227590159E+00  -0.5005500469304827E-01
-0.1299867267457810E-15  -0.1100969529706304E-16
-0.1977089591758669E-15   0.3163103366980654E-15
 0.2393302301447953E+00  -0.1817432467989991E+00
 0.1044737258538759E+00  -0.6565518811225679E-01
 0.3420811132870336E-15  -0.1890060809549360E-15
-0.4178206458591497E-16   0.1964096861055629E-15
-0.4145388155512606E-01   0.2501579500190885E-01
 0.4592794335209496E-01  -0.7668678140781222E-01
 0.5242936621999823E-15   0.1043874706440954E-15
 0.4705565694221568E-16  -0.1504363356600602E-15
-0.1360169604561949E+00   0.1544265541815443E+00
-0.7034440284239719E-15   0.1006522382695794E-14
-0.1048071017799313E-14   0.1126369516468551E-14
-0.1256268612945701E+00   0.2312829532612153E+00
-0.2427021290807404E-15  -0.2083652079042682E-15
-0.1943968584304052E-15  -0.4667125767965894E-16
-0.3742851350829209E+00  -0.3706659188149556E+00
-0.6801240652829091E-15  -0.6692066101942892E-15
-0.2635397003371454E-15   0.3697074507157066E-16
-0.2519370865760255E+00  -0.1831867922277102E+00
 0.1574954635983274E-15  -0.5842638832795454E-16
 0.2262319703969649E-15  -0.2423976172014295E-16
-0.1796020028092093E+00  -0.2804799993903545E-01
-0.1558350350944561E+01   0.2691976839652039E+00
