-1.2089932331841570e+01
-1.3203705019180811e+01
-1.3844711627746211e+01
-1.4240220262416825e+01
-1.4488473592843601e+01
-1.4643828484064805e+01
-1.4739365441051133e+01
-1.4796232841093792e+01
-1.4828221743624992e+01
-1.4844139616051274e+01
-1.4849501449645462e+01
-1.4847837783287961e+01
-1.4841515217300964e+01
-1.4832179723508297e+01
-1.4820996296541809e+01
-1.4808792190465255e+01
-1.4796151925844917e+01
-1.4783484224701143e+01
-1.4771070257693909e+01
-1.4759098825571591e+01
-1.4747692364646625e+01
-1.4736925759420783e+01
-1.4726839604050983e+01
-1.4717449203369419e+01
-1.4708750740579653e+01
-1.4700726045779183e+01
-1.4693346629656101e+01
-1.4686577252789453e+01
-1.4680379048547769e+01
-1.4674711905952661e+01
