 0.6865486189520605E-01 -0.7413726178660566E-08
 0.0000000000000000E+00  0.0000000000000000E+00
 0.6960059032766767E-02 -0.1216961698365115E-07
 0.0000000000000000E+00  0.0000000000000000E+00
-0.1030017571755821E-01  0.1655671754660643E-08
-0.6960059032766767E-02  0.1216961698365119E-07
 0.0000000000000000E+00  0.0000000000000000E+00
 0.1030017571755812E-01 -0.1655671754660644E-08
 0.0000000000000000E+00  0.0000000000000000E+00
 0.7439646345150831E-01 -0.1997555981808257E-07
 0.0000000000000000E+00  0.0000000000000000E+00
-0.1539045560881487E-01  0.2745301501594693E-08
 0.1539045560881506E-01 -0.2745301501594697E-08
 0.0000000000000000E+00  0.0000000000000000E+00
-0.9908235609501255E+00  0.7565517656749647E-11
 0.0000000000000000E+00  0.0000000000000000E+00
 0.1155546523214879E-03 -0.1943992217534497E-10
 0.0000000000000000E+00  0.0000000000000000E+00
-0.3775293277766717E-01  0.3845815340872132E-08
 0.0000000000000000E+00  0.0000000000000000E+00
 0.0000000000000000E+00  0.0000000000000000E+00
 0.0000000000000000E+00  0.0000000000000000E+00
 0.0000000000000000E+00  0.0000000000000000E+00
-0.2320565968226493E-02  0.6335623554115489E-08
 0.0000000000000000E+00  0.0000000000000000E+00
 0.7733581641857774E-04 -0.1437411239802138E-10
 0.0000000000000000E+00  0.0000000000000000E+00
 0.2320565967185071E-02 -0.6335623555305493E-08
 0.1041461540500184E-11  0.1190102032662125E-17
 0.0000000000000000E+00  0.0000000000000000E+00
-0.5551577015735325E-02  0.8923720529719905E-09
 0.0000000000000000E+00  0.0000000000000000E+00
-0.3966725060819764E-01  0.1043758716339362E-07
 0.0000000000000000E+00  0.0000000000000000E+00
-0.8295130229811706E-02  0.1479659490667135E-08
-0.1155546523214681E-03  0.1943992217537263E-10
 0.0000000000000000E+00  0.0000000000000000E+00
 0.3775293277766718E-01 -0.3845815340872118E-08
 0.0000000000000000E+00  0.0000000000000000E+00
-0.7733581641855454E-04  0.1437411239803290E-10
 0.0000000000000000E+00  0.0000000000000000E+00
 0.1041457747510679E-11  0.1190101996400401E-17
 0.2320565967185043E-02 -0.6335623555305553E-08
 0.0000000000000000E+00  0.0000000000000000E+00
 0.5551577015735268E-02 -0.8923720529719924E-09
 0.0000000000000000E+00  0.0000000000000000E+00
-0.2320565968226513E-02  0.6335623554115288E-08
 0.0000000000000000E+00  0.0000000000000000E+00
 0.0000000000000000E+00  0.0000000000000000E+00
 0.0000000000000000E+00  0.0000000000000000E+00
 0.0000000000000000E+00  0.0000000000000000E+00
 0.3966725060819741E-01 -0.1043758716339361E-07
 0.0000000000000000E+00  0.0000000000000000E+00
 0.8295130229811406E-02 -0.1479659490667149E-08
 0.0000000000000000E+00  0.0000000000000000E+00
-0.2674068439957183E-03  0.9268314224294535E-10
 0.0000000000000000E+00  0.0000000000000000E+00
-0.1460209308495559E-03  0.2456526782095024E-10
 0.1460209308494812E-03 -0.2456526782100357E-10
 0.0000000000000000E+00  0.0000000000000000E+00
 0.2211308336795007E-01 -0.2204425337762368E-08
 0.0000000000000000E+00  0.0000000000000000E+00
-0.9772560479713249E-04  0.1816386095823130E-10
 0.0000000000000000E+00  0.0000000000000000E+00
 0.1044844679252389E-02 -0.3636614183052677E-08
 0.9772560479710606E-04 -0.1816386095823987E-10
 0.0000000000000000E+00  0.0000000000000000E+00
-0.1044844679252389E-02  0.3636614183052877E-08
 0.0000000000000000E+00  0.0000000000000000E+00
 0.2297501309632188E-01 -0.5999517954946763E-08
 0.4275958407324089E-01  0.6894159288769104E-01  0.1030120620825933E+00 -0.1857486208322690E-01  0.5973940031224162E-15  0.1108122946747103E-07  0.1837409527683282E-07  0.7878940584544727E-15
 0.2245400287350084E-10  0.2632622407538813E-01 -0.1761902233244731E-01  0.4396214660017756E-10 -0.3318291126792501E-17 -0.1335434527307249E-09 -0.2213329608182439E-09 -0.4806150812165720E-17
-0.1089435953742537E-10 -0.1277272996126721E-01  0.8548245042285780E-02 -0.2132922000428313E-10  0.1610094926379951E-17  0.6479145869858665E-10  0.1073844138096231E-09  0.2332099166646086E-17
-0.7967244041648476E-02 -0.3553391659571463E-01 -0.5309453796450596E-01  0.1207037138796324E-01 -0.1425070971119360E-14 -0.5711493781697253E-08 -0.9470386962966840E-08 -0.2726337403839212E-14
 0.1909407349982255E+00 -0.8365968948310702E-01 -0.1250037426049536E+00 -0.1329529486181468E+00  0.4116538190720211E-14 -0.1344692206190279E-07 -0.2229671602447621E-07  0.7463643873281512E-14
-0.5247713645735383E-10 -0.6152918061034394E-01  0.4117886424327256E-01 -0.1027716672609636E-09  0.7443146403817732E-17  0.3121153911365994E-09  0.5172953995939464E-09  0.1001180007030567E-16
 0.2582852311397894E-10  0.3028228477966799E-01 -0.2026664554201559E-01  0.5058261748673130E-10 -0.3663265771980090E-17 -0.1536111332045034E-09 -0.2545928037825261E-09 -0.4927492019471483E-17
 0.1157830010121809E+00  0.2027970268550014E-01  0.3030179489787080E-01  0.3404841771216826E-01 -0.1053349754817670E-13  0.3259630014263940E-08  0.5404883315124726E-08 -0.2184821336642619E-13
-0.1667814672415191E-01  0.1611410101910440E+00  0.2407758078468020E+00 -0.1222624526789989E+00  0.1764222021603839E-13  0.2590077155197061E-07  0.4294679077185975E-07  0.3511766102444473E-13
-0.6343173005635602E-10 -0.7432234444490879E-01  0.4974078480634638E-01 -0.1242302919290277E-09  0.6362614214280510E-17  0.3770105258234579E-09  0.6248515549159394E-09  0.6850463257024863E-17
-0.3094007819993576E-10 -0.3624932752689897E-01  0.2426013352188176E-01 -0.6059656339083526E-10  0.3102911230044187E-17  0.1838798026888093E-09  0.3047596094983741E-09  0.3340542710771345E-17
 0.6444091632782144E-02 -0.9378811370113581E-01 -0.1401375655021390E+00  0.6377630783828015E-02 -0.2272225753246256E-14 -0.1507489981679121E-07 -0.2499611135708635E-07 -0.4350613160014950E-14
 0.5477030455048297E-01 -0.8218892188533222E-01 -0.1228061313236605E+00  0.5294268325490671E-01 -0.1055258345509560E-13 -0.1321051964209491E-07 -0.2190473068535096E-07 -0.2128289116864252E-13
 0.4646894399734042E-10  0.5450999187583268E-01 -0.3648121969386412E-01  0.9099907211939318E-10 -0.9634042531760441E-17 -0.2765095782142280E-09 -0.4582828468775337E-09 -0.1473838971517565E-16
 0.2249567467762206E-10  0.2638679321344663E-01 -0.1765955868110781E-01  0.4405271667334602E-10 -0.4663504912364141E-17 -0.1338507090339212E-09 -0.2218421668739614E-09 -0.7134315581131713E-17
 0.3668333954306185E-01 -0.7487094022368232E-01 -0.1118716527263604E+00  0.2011533464335575E-02 -0.3227160175022305E-14 -0.1203427451675844E-07 -0.1995436578352722E-07 -0.6484696598114761E-14
-0.9264774994531763E-10 -0.1089109307155373E+00  0.7288945483479140E-01 -0.1814240177033939E-09  0.3393368735470611E-16  0.5524659195936158E-09  0.9156489885168772E-09  0.5789252942780860E-16
 0.1906737430495574E-09  0.2241417931745577E+00 -0.1500085712499842E+00  0.3733788944837710E-09 -0.6983643219421383E-16 -0.1136990576324215E-08 -0.1884431662192947E-08 -0.1191443487849057E-15
-0.1285616262446008E+00  0.7122858901858467E-01  0.1064292754904397E+00 -0.2373845126714664E+00  0.3698113688666871E-13  0.1144882465782879E-07  0.1898361513640589E-07  0.7482415623880067E-13
-0.1943898714026560E-02  0.3756843225196974E-02  0.5613449740247054E-02 -0.3607731486009638E-02  0.5923355653035592E-15  0.6038509384803036E-09  0.1001261864833197E-08  0.1190970366274011E-14
-0.5706054667117189E-03  0.1102786037629419E-02  0.1647775439493211E-02 -0.1059001309922133E-02  0.1738723581079733E-15  0.1772547705213175E-09  0.2939110147445443E-09  0.3495937343769918E-15
-0.7633512323811205E+00  0.1010919312695137E+00  0.1510508806578576E+00  0.5072695064095292E+00 -0.1626364543487360E-13  0.1624886917123425E-07  0.2694270258319325E-07 -0.2883234812490087E-13
 0.1557410763027817E-09  0.1827973158402660E+00 -0.1223384706094636E+00  0.3050085870768394E-09 -0.4217222189024107E-16 -0.9272649662291524E-09 -0.1536835303176465E-08 -0.6815928862682215E-16
 0.3214543389600426E-09  0.3773056382183701E+00 -0.2525146199203056E+00  0.6295412219562561E-09 -0.8704631836268144E-16 -0.1913935651977074E-08 -0.3172128771271282E-08 -0.1406854051283669E-15
-0.2097714917376949E+00 -0.3182285038870103E+00 -0.4754948791068458E+00  0.2325165305116327E+00 -0.1984509292398909E-13 -0.5115000783987264E-07 -0.8481325296885311E-07 -0.3790227537516368E-13
-0.5057978154582860E-09 -0.5948816340340392E+00  0.3981289822030973E+00 -0.9905988501986753E-09  0.2097862954025755E-15  0.3017620269091001E-08  0.5001359965014013E-08  0.3600450112122998E-15
 0.2446939593541629E-09  0.2877995513510460E+00 -0.1926120019560928E+00  0.4792307580902322E-09 -0.1014931780801790E-15 -0.1459903466386255E-08 -0.2419622781686102E-08 -0.1741873289427252E-15
-0.4907322984573188E-01 -0.3612165280707636E+00 -0.5397272948149622E+00 -0.6154128692526280E-01  0.5840705092990008E-14 -0.5805962879695787E-07 -0.9627028800221596E-07  0.1297865863700695E-13
-0.5458290686148146E+00 -0.4174829508714151E-01 -0.6238002292671218E-01 -0.7689854229401919E+00  0.1239193891069056E-12 -0.6710360139330340E-08 -0.1112663484838289E-07  0.2520976455953447E-12
 0.6146863906212008E-04  0.1955657229859291E-17
-0.1122495036327874E-03  0.3920716679185818E-17
 0.2115392141072522E-03  0.2254760503091021E-17
-0.4292705407279587E-03 -0.5160950655583141E-18
 0.9775527516377781E-03  0.3668306339249910E-17
-0.2606877467902137E-02 -0.5124742447232702E-17
 0.8458531531570176E-03  0.1027943241210229E-16
-0.4780685872378549E+00  0.2043550094092379E-16
-0.2190368933301710E+01  0.6122046009146137E-16
-0.5165166629135534E+00  0.8138450050078035E-17
-0.1413047262466352E-02  0.2200421490841419E-16
-0.2729496176828533E-02 -0.3528792553037477E-17
 0.1103198588222517E-02 -0.9745503764402044E-18
-0.5294821552213798E-03 -0.5358369310702004E-17
 0.2913114021021255E-03  0.6338374429736372E-17
-0.1782023594545608E-03 -0.1381427284061016E-17
 0.1185868717026161E-03 -0.1452792707537573E-17
-0.8455124985307853E-04  0.1788996784155925E-17
 0.6390246094009862E-04 -0.3476145277271774E-17
-0.5080807135310863E-04  0.2686449298175149E-18
 0.4208969761195554E-04  0.5492276178245657E-17
-0.3603532571298805E-04  0.7119775735123025E-17
 0.3179780826772836E-04 -0.9711407307173530E-17
-0.2886401462570488E-04  0.1048626710599621E-16
 0.2692074776651189E-04 -0.5126984954253489E-17
-0.2578310441317482E-04 -0.1067294969953923E-16
 0.2535692723423029E-04 -0.4993515696742738E-16
-0.2562186163812522E-04 -0.6504068420508617E-17
 0.2662828725684357E-04  0.2691769611999936E-16
-0.2849048317479725E-04 -0.6708437485990171E-17
