 0.2116973068693779E+01   0.3044356347009322E+01
 0.2084270256386134E-14   0.3136163204131570E-14
 0.2116973068693745E+01   0.3044356347009274E+01
-0.1105333399394546E-14  -0.1345136894065943E-14
-0.3774279112904656E-14  -0.5032540246111964E-14
 0.3031553730694850E+00   0.6756529708539660E+00
 0.4994748267559565E-01   0.6958476637407264E-01
-0.5955879799955005E+00  -0.8297485323207753E+00
 0.1253798295321031E-14   0.2840699023930566E-14
 0.4813633974828901E+00   0.1153871989370338E+01
 0.5955879799954860E+00   0.8297485323207614E+00
 0.4994748267559275E-01   0.6958476637406993E-01
-0.2145726024643582E-17  -0.7890132791917915E-15
 0.5026361271642799E-15   0.6990935608186533E-15
 0.4813633974828694E+00   0.1153871989370298E+01
 0.2655842599619037E-13   0.3730150450836839E-13
-0.6558113858115013E-14  -0.8526749107256496E-14
-0.1276756478318930E-14  -0.1254205073131233E-14
-0.2786979234523675E-13  -0.3376778520895105E-13
-0.8747486078863013E-13  -0.1074578372366326E-12
 0.2481370855517628E+01   0.3611743745400942E+01
 0.3157341516041313E-15  -0.3745320498397989E-15
-0.1912727867173450E-15  -0.7524778563490277E-15
-0.9645062526431047E-14  -0.1307981500886513E-13
 0.8956325804755933E-14   0.1384464097277227E-13
 0.2857209177097263E-13   0.4409433982675684E-13
-0.6568563592467552E+00  -0.1010557754818765E+01
 0.8465024883962848E+00   0.1608645193520732E+01
-0.4075837858073955E-15  -0.8358783540093082E-15
-0.8591974039155308E-15  -0.1260013432586973E-14
-0.4577309504880299E+00  -0.6046461264871283E+00
 0.1790159143994729E-14   0.2198860058283556E-14
-0.1731996766466646E-14  -0.2127849555359253E-14
 0.1801336857454314E-13   0.2796460979448412E-13
-0.5558054017029690E-14  -0.9851494620072287E-14
 0.7804670210767088E+00   0.1426858304210430E+01
-0.4996003610813204E-15  -0.7346553920761778E-15
-0.3460773334573730E-15  -0.7342217112071836E-15
 0.1530125256507481E-14   0.1633282348105022E-14
 0.8239936510889834E-16  -0.2059984127722458E-17
-0.1859623566247137E-14  -0.3048776509029238E-14
-0.3732855586060715E-15  -0.7790095252530259E-16
-0.4556427658812462E-15  -0.6334649149844621E-15
 0.3127253206532532E-14   0.4634398317993429E-14
 0.1640369893666615E+01   0.2621642904308148E+01
 0.1465841337200402E-15   0.1340073885192083E-15
-0.6167077482369110E-16  -0.1180418339030015E-14
-0.4014146129981633E-14  -0.5366589643232207E-14
 0.1835825328561080E-15   0.3088959752046982E-15
-0.2138046684141415E-15  -0.3014082039509702E-15
-0.1985348533518161E-14  -0.2981256035473996E-14
-0.1703488730236881E-14  -0.2108745489326146E-14
-0.4689004761648795E-14  -0.6826304922737243E-14
-0.7047314121155779E-18  -0.1011425101657415E-15
 0.1640369893666606E+01   0.2621642904308132E+01
 0.2695938405619084E-15   0.1325366034591765E-14
 0.5807269913660945E-15   0.8422365679886291E-15
 0.4731627071340327E+00   0.5913103752940798E+00
-0.1409390895833654E-14  -0.1832535683776901E-14
 0.1888024499413060E-14   0.2332727600760023E-14
 0.2657596365196472E-14   0.4416605969836946E-14
-0.1465494392505207E-13  -0.1705927066275592E-13
-0.5733822203014962E+00  -0.6980867487825634E+00
 0.2497153691985278E-14   0.2976010057359768E-14
-0.1645984846636386E-14  -0.2118065912798611E-14
 0.9182304413919118E+00   0.1882397706115602E+01
 0.5339695699491109E-16   0.1780259967221198E-15
 0.6099823066357118E-15   0.1704186244162395E-14
-0.3608436290879683E-15  -0.2056782756699683E-15
-0.5940513109637530E-15  -0.7694447292858064E-15
-0.6922630871319946E-16  -0.8153200337090993E-16
-0.9387842715543384E-16   0.4087681325328272E-15
-0.9898596907473662E-15  -0.7410977807343066E-15
-0.1425231032012172E-14  -0.1150649507428970E-14
 0.8210459288918818E-03   0.2292143374889249E-02
-0.1379333761697126E+00  -0.3850735546429423E+00
 0.5980371182164388E-15   0.1177170635070319E-14
 0.5574908440057154E+00   0.1335616972553117E+01
 0.5204170427930421E-15  -0.1110223024625157E-14
 0.3087807787238717E-15   0.1361757928641794E-15
 0.7143919289863938E-17  -0.1905629639473502E-15
 0.9410874857174178E-16   0.2203098814490545E-15
-0.1033895191682177E-14  -0.6938893903907228E-15
 0.3504326034021472E-15   0.4506540284275569E-15
-0.1780740356723618E-15  -0.3196943031073681E-16
 0.2109630107400588E-15   0.1338166899267983E-14
 0.1379333761697126E+00   0.3850735546429432E+00
 0.8210459288917828E-03   0.2292143374888913E-02
-0.4867650865618348E-16  -0.3321637873662805E-15
 0.8334804200982315E-17  -0.8673617379884035E-18
 0.5574908440057147E+00   0.1335616972553116E+01
-0.5704567423213154E-15  -0.1448457818641387E-14
 0.3027722150573628E-15  -0.2235479297638079E-15
 0.1219034569862231E+00   0.6745654755816512E-01
 0.4265791249307697E-15   0.1011649925815829E-14
 0.1322074713989376E-15  -0.3793036291861487E-17
-0.1422473250300981E-15  -0.2508410146262476E-14
 0.1865001209022665E-13   0.2533563636664127E-13
 0.5177292579815960E+00   0.8045693916656610E+00
-0.2427746241828028E-14  -0.3665308537693662E-14
 0.2643913774009823E-14   0.3927121821698559E-14
-0.2055361002448057E+00  -0.4843593967065104E+00
-0.1553016842026916E-14  -0.2462868613275794E-14
-0.3556533355454632E-15  -0.3674505117249232E-15
 0.8499718672229735E+00   0.1762559955564553E+01
-0.1346998203066689E-14  -0.1026806298344220E-14
-0.1705615131414285E-15  -0.2700817869958628E-15
-0.1415534356397074E-14  -0.3729655473350152E-15
-0.3503824422802665E-16   0.1787235272642320E-14
 0.8707224437951971E-15   0.8126075180828394E-14
-0.2478333100444312E-01  -0.1935441698523149E+00
 0.5001457945647987E+00   0.4731656694116335E+00
-0.1969258089928871E-13  -0.2293304435241339E-13
 0.3136070197072979E-15   0.1649579222198349E-15
 0.8669189599371924E-15   0.2698588360724066E-15
 0.9124645483638005E-15   0.3125754863275709E-14
-0.1465250785654530E-15  -0.8166734915072496E-15
-0.7014865374448994E-16  -0.2143177670152567E-15
-0.3393119119010635E-14  -0.1428111101597906E-14
 0.4600577133846694E+00   0.1476540120183065E+01
 0.8069990516631225E-02   0.4900133437552729E-03
-0.2266980122641182E+00  -0.1376520217502840E-01
-0.7696040596217199E-15  -0.1117148147834116E-14
-0.4179644130222568E+00  -0.5871819749535829E+00
 0.2011279976105543E-01   0.2825569143589627E-01
-0.5039827248559153E-14  -0.7252991686687164E-14
 0.1295938447338042E-15   0.2519429452464101E-15
 0.1822798122308502E-15   0.1751075691664730E-15
 0.5922454367202068E-16   0.4471656335144902E-16
 0.1464099096307018E-15   0.1123146629817889E-15
-0.3833425398004627E-15  -0.7371628847243937E-15
 0.7005610453997713E-15   0.8190665663139235E-15
-0.5831652435256407E-16  -0.1202109158743303E-15
-0.9277722853272969E-15  -0.1491866705473609E-14
-0.5291863511530574E-15  -0.7587349330156783E-15
 0.1118156160084659E+01   0.2028709848740225E+01
-0.2266980122641152E+00  -0.1376520217502290E-01
-0.8069990516629735E-02  -0.4900133437527269E-03
-0.7877925503032772E-15  -0.1091306351565454E-14
 0.2011279976105507E-01   0.2825569143589606E-01
 0.4179644130222524E+00   0.5871819749535758E+00
 0.1846380556436506E-13   0.2592490342154004E-13
-0.1498670607710025E-15   0.1493795804983984E-15
-0.6672053176292373E-16   0.1210375132865372E-15
 0.4492933802779930E-15   0.6557254739192331E-15
 0.9912318361948724E-16   0.5244828009398628E-16
 0.4471455081819174E-15   0.5639392330688326E-15
 0.3321995456495586E-15   0.4646348410186629E-15
-0.2206568261442499E-14  -0.3649858193455202E-14
 0.1333327543045541E-15   0.2623368674389939E-15
 0.4702225100849600E-15   0.5673780959445817E-15
-0.1923611823214516E-16   0.2638677037286596E-16
 0.1118156160084655E+01   0.2028709848740218E+01
-0.8040895809572582E-15  -0.1831688150982534E-14
-0.2078351385632438E-15  -0.1075786029209769E-14
 0.2775557561562892E-15   0.1804112415015883E-15
-0.2800606576847200E-14   0.7667150631686579E-15
-0.6614248299267039E-14   0.5804410581406348E-14
 0.1385467457556088E+00  -0.1444969686008889E+00
 0.2696837671481092E+00   0.6793551409048858E+00
-0.8409939411535561E-14  -0.1974809205051997E-13
-0.2675249191117793E-15  -0.2778199616971187E-15
 0.2085046314898743E-15   0.1037972436253924E-14
-0.4996003610813204E-15  -0.1276756478318930E-14
-0.9691651333335680E-15  -0.5404163199331719E-15
 0.1108525124754219E-15   0.5881093320348827E-15
 0.6383782391594650E-14   0.4489464355827977E-14
 0.5822488448143153E+00   0.3858365272490749E+00
 0.2575931930159217E-15   0.4407918110697521E-15
-0.1387368633025355E-15   0.1638072666769152E-15
 0.9625678747089186E-01   0.1237386864266202E+01
 0.1766380797081875E+00   0.9690226038448232E-01
 0.1815047411948669E-02   0.9957207257529563E-03
 0.1276050552538251E-15   0.5915224034734882E-15
-0.7417482745083259E-02  -0.2552918078874075E-01
-0.1008857359130553E+00  -0.3472242915343148E+00
-0.4432604710704819E-14  -0.1562241114922789E-13
 0.2786582504243305E-16  -0.1213801138489629E-15
 0.5840877309301368E-16  -0.3366240757105322E-15
-0.4934204086981531E-15  -0.9575673587391975E-15
-0.2241757398203231E-16   0.1362435554999597E-15
 0.5001342158831333E-16   0.3205733861118256E-15
-0.9545722502377063E-16  -0.2374402757743255E-15
 0.6331740687315346E-15   0.2310651670001107E-14
 0.2622304847150276E-16  -0.1887354776108826E-15
 0.2620200969493155E-16   0.7510218075955451E-16
-0.2276411950680557E-02   0.2879405882167296E-02
 0.8992983250379850E-01  -0.1137511550210913E+00
 0.2013995585242562E-15   0.2684180065787055E-15
 0.3511179871773528E+00   0.1637166408711675E+01
-0.1815047411949187E-02  -0.9957207257555451E-03
 0.1766380797081880E+00   0.9690226038448678E-01
 0.2678635549603789E-15   0.9272366918983988E-15
 0.1008857359130553E+00   0.3472242915343168E+00
-0.7417482745083492E-02  -0.2552918078874093E-01
 0.1193617164821830E-14   0.3818025983576184E-14
-0.1763787017513666E-15  -0.3495664468305567E-16
-0.2083332437815454E-16   0.1020141041398991E-15
-0.1762980495097211E-15  -0.5284401388694349E-15
 0.5771100167439565E-15   0.5967681691420711E-15
 0.1752113743368251E-16   0.1171620122077876E-15
 0.1010608085440229E-14   0.1376983769385163E-14
 0.1621898687402534E-15   0.7588331005226046E-15
-0.1420246483539684E-15   0.1626229913414491E-15
 0.2475541109506693E-15   0.4666592401237250E-15
 0.8992983250379859E-01  -0.1137511550210910E+00
 0.2276411950680638E-02  -0.2879405882166933E-02
 0.3466603132285062E-16  -0.8089141747560510E-16
 0.2640709916360007E-16   0.1585916727803172E-15
 0.3511179871773522E+00   0.1637166408711672E+01
 0.2613008295213630E-15  -0.6767216407572826E-15
-0.4443252272745420E-15  -0.1111073026436040E-14
-0.9714451465470652E-16  -0.2116362640691554E-15
-0.2271732861124627E-14   0.1112694973227837E-14
-0.5576593573438516E-14   0.7492399149293900E-14
 0.1272754384683661E+00  -0.1611628657762807E+00
-0.2592843850064024E+00  -0.1044575781939125E+00
 0.6945832797811133E-14   0.2088607065076082E-14
-0.3813576813126894E-14  -0.2112324785352520E-14
 0.3819224056461746E-14   0.1483877365259097E-14
 0.7910339050454245E-15   0.1040834085586083E-14
 0.6653708264380993E-14   0.1026282353877445E-13
 0.5453909365087071E-14   0.8911021073251630E-14
 0.3334138520827426E-14   0.4636048489548010E-14
 0.3152898553690608E+00   0.4146063888666566E+00
 0.7563480917385247E-16   0.3844971739933290E-15
-0.1185893144432256E-15   0.4968422315404112E-15
 0.1796257923118851E+00   0.6546858193885997E+00
 0.2113102397987276E-17  -0.3057878319874757E-16
-0.2285403366612554E-16   0.1741199061312363E-15
 0.2121870356197544E+00   0.1331125010316173E+01
 0.5759281940243000E-15   0.0000000000000000E+00
-0.1333568672157170E-15  -0.3087807787238717E-15
-0.1091277621494730E-15  -0.1763294941284797E-15
-0.5637851296924623E-16  -0.7459310946700271E-16
-0.1568190022283034E-14  -0.1165734175856414E-14
 0.1354899573553429E-14  -0.2205346228189960E-14
-0.3042451581253812E-14  -0.1230518211105902E-14
 0.1064003714466601E-14   0.2697434743065455E-15
 0.3146928606042954E+00   0.1350777617275171E+00
 0.4748298323625822E-02   0.2038144457228092E-02
-0.1280468604085199E-15  -0.1999685060955085E-15
 0.4738177722830294E-02   0.7313002003479097E-02
-0.5186627738363138E+00  -0.8005149080666623E+00
-0.2077557644562283E-15  -0.1627400122191209E-15
 0.3655875383352636E-14   0.4684025653621471E-14
-0.6423897871976614E-17  -0.2716604068433992E-16
-0.8491471414906471E-15  -0.1674008154317619E-14
 0.1534013940489793E-14   0.6562960213840042E-14
 0.1491862189340054E-15   0.1512678871051776E-14
 0.2829767670187167E-16   0.4662069341687669E-16
-0.9541012535948626E-15   0.1412435839699537E-14
 0.3049826298008220E+00   0.1217990050755721E+01
-0.2947945706988087E-15  -0.4872404563149857E-15
-0.3672531571387305E-15  -0.1031415079212616E-14
 0.1889548686184622E-15   0.1978926494208975E-15
 0.3270021514852062E-15   0.4086357988097866E-15
 0.3009745230819760E-15   0.5273559366969494E-15
 0.1984765194585007E-14  -0.1441880551174898E-14
-0.2904097513170306E-14  -0.8501152432140371E-15
 0.1944105574037459E-14   0.7989132776416226E-15
 0.4748298323625447E-02   0.2038144457227456E-02
-0.3146928606042959E+00  -0.1350777617275186E+00
-0.3752498678358609E-15   0.2615921572076773E-15
-0.5186627738363144E+00  -0.8005149080666644E+00
-0.4738177722830334E-02  -0.7313002003479154E-02
-0.1989922292583486E-14  -0.2751929048909389E-14
 0.3285443792584420E-14   0.4199484234793557E-14
 0.4488234622807241E-15   0.6427677227108144E-15
 0.3628214807586960E-15   0.5667260280853292E-15
 0.2237351913663397E-14   0.8314255131296929E-14
-0.1214306433183765E-16  -0.1761557479745823E-15
-0.1166461777158106E-15  -0.2665722799292426E-15
-0.1457947127608476E-14   0.8859846374274942E-15
-0.3602261718083088E-16  -0.8226383983733765E-16
 0.3049826298008230E+00   0.1217990050755726E+01
 0.3232421590711462E-15  -0.1047769502610412E-14
 0.8796278293926016E-16  -0.1936829142855018E-15
 0.2031384517439798E+00   0.1479939592344735E+00
-0.3740077395523967E-15  -0.4028039817387993E-15
 0.7244203446595357E-15   0.1462762200488575E-14
 0.4093947403305242E-15  -0.9263423361716083E-15
-0.8434225540199236E-14  -0.8368306048112117E-14
-0.3350974492395525E+00  -0.2990346525518175E+00
 0.1541110515316693E-14   0.1868611268235097E-14
-0.2229007284516571E-14  -0.1292113758003990E-14
 0.1713084346650867E+00  -0.2319244080004201E+00
-0.8203562725781694E-15  -0.2144505582187689E-14
 0.7291783428611519E-16   0.4663736634228230E-15
 0.1913968784936667E+00   0.5560983557880955E+00
-0.2095545958979983E-14  -0.5349887199912473E-14
 0.2172611550500382E-15   0.4385264630310139E-15
 0.8303880900398572E-16   0.3935947715678773E-15
 0.3469446951953614E-16   0.2983724378680108E-15
 0.3795843667965408E-16  -0.1274617111860820E-15
 0.3213809512845998E-17  -0.2637097770777536E-16
-0.3122502256758255E-16  -0.2272487753529616E-15
-0.6717456736933099E-17   0.3770397760273442E-15
 0.7607960136443700E-17  -0.1277737038790891E-15
 0.1339083230061839E+00   0.1368992936252146E+01
-0.3982876668010046E-16   0.2453507503127370E-15
-0.3692076105290870E-15   0.2955972189238297E-15
 0.3885780586188049E-15   0.2775557561562866E-16
 0.1043553712406061E-14  -0.8211245613159298E-15
 0.3351592045945293E-14  -0.2518998494268731E-14
-0.6764437393010855E-01   0.4831681332727220E-01
 0.2508988692298082E+00  -0.1381569149719036E-01
-0.7105427357601002E-14   0.1110223024625156E-15
 0.3549608401807469E-16   0.1152286991987117E-15
 0.4031473271174331E-15  -0.1410504441943499E-15
-0.6383782391594650E-15  -0.2636779683484747E-15
-0.1154397564536932E-16  -0.6479473484351764E-15
 0.7186128303592937E-15  -0.6660417527738445E-16
-0.7771561172376097E-15   0.3198830089701232E-14
-0.9302618590774527E-01   0.3115405250308810E+00
 0.2957602037519283E-15   0.1983524948245392E-15
-0.6299966804042572E-16  -0.3822119798210040E-15
 0.3649688483848025E+00  -0.2076437607845644E+00
-0.2091914999167462E-15  -0.4504004987199111E-16
 0.6675429228521327E-16  -0.3480941025689903E-15
 0.7846742906362721E-01  -0.4022627398658577E+00
 0.9769280319614812E-15  -0.4807511507706192E-14
 0.1229664689410870E-14  -0.5334249657004640E-14
-0.3469446951953614E-16   0.1318389841742373E-15
-0.7271477505655926E+00   0.5862510868317639E+00
-0.5691230094871375E-01  -0.3035732098167598E-02
-0.1857710066771094E-02  -0.9909123308594371E-04
-0.2911754828940366E-16  -0.2295113171086615E-16
-0.2386531113230186E-04   0.1848362074222679E-02
-0.4672050623754087E-03   0.3618490927647328E-01
 0.1105920938849551E-16   0.1607333665526937E-14
-0.1056827013277562E-16  -0.3074368728574901E-16
-0.2199991551357521E-15   0.1850881085116787E-15
 0.0000000000000000E+00   0.3885780586188048E-15
 0.1118896642005041E-15  -0.1171480447370588E-15
-0.7755824644396353E-16  -0.1579147816242641E-15
-0.3501973017128179E-16  -0.3220080452281948E-16
 0.8604228440844963E-15   0.1110223024625157E-15
-0.1324883097294461E-15  -0.4280141657715306E-16
-0.8343346825930446E-16  -0.7549229715638760E-17
 0.6667728299651882E-03   0.3409105995621425E-03
-0.2258012699344291E+00  -0.1154486848530736E+00
 0.2332370165863811E-16  -0.8475480048387815E-16
-0.1029591635336704E+00  -0.5616033205307158E+00
-0.2302023901781148E-02  -0.1255667026430902E-01
 0.8616891992477144E-16   0.7341309009808739E-16
-0.3469446951953614E-16  -0.1221245327087672E-14
-0.2550585610772149E-16   0.2279535067650773E-16
-0.2916320925632525E-16  -0.1307334590351744E-16
 0.4106219880811163E-16   0.3140204536902190E-16
-0.4272141603038827E+00   0.5692890387859673E+00
 0.1857710066770284E-02   0.9909123308713891E-04
-0.5691230094871400E-01  -0.3035732098168640E-02
 0.4585034166537137E-16  -0.1032998082219241E-15
 0.4672050623750232E-03  -0.3618490927647262E-01
-0.2386531113237371E-04   0.1848362074222724E-02
-0.6037392542227410E-16  -0.4487747452784454E-15
-0.2232333723516489E-16   0.4270892262751247E-16
-0.1665345791550631E-15  -0.9268121423926719E-16
 0.1546758699537431E-15   0.1582352605388428E-15
 0.2691069723323605E-15   0.8444053359690813E-16
 0.1021629961333570E-15  -0.2364761151780516E-15
-0.3348623740249465E-15  -0.5411533367497672E-16
-0.1049759436531384E-16  -0.1049868928074666E-15
 0.8972072580884604E-16  -0.2284829438424045E-17
 0.1057129213719844E-15   0.1206336390610556E-15
-0.2258012699344294E+00  -0.1154486848530741E+00
-0.6667728299656632E-03  -0.3409105995621681E-03
 0.9491226459116901E-17   0.2623773614326539E-15
 0.2302023901781278E-02   0.1255667026430888E-01
-0.1029591635336701E+00  -0.5616033205307159E+00
 0.1091214439976767E-15   0.2859781828005259E-15
-0.1195001148442245E-15  -0.4545342274154389E-16
-0.1588559849314333E-15  -0.6042579466992819E-15
-0.9117439675936680E-16   0.5072543950219763E-15
-0.1325141864152661E-15   0.5313442811762457E-16
 0.3914999722230635E-16  -0.5168353350475694E-17
-0.4272141603038830E+00   0.5692890387859677E+00
-0.5966020224715381E-15   0.4252753130998946E-15
-0.4736472458918634E-15   0.2584119172941733E-15
-0.4644034083960528E-01  -0.1451379252277517E-01
 0.1647566025529565E-15   0.6899166140011240E-16
-0.1681730676442126E-15  -0.3160327839680651E-15
-0.4701100619897134E-15   0.3963843142607004E-15
 0.3982925100842749E-14   0.3084338340286763E-14
 0.1467257369806153E+00   0.1006518129216891E+00
-0.6835944459931856E-15  -0.7276987911803393E-15
 0.6667384698712618E-15   0.2420696038257236E-15
-0.1303092121820744E-01   0.1686486742821930E+00
-0.5980323196762586E-15  -0.5923585737641625E-15
 0.4072799118358866E-15  -0.4757286379974795E-15
 0.1896479061861215E+00   0.1297947194207403E+00
-0.1814520755871741E-14  -0.1389513504257422E-14
-0.1287748836827679E-15   0.1934573579997527E-16
-0.5901730909947048E-16  -0.1634946615425141E-15
 0.1569924745759011E-15  -0.7112366251504912E-16
-0.2152210038142869E-15  -0.9496657342223510E-16
-0.1655444610696152E-15  -0.8289294954382446E-15
 0.2428612866367618E-16   0.9107298248877607E-17
 0.5749190800623419E-16  -0.5449829129978775E-15
-0.2029100067726748E-17   0.4337570379738704E-16
 0.5113109214844461E-01  -0.3971146568570072E+00
-0.6418476861114186E-16   0.3556183125752455E-16
 0.1087148421864629E-16   0.8994986847331316E-16
 0.1120437232139137E-16   0.1988323562818746E-15
-0.4802848386472549E+00   0.4865817770198992E+00
 0.1298233904205744E-15  -0.1773900358182350E-16
 0.1213028660212211E-15   0.2242403257079101E-16
-0.3330669073875471E-15  -0.2775557561562881E-16
 0.8919352175896567E-15  -0.1266419013211359E-15
 0.2550622135591261E-14  -0.1087302754602953E-15
-0.4505020742439952E-01  -0.4210430828141196E-04
 0.6615605442400017E-01  -0.5262382242285697E-01
-0.1776356839400250E-14   0.1360023205165817E-14
 0.1712852179214435E-16  -0.7937041220513291E-16
 0.2525796428246601E-15  -0.1463891057021168E-15
-0.2220446049250313E-15   0.2151057110211241E-15
 0.1887107071973516E-15  -0.2311680667036919E-15
 0.4212097564692651E-15  -0.7220869307554630E-16
-0.6661338147750938E-15   0.1366962099069724E-14
-0.8878570245987888E-01   0.1313228465080626E+00
 0.1204122592615524E-15   0.1128284737386556E-16
 0.2947926558627853E-15   0.5586771910139420E-17
 0.2834958864586616E+00  -0.8382498166482888E-01
-0.2952177724192615E-15   0.5576571537718707E-17
 0.8974733087951233E-16   0.7497388849748479E-16
 0.1263220492574388E+00   0.2440918055900335E-01
 0.1575680823566119E-14   0.1297422601798004E-15
 0.1710301583813233E-14   0.2945674078809533E-15
 0.8326672684688674E-16  -0.5551115123125783E-16
-0.4552577308526185E+00   0.2039060755415601E+00
 0.6334311099709227E-16   0.3741354327831458E-16
-0.1679757072420154E-15  -0.1970573439705502E-16
-0.1040834085586084E-15   0.1066854937725736E-15
-0.9687701001079011E+00   0.1775138554486107E+00
 0.2115710822226830E+01   0.3044356347009322E+01
 0.2257959444418312E-14   0.3136163204131570E-14
 0.2115710822226796E+01   0.3044356347009274E+01
-0.1118802058743051E-14  -0.1345136894065943E-14
-0.3802158173654920E-14  -0.5032540246111964E-14
 0.3003497465004525E+00   0.6756529708539660E+00
 0.5130585165438401E-01   0.6958476637407264E-01
-0.6117855577877529E+00  -0.8297485323207753E+00
 0.1339014349366075E-14   0.2840699023930566E-14
 0.5028179767463402E+00   0.1153871989370338E+01
 0.6117855577877392E+00   0.8297485323207614E+00
 0.5130585165438124E-01   0.6958476637406993E-01
-0.6198639696266029E-16  -0.7890132791917915E-15
 0.5310422240834001E-15   0.6990935608186533E-15
 0.5028179767463193E+00   0.1153871989370298E+01
 0.2746290336576284E-13   0.3730150450836839E-13
-0.6662079816018146E-14  -0.8526749107256496E-14
-0.9853229343548258E-15  -0.1254205073131233E-14
-0.2725683640028630E-13  -0.3376778520895105E-13
-0.8550290797886549E-13  -0.1074578372366326E-12
 0.2456103855886420E+01   0.3611743745400942E+01
 0.2444957223030096E-15  -0.3745320498397989E-15
-0.3373777931354583E-15  -0.7524778563490277E-15
-0.9749145934989656E-14  -0.1307981500886513E-13
 0.9672924275008454E-14   0.1384464097277227E-13
 0.3089111605608183E-13   0.4409433982675684E-13
-0.7077521321991427E+00  -0.1010557754818765E+01
 0.8925759840140668E+00   0.1608645193520732E+01
-0.4084443717780756E-15  -0.8358783540093082E-15
-0.8891725740421995E-15  -0.1260013432586973E-14
-0.4549952215670274E+00  -0.6046461264871283E+00
 0.1783964307300325E-14   0.2198860058283556E-14
-0.1671069991554704E-14  -0.2127849555359253E-14
 0.1953992523340273E-13   0.2796460979448412E-13
-0.7133182933216631E-14  -0.9851494620072287E-14
 0.7637730605136165E+00   0.1426858304210430E+01
-0.2706168622523819E-15  -0.7346553920761778E-15
-0.3647256108241237E-15  -0.7342217112071836E-15
 0.1506743880603852E-14   0.1633282348105022E-14
 0.6028164079019405E-16  -0.2059984127722458E-17
-0.2012279232133096E-14  -0.3048776509029238E-14
-0.3861960659518701E-15  -0.7790095252530259E-16
-0.4423093703847211E-15  -0.6334649149844621E-15
 0.3177248410452640E-14   0.4634398317993429E-14
 0.1630146121729663E+01   0.2621642904308148E+01
 0.1275021754842953E-15   0.1340073885192083E-15
-0.2625869899124111E-15  -0.1180418339030015E-14
-0.3996260559437557E-14  -0.5366589643232207E-14
 0.1706398694220623E-15   0.3088959752046982E-15
-0.2220446049250313E-15  -0.3014082039509702E-15
-0.2129614406112766E-14  -0.2981256035473996E-14
-0.1580564131352881E-14  -0.2108745489326146E-14
-0.4706509721208878E-14  -0.6826304922737243E-14
-0.1355252715606881E-17  -0.1011425101657415E-15
 0.1630146121729653E+01   0.2621642904308132E+01
 0.1864749312228002E-15   0.1325366034591765E-14
 0.5593258115538170E-15   0.8422365679886291E-15
 0.4731106116835907E+00   0.5913103752940798E+00
-0.1370476260037835E-14  -0.1832535683776901E-14
 0.1906131830633054E-14   0.2332727600760023E-14
 0.2879640970121503E-14   0.4416605969836946E-14
-0.1497413304463180E-13  -0.1705927066275592E-13
-0.5784965022870691E+00  -0.6980867487825634E+00
 0.2517464301683974E-14   0.2976010057359768E-14
-0.1641319831911301E-14  -0.2118065912798611E-14
 0.8830046115901837E+00   0.1882397706115602E+01
 0.6358845741627484E-16   0.1780259967221198E-15
 0.6688138270202065E-15   0.1704186244162395E-14
-0.3398567083622864E-15  -0.2056782756699683E-15
-0.5425923653521597E-15  -0.7694447292858064E-15
-0.5318011656041399E-16  -0.8153200337090993E-16
-0.3052806217322491E-15   0.4087681325328272E-15
-0.8886515546626127E-15  -0.7410977807343066E-15
-0.1381396701576764E-14  -0.1150649507428970E-14
 0.8228775962479552E-03   0.2292143374889249E-02
-0.1382410910654980E+00  -0.3850735546429423E+00
 0.5607002945854883E-15   0.1177170635070319E-14
 0.5386500234790086E+00   0.1335616972553117E+01
 0.5967448757360216E-15  -0.1110223024625157E-14
 0.2318024244774008E-15   0.1361757928641794E-15
-0.1053380724767508E-16  -0.1905629639473502E-15
 0.1114559833315099E-15   0.2203098814490545E-15
-0.1089406342913435E-14  -0.6938893903907228E-15
 0.2406746754919200E-15   0.4506540284275569E-15
-0.9867518506611044E-16  -0.3196943031073681E-16
 0.2466170483316679E-15   0.1338166899267983E-14
 0.1382410910654980E+00   0.3850735546429432E+00
 0.8228775962478620E-03   0.2292143374888913E-02
-0.1639642155754865E-16  -0.3321637873662805E-15
 0.6830473686658678E-17  -0.8673617379884035E-18
 0.5386500234790080E+00   0.1335616972553116E+01
-0.5195239567059345E-15  -0.1448457818641387E-14
 0.2547897800428561E-15  -0.2235479297638079E-15
 0.1170341196509503E+00   0.6745654755816512E-01
 0.4343184134791820E-15   0.1011649925815829E-14
 0.1202278622701964E-15  -0.3793036291861487E-17
 0.1117161918529064E-14  -0.2508410146262476E-14
 0.1794744908245605E-13   0.2533563636664127E-13
 0.5094772987303970E+00   0.8045693916656610E+00
-0.2383003806174136E-14  -0.3665308537693662E-14
 0.2593195068520415E-14   0.3927121821698559E-14
-0.1937254388977602E+00  -0.4843593967065104E+00
-0.1459887352164058E-14  -0.2462868613275794E-14
-0.3370836114846361E-15  -0.3674505117249232E-15
 0.8109225812613597E+00   0.1762559955564553E+01
-0.1329753598619138E-14  -0.1026806298344220E-14
 0.2630171962113046E-16  -0.2700817869958628E-15
-0.1519617764955683E-14  -0.3729655473350152E-15
-0.1753975907457936E-14   0.1787235272642320E-14
-0.4918496982808639E-14   0.8126075180828394E-14
 0.1077206273736543E+00  -0.1935441698523149E+00
 0.4399489944852755E+00   0.4731656694116335E+00
-0.1781214065132986E-13  -0.2293304435241339E-13
 0.3180489911256728E-15   0.1649579222198349E-15
 0.7940474339782421E-15   0.2698588360724066E-15
 0.6973588373426765E-15   0.3125754863275709E-14
 0.1071681600347132E-16  -0.8166734915072496E-15
-0.8777030125787524E-16  -0.2143177670152567E-15
-0.3943026460895283E-14  -0.1428111101597906E-14
 0.3727849644745008E+00   0.1476540120183065E+01
 0.7207292129966772E-02   0.4900133437552729E-03
-0.2024635340404730E+00  -0.1376520217502840E-01
-0.8452962267845131E-15  -0.1117148147834116E-14
-0.4336700428654549E+00  -0.5871819749535829E+00
 0.2086856790378647E-01   0.2825569143589627E-01
-0.5227010527179098E-14  -0.7252991686687164E-14
 0.1356936963423481E-15   0.2519429452464101E-15
 0.1679979367419440E-15   0.1751075691664730E-15
 0.7176401942317334E-16   0.4471656335144902E-16
 0.1087925941079871E-15   0.1123146629817889E-15
-0.3850734094739882E-15  -0.7371628847243937E-15
 0.7498112996618398E-15   0.8190665663139235E-15
-0.8241291763605441E-16  -0.1202109158743303E-15
-0.9506212918308663E-15  -0.1491866705473609E-14
-0.5635993885353671E-15  -0.7587349330156783E-15
 0.1112896258161658E+01   0.2028709848740225E+01
-0.2024635340404704E+00  -0.1376520217502290E-01
-0.7207292129965156E-02  -0.4900133437527269E-03
-0.8226019042453076E-15  -0.1091306351565454E-14
 0.2086856790378613E-01   0.2825569143589606E-01
 0.4336700428654506E+00   0.5871819749535758E+00
 0.1909305369423320E-13   0.2592490342154004E-13
-0.6029962211355484E-16   0.1493795804983984E-15
-0.2407138119421572E-16   0.1210375132865372E-15
 0.4007211229506424E-15   0.6557254739192331E-15
 0.8019030318245912E-16   0.5244828009398628E-16
 0.4467246023121946E-15   0.5639392330688326E-15
 0.3319827052150615E-15   0.4646348410186629E-15
-0.2331468351712829E-14  -0.3649858193455202E-14
 0.1420475708613626E-15   0.2623368674389939E-15
 0.4357848608711093E-15   0.5673780959445817E-15
-0.1426572889765693E-16   0.2638677037286596E-16
 0.1112896258161654E+01   0.2028709848740218E+01
-0.9076949994816484E-15  -0.1831688150982534E-14
-0.4640131892998810E-15  -0.1075786029209769E-14
 0.1110223024625157E-15   0.1804112415015883E-15
-0.8489646770888978E-15   0.7667150631686579E-15
-0.2720257114352028E-15   0.5804410581406348E-14
-0.4021340309896440E-02  -0.1444969686008889E+00
 0.3796363416237415E+00   0.6793551409048858E+00
-0.1135203042679223E-13  -0.1974809205051997E-13
-0.2282068824402799E-15  -0.2778199616971187E-15
 0.4218536406183767E-15   0.1037972436253924E-14
-0.7147060721024445E-15  -0.1276756478318930E-14
-0.8879037679438790E-15  -0.5404163199331719E-15
 0.2263391705423558E-15   0.5881093320348827E-15
 0.5755812493291046E-14   0.4489464355827977E-14
 0.5156089445443743E+00   0.3858365272490749E+00
 0.3086878699430645E-15   0.4407918110697521E-15
-0.4310095315230819E-16   0.1638072666769152E-15
 0.2678081696700970E+00   0.1237386864266202E+01
 0.1021776845157284E+00   0.9690226038448232E-01
 0.1049928430752327E-02   0.9957207257529563E-03
 0.2642067406547508E-15   0.5915224034734882E-15
-0.1204721417125753E-01  -0.2552918078874075E-01
-0.1638550582642245E+00  -0.3472242915343148E+00
-0.7274828068838538E-14  -0.1562241114922789E-13
-0.4150774953995166E-16  -0.1213801138489629E-15
-0.1514341000573691E-16  -0.3366240757105322E-15
-0.5243201706139899E-15  -0.9575673587391975E-15
-0.4302927372051846E-17   0.1362435554999597E-15
 0.4367478169489810E-16   0.3205733861118256E-15
-0.1091046198699319E-15  -0.2374402757743255E-15
 0.8491471414906471E-15   0.2310651670001107E-14
-0.2284336089308054E-17  -0.1887354776108826E-15
-0.2581397170452455E-16   0.7510218075955451E-16
-0.7619564381664587E-03   0.2879405882167296E-02
 0.3010114880086677E-01  -0.1137511550210913E+00
 0.1907878646244460E-15   0.2684180065787055E-15
 0.4369644809673697E+00   0.1637166408711675E+01
-0.1049928430753201E-02  -0.9957207257555451E-03
 0.1021776845157301E+00   0.9690226038448678E-01
 0.5253239765601333E-15   0.9272366918983988E-15
 0.1638550582642255E+00   0.3472242915343168E+00
-0.1204721417125764E-01  -0.2552918078874093E-01
 0.1844373106333433E-14   0.3818025983576184E-14
-0.8438217748010478E-16  -0.3495664468305567E-16
 0.8853072273382160E-17   0.1020141041398991E-15
-0.1801334146948885E-15  -0.5284401388694349E-15
 0.6522774145491976E-15   0.5967681691420711E-15
 0.4669945617473186E-16   0.1171620122077876E-15
 0.8811164942606293E-15   0.1376983769385163E-14
 0.2113652135260491E-15   0.7588331005226046E-15
-0.6251410041621501E-16   0.1626229913414491E-15
 0.2026172599762554E-15   0.4666592401237250E-15
 0.3010114880086685E-01  -0.1137511550210910E+00
 0.7619564381665372E-03  -0.2879405882166933E-02
 0.1049082114193313E-15  -0.8089141747560510E-16
 0.4035264960719487E-16   0.1585916727803172E-15
 0.4369644809673690E+00   0.1637166408711672E+01
 0.1860286713386269E-15  -0.6767216407572826E-15
-0.5651256158450250E-15  -0.1111073026436040E-14
-0.1040834085586142E-15  -0.2116362640691554E-15
-0.1161583712658016E-14   0.1112694973227837E-14
-0.2057534622178153E-14   0.7492399149293900E-14
 0.4892271461199041E-01  -0.1611628657762807E+00
-0.1649144933476355E+00  -0.1044575781939125E+00
 0.4418340693312925E-14   0.2088607065076082E-14
-0.3643119888806007E-14  -0.2112324785352520E-14
 0.3877631909548696E-14   0.1483877365259097E-14
 0.5030698080332746E-15   0.1040834085586083E-14
 0.6536833795291000E-14   0.1026282353877445E-13
 0.5327906224457574E-14   0.8911021073251630E-14
 0.2333203075188808E-14   0.4636048489548010E-14
 0.2199808416295751E+00   0.4146063888666566E+00
 0.1098530690743095E-15   0.3844971739933290E-15
-0.4780262764690852E-16   0.4968422315404112E-15
 0.3127528986340282E+00   0.6546858193885997E+00
-0.5613037754284066E-16  -0.3057878319874757E-16
-0.3482156371618801E-16   0.1741199061312363E-15
 0.2546096175830254E+00   0.1331125010316173E+01
 0.3191891195797325E-15   0.0000000000000000E+00
-0.9606031248221569E-16  -0.3087807787238717E-15
-0.9511283118912146E-16  -0.1763294941284797E-15
-0.4857225732735060E-16  -0.7459310946700271E-16
-0.1637578961322106E-14  -0.1165734175856414E-14
 0.4570386757024517E-15  -0.2205346228189960E-14
-0.1990631147866612E-14  -0.1230518211105902E-14
 0.1042808546971377E-14   0.2697434743065455E-15
 0.3035223924545930E+00   0.1350777617275171E+00
 0.4579750759224469E-02   0.2038144457228092E-02
-0.9158153712984499E-16  -0.1999685060955085E-15
 0.4557989346350459E-02   0.7313002003479097E-02
-0.4989385235812452E+00  -0.8005149080666623E+00
-0.2064373242830523E-15  -0.1627400122191209E-15
 0.2653267147816975E-14   0.4684025653621471E-14
-0.2737610485525899E-17  -0.2716604068433992E-16
-0.9523631883112671E-15  -0.1674008154317619E-14
 0.3017286411718402E-14   0.6562960213840042E-14
 0.3712308238590367E-15   0.1512678871051776E-14
 0.3241764495731658E-16   0.4662069341687669E-16
-0.1057553817974643E-15   0.1412435839699537E-14
 0.2730623340678971E+00   0.1217990050755721E+01
-0.2509928029303943E-15  -0.4872404563149857E-15
-0.1747124038324610E-15  -0.1031415079212616E-14
 0.1822937437769960E-15   0.1978926494208975E-15
 0.2635695481312261E-15   0.4086357988097866E-15
 0.3027092465579528E-15   0.5273559366969494E-15
 0.8697742508003846E-15  -0.1441880551174898E-14
-0.1648746198734859E-14  -0.8501152432140371E-15
 0.1871219007708353E-14   0.7989132776416226E-15
 0.4579750759224106E-02   0.2038144457227456E-02
-0.3035223924545933E+00  -0.1350777617275186E+00
-0.3752471239993279E-15   0.2615921572076773E-15
-0.4989385235812458E+00  -0.8005149080666644E+00
-0.4557989346350495E-02  -0.7313002003479154E-02
-0.1919326528161359E-14  -0.2751929048909389E-14
 0.2043044915554830E-14   0.4199484234793557E-14
 0.3303715823749348E-15   0.6427677227108144E-15
 0.3714408880299558E-15   0.5667260280853292E-15
 0.4061670768281815E-14   0.8314255131296929E-14
-0.5175710120902677E-16  -0.1761557479745823E-15
 0.4670031451391859E-16  -0.2665722799292426E-15
-0.4209497514264242E-15   0.8859846374274942E-15
-0.3226856715859983E-16  -0.8226383983733765E-16
 0.2730623340678981E+00   0.1217990050755726E+01
 0.4639334050883379E-15  -0.1047769502610412E-14
 0.1197057220549505E-15  -0.1936829142855018E-15
 0.1918706221678762E+00   0.1479939592344735E+00
-0.3725986579587792E-15  -0.4028039817387993E-15
 0.5873146662320266E-15   0.1462762200488575E-14
 0.4891920202254571E-15  -0.9263423361716083E-15
-0.7556455461354972E-14  -0.8368306048112117E-14
-0.3027880453590951E+00  -0.2990346525518175E+00
 0.1361509165258272E-14   0.1868611268235097E-14
-0.2113175432655039E-14  -0.1292113758003990E-14
 0.2123168181327784E+00  -0.2319244080004201E+00
-0.7525730175496519E-15  -0.2144505582187689E-14
-0.8641330221858826E-17   0.4663736634228230E-15
 0.1713699639221087E+00   0.5560983557880955E+00
-0.1956768080901838E-14  -0.5349887199912473E-14
 0.2144686024083200E-15   0.4385264630310139E-15
 0.3278636136812977E-16   0.3935947715678773E-15
-0.5204170427930423E-17   0.2983724378680108E-15
 0.8712782437080333E-16  -0.1274617111860820E-15
-0.2173419151414441E-17  -0.2637097770777536E-16
 0.2775557561562889E-16  -0.2272487753529616E-15
-0.8258149632833798E-16   0.3770397760273442E-15
 0.2619918079443530E-16  -0.1277737038790891E-15
 0.1378599069540884E-01   0.1368992936252146E+01
 0.5049805426585086E-16   0.2453507503127370E-15
-0.3347253136835366E-16   0.2955972189238297E-15
 0.3330669073875472E-15   0.2775557561562866E-16
-0.1524178538346889E-14  -0.8211245613159298E-15
-0.4996727194224457E-14  -0.2518998494268731E-14
 0.1210527412740527E+00   0.4831681332727220E-01
 0.1229535167835080E+00  -0.1381569149719036E-01
-0.3524958103184872E-14   0.1110223024625156E-15
 0.1413999567473137E-16   0.1152286991987117E-15
 0.1726982275392697E-15  -0.1410504441943499E-15
-0.4163336342344337E-15  -0.2636779683484747E-15
 0.4318200429706463E-16  -0.6479473484351764E-15
 0.5882320039755691E-15  -0.6660417527738445E-16
-0.8604228440844964E-15   0.3198830089701232E-14
-0.9906888089292866E-01   0.3115405250308810E+00
 0.2501194327604683E-15   0.1983524948245392E-15
-0.1626428040846676E-15  -0.3822119798210040E-15
 0.1789592425508147E+00  -0.2076437607845644E+00
-0.1954110099319256E-15  -0.4504004987199111E-16
-0.7281628051799874E-16  -0.3480941025689903E-15
-0.7593352499063774E-01  -0.4022627398658577E+00
-0.6913095260985260E-15  -0.4807511507706192E-14
-0.8637199058909514E-15  -0.5334249657004640E-14
-0.9020562075079397E-16   0.1318389841742373E-15
-0.5751476010487931E+00   0.5862510868317639E+00
-0.7980439374384946E-02  -0.3035732098167598E-02
-0.2604945207963956E-03  -0.9909123308594371E-04
-0.9878789920594105E-16  -0.2295113171086615E-16
 0.1580812311712459E-02   0.1848362074222679E-02
 0.3094715633921247E-01   0.3618490927647328E-01
 0.1440968006306041E-14   0.1607333665526937E-14
 0.2424359571412264E-16  -0.3074368728574901E-16
-0.1741758831316602E-15   0.1850881085116787E-15
 0.4163336342344337E-16   0.3885780586188048E-15
 0.1001260706290363E-15  -0.1171480447370588E-15
-0.7112590459193944E-16  -0.1579147816242641E-15
-0.2114194236346734E-16  -0.3220080452281948E-16
 0.6661338147750939E-15   0.1110223024625157E-15
-0.1089983342501863E-15  -0.4280141657715306E-16
-0.6105615815016205E-16  -0.7549229715638760E-17
 0.5181105379181945E-03   0.3409105995621425E-03
-0.1754570854880893E+00  -0.1154486848530736E+00
 0.1686128789767359E-16  -0.8475480048387815E-16
-0.1474634321085855E+00  -0.5616033205307158E+00
-0.3297077537363947E-02  -0.1255667026430902E-01
 0.9600139486517699E-16   0.7341309009808739E-16
-0.1249000902703301E-15  -0.1221245327087672E-14
-0.3279711571768651E-17   0.2279535067650773E-16
-0.4623205242683607E-16  -0.1307334590351744E-16
 0.3633741696730334E-16   0.3140204536902190E-16
-0.3965488003962703E+00   0.5692890387859673E+00
 0.2604945207957653E-03   0.9909123308713891E-04
-0.7980439374385953E-02  -0.3035732098168640E-02
-0.8891613105553877E-16  -0.1032998082219241E-15
-0.3094715633921402E-01  -0.3618490927647262E-01
 0.1580812311712340E-02   0.1848362074222724E-02
-0.4225337103913841E-15  -0.4487747452784454E-15
-0.4492683359357153E-16   0.4270892262751247E-16
-0.1483391739049932E-15  -0.9268121423926719E-16
 0.1489028952827142E-15   0.1582352605388428E-15
 0.2483238575161176E-15   0.8444053359690813E-16
 0.1203237422108873E-15  -0.2364761151780516E-15
-0.2238001559102008E-15  -0.5411533367497672E-16
-0.3756820694671304E-16  -0.1049868928074666E-15
 0.3232948445561057E-16  -0.2284829438424045E-17
 0.6655234792783546E-16   0.1206336390610556E-15
-0.1754570854880895E+00  -0.1154486848530741E+00
-0.5181105379186664E-03  -0.3409105995621681E-03
 0.1046052408329952E-16   0.2623773614326539E-15
 0.3297077537364072E-02   0.1255667026430888E-01
-0.1474634321085851E+00  -0.5616033205307159E+00
 0.1070242024372942E-15   0.2859781828005259E-15
-0.1149835785052279E-15  -0.4545342274154389E-16
-0.2143835556809272E-15  -0.6042579466992819E-15
-0.1761701078743829E-15   0.5072543950219763E-15
-0.1053237267405973E-15   0.5313442811762457E-16
 0.3502292573685421E-16  -0.5168353350475694E-17
-0.3965488003962705E+00   0.5692890387859677E+00
-0.6700225558039051E-15   0.4252753130998946E-15
-0.4335338242365966E-15   0.2584119172941733E-15
-0.3845699851886623E-01  -0.1451379252277517E-01
 0.1103207787640601E-15   0.6899166140011240E-16
-0.7054162533966478E-16  -0.3160327839680651E-15
-0.4544975507059223E-15   0.3963843142607004E-15
 0.3014949401247691E-14   0.3084338340286763E-14
 0.1167153369085334E+00   0.1006518129216891E+00
-0.5210161601429357E-15  -0.7276987911803393E-15
 0.5511838176494902E-15   0.2420696038257236E-15
-0.4274654783321312E-01   0.1686486742821930E+00
-0.5495987956533917E-15  -0.5923585737641625E-15
 0.4881602390164792E-15  -0.4757286379974795E-15
 0.1796567450592951E+00   0.1297947194207403E+00
-0.1731254029024854E-14  -0.1389513504257422E-14
-0.7284740306426798E-16   0.1934573579997527E-16
-0.5351109271090096E-17  -0.1634946615425141E-15
 0.1196959198423997E-15  -0.7112366251504912E-16
-0.2658389713161855E-15  -0.9496657342223510E-16
-0.2309654007806331E-15  -0.8289294954382446E-15
-0.8933825901280470E-16   0.9107298248877607E-17
 0.1213729574618183E-15  -0.5449829129978775E-15
-0.1021269206219775E-16   0.4337570379738704E-16
 0.1216266445283533E+00  -0.3971146568570072E+00
-0.6071532165918831E-17   0.3556183125752455E-16
 0.3759894103721671E-16   0.8994986847331316E-16
 0.1424569729255529E-15   0.1988323562818746E-15
-0.5485130129674365E+00   0.4865817770198992E+00
 0.1897739841992733E-15  -0.1773900358182350E-16
 0.3423624428208249E-15   0.2242403257079101E-16
-0.6106226635438363E-15  -0.2775557561562881E-16
-0.8958301074381697E-15  -0.1266419013211359E-15
-0.3356552188632775E-14  -0.1087302754602953E-15
 0.8841461466918865E-01  -0.4210430828141196E-04
-0.1110007909595312E-01  -0.5262382242285697E-01
 0.4996003610813203E-15   0.1360023205165817E-14
 0.1426118917891643E-16  -0.7937041220513291E-16
 0.1291651838249663E-15  -0.1463891057021168E-15
-0.1110223024625156E-15   0.2151057110211241E-15
 0.2861453105838827E-15  -0.2311680667036919E-15
 0.3232442224093749E-15  -0.7220869307554630E-16
-0.1096345236817342E-14   0.1366962099069724E-14
-0.1249656431379229E+00   0.1313228465080626E+00
 0.7178231023123705E-16   0.1128284737386556E-16
 0.2247781375651861E-15   0.5586771910139420E-17
 0.1711102561229942E+00  -0.8382498166482888E-01
-0.3028028989546830E-15   0.5576571537718707E-17
-0.1735416020971255E-16   0.7497388849748479E-16
-0.4009574724639413E-02   0.2440918055900335E-01
 0.1793752612513809E-15   0.1297422601798004E-15
-0.4913049703095022E-16   0.2945674078809533E-15
 0.6245004513516506E-16  -0.5551115123125783E-16
-0.3592426284442479E+00   0.2039060755415601E+00
 0.6497226614534861E-16   0.3741354327831458E-16
-0.1591729779049193E-15  -0.1970573439705502E-16
-0.6418476861114186E-16   0.1066854937725736E-15
-0.9208776218460453E+00   0.1775138554486107E+00
 0.2109070695304490E+01   0.3044356347009322E+01
 0.2465258899797540E-14   0.3136163204131570E-14
 0.2109070695304457E+01   0.3044356347009274E+01
-0.9647276155973419E-15  -0.1345136894065943E-14
-0.3774081436019422E-14  -0.5032540246111964E-14
 0.2829237979678795E+00   0.6756529708539660E+00
 0.5276421896905036E-01   0.6958476637407264E-01
-0.6291755441595401E+00  -0.8297485323207753E+00
 0.1466784737084639E-14   0.2840699023930566E-14
 0.5315448662942065E+00   0.1153871989370338E+01
 0.6291755441595266E+00   0.8297485323207614E+00
 0.5276421896904782E-01   0.6958476637406993E-01
-0.2365728075511034E-15  -0.7890132791917915E-15
 0.5238864897449957E-15   0.6990935608186533E-15
 0.5315448662941848E+00   0.1153871989370298E+01
 0.2836290817715054E-13   0.3730150450836839E-13
-0.6459878865846851E-14  -0.8526749107256496E-14
-0.1068589661201713E-14  -0.1254205073131233E-14
-0.2800809785427035E-13  -0.3376778520895105E-13
-0.8842496002369204E-13  -0.1074578372366326E-12
 0.2551761905999482E+01   0.3611743745400942E+01
 0.2040343610976530E-15  -0.3745320498397989E-15
-0.5257293010826634E-15  -0.7524778563490277E-15
-0.9110767695830191E-14  -0.1307981500886513E-13
 0.1010542895649386E-13   0.1384464097277227E-13
 0.3260806689129112E-13   0.4409433982675684E-13
-0.7433620537901093E+00  -0.1010557754818765E+01
 0.8432844867748207E+00   0.1608645193520732E+01
-0.6333682997632467E-15  -0.8358783540093082E-15
-0.1018914461475044E-14  -0.1260013432586973E-14
-0.4291015201588095E+00  -0.6046461264871283E+00
 0.1701938486755996E-14   0.2198860058283556E-14
-0.1337488555776619E-14  -0.2127849555359253E-14
 0.2064667881107595E-13   0.2796460979448412E-13
-0.9534040223968532E-14  -0.9851494620072287E-14
 0.6248187407533632E+00   0.1426858304210430E+01
-0.2081668171172169E-16  -0.7346553920761778E-15
-0.5100087019371813E-15  -0.7342217112071836E-15
 0.1288290700462324E-14   0.1633282348105022E-14
-0.9974659986866641E-17  -0.2059984127722458E-17
-0.1852684672343230E-14  -0.3048776509029238E-14
-0.2385772051343197E-15  -0.7790095252530259E-16
-0.5126618079939465E-15  -0.6334649149844621E-15
 0.4119494884086685E-14   0.4634398317993429E-14
 0.1664801736004534E+01   0.2621642904308148E+01
 0.4531965080989409E-16   0.1340073885192083E-15
-0.3120266089777501E-15  -0.1180418339030015E-14
-0.3893390293505001E-14  -0.5366589643232207E-14
 0.2043721095135176E-15   0.3088959752046982E-15
-0.2146720301521299E-15  -0.3014082039509702E-15
-0.2142369635519501E-14  -0.2981256035473996E-14
-0.1709846386587436E-14  -0.2108745489326146E-14
-0.5561793420765007E-14  -0.6826304922737243E-14
-0.6272109567828643E-16  -0.1011425101657415E-15
 0.1664801736004525E+01   0.2621642904308132E+01
 0.7892200604460627E-15   0.1325366034591765E-14
 0.5425156205568233E-15   0.8422365679886291E-15
 0.4980828084722592E+00   0.5913103752940798E+00
-0.1427589003794162E-14  -0.1832535683776901E-14
 0.1812811152592492E-14   0.2332727600760023E-14
 0.3169339790609629E-14   0.4416605969836946E-14
-0.1531413884592325E-13  -0.1705927066275592E-13
-0.6171766949431533E+00  -0.6980867487825634E+00
 0.2607666847487326E-14   0.2976010057359768E-14
-0.2003585087881844E-14  -0.2118065912798611E-14
 0.1036982592089037E+01   0.1882397706115602E+01
 0.9530137096147584E-16   0.1780259967221198E-15
 0.7928719665409659E-15   0.1704186244162395E-14
-0.1643290078850639E-15  -0.2056782756699683E-15
-0.6021489459395041E-15  -0.7694447292858064E-15
-0.3024924061234557E-16  -0.8153200337090993E-16
 0.2067300580479020E-16   0.4087681325328272E-15
-0.6585329509780473E-15  -0.7410977807343066E-15
-0.3839363906735573E-15  -0.1150649507428970E-14
 0.1451523326925024E-02   0.2292143374889249E-02
-0.2438517822530250E+00  -0.3850735546429423E+00
 0.1024588073567414E-14   0.1177170635070319E-14
 0.5596595416080720E+00   0.1335616972553117E+01
 0.5551115123125783E-16  -0.1110223024625157E-14
-0.8023096076392733E-17   0.1361757928641794E-15
-0.1763243444750214E-15  -0.1905629639473502E-15
 0.1136243876764809E-15   0.2203098814490545E-15
-0.1269817584415023E-14  -0.6938893903907228E-15
 0.2235191640088100E-15   0.4506540284275569E-15
-0.1446081681866168E-16  -0.3196943031073681E-16
 0.1019757185568416E-14   0.1338166899267983E-14
 0.2438517822530251E+00   0.3850735546429432E+00
 0.1451523326924920E-02   0.2292143374888913E-02
-0.1267086796170953E-15  -0.3321637873662805E-15
-0.6925341376751160E-17  -0.8673617379884035E-18
 0.5596595416080714E+00   0.1335616972553116E+01
-0.1005511312366457E-14  -0.1448457818641387E-14
 0.5410051901895203E-17  -0.2235479297638079E-15
 0.7898052560635982E-01   0.6745654755816512E-01
 0.5132854174114764E-15   0.1011649925815829E-14
 0.2368658466530889E-15  -0.3793036291861487E-17
-0.4371503159461524E-15  -0.2508410146262476E-14
 0.1497413304463180E-13   0.2533563636664127E-13
 0.4240692165863519E+00   0.8045693916656610E+00
-0.1863999193557104E-14  -0.3665308537693662E-14
 0.2180971401992146E-14   0.3927121821698559E-14
-0.3709051796738362E+00  -0.4843593967065104E+00
-0.9754090517658685E-15  -0.2462868613275794E-14
 0.8758791937258277E-16  -0.3674505117249232E-15
 0.7020667598093288E+00   0.1762559955564553E+01
-0.1019631295603051E-14  -0.1026806298344220E-14
-0.1181076816080589E-15  -0.2700817869958628E-15
-0.8049116928532379E-15  -0.3729655473350152E-15
-0.4248064267127901E-16   0.1787235272642320E-14
-0.1286037517633565E-15   0.8126075180828394E-14
-0.2414109783828258E-02  -0.1935441698523149E+00
 0.4154512680390297E+00   0.4731656694116335E+00
-0.1624048118209487E-13  -0.2293304435241339E-13
 0.3626086595479105E-15   0.1649579222198349E-15
 0.5846610659328385E-15   0.2698588360724066E-15
 0.2308916946525130E-14   0.3125754863275709E-14
 0.1776604027922607E-16  -0.8166734915072496E-15
-0.1934662181331358E-15  -0.2143177670152567E-15
-0.2499736528882579E-14  -0.1428111101597906E-14
 0.3966582125403521E+00   0.1476540120183065E+01
 0.4627828533922790E-02   0.4900133437552729E-03
-0.1300025728130980E+00  -0.1376520217502840E-01
-0.1007819736144144E-14  -0.1117148147834116E-14
-0.4480660918986022E+00  -0.5871819749535829E+00
 0.2156131791439217E-01   0.2825569143589627E-01
-0.5481528097045835E-14  -0.7252991686687164E-14
 0.1530920302790903E-15   0.2519429452464101E-15
 0.8183453297123153E-16   0.1751075691664730E-15
 0.1366365787874857E-15   0.4471656335144902E-16
 0.2451930624614257E-15   0.1123146629817889E-15
-0.5112844330642095E-15  -0.7371628847243937E-15
 0.5231821553795742E-15   0.8190665663139235E-15
-0.9271283827466670E-16  -0.1202109158743303E-15
-0.9393557373701017E-15  -0.1491866705473609E-14
-0.5046986831332246E-15  -0.7587349330156783E-15
 0.1020121855317945E+01   0.2028709848740225E+01
-0.1300025728130942E+00  -0.1376520217502290E-01
-0.4627828533920879E-02  -0.4900133437527269E-03
-0.8839521252471224E-15  -0.1091306351565454E-14
 0.2156131791439199E-01   0.2825569143589606E-01
 0.4480660918985975E+00   0.5871819749535758E+00
 0.1973551242076821E-13   0.2592490342154004E-13
 0.1047813570153550E-15   0.1493795804983984E-15
 0.1502185221949428E-15   0.1210375132865372E-15
 0.6291625206933382E-15   0.6557254739192331E-15
 0.5129292715393141E-16   0.5244828009398628E-16
 0.3453580059403562E-15   0.5639392330688326E-15
 0.2990839455437044E-15   0.4646348410186629E-15
-0.2115712119388213E-14  -0.3649858193455202E-14
 0.2787887201300908E-15   0.2623368674389939E-15
 0.2524699270527416E-15   0.5673780959445817E-15
 0.1301042606982605E-16   0.2638677037286596E-16
 0.1020121855317941E+01   0.2028709848740218E+01
-0.1053882461124242E-14  -0.1831688150982534E-14
-0.6127572525589607E-15  -0.1075786029209769E-14
 0.2359223927328457E-15   0.1804112415015883E-15
 0.4725797915304013E-15   0.7667150631686579E-15
 0.3880662956342383E-14   0.5804410581406348E-14
-0.9476304005035038E-01  -0.1444969686008889E+00
 0.4730322899451848E+00   0.6793551409048858E+00
-0.1375288771754413E-13  -0.1974809205051997E-13
-0.1067480624987391E-15  -0.2778199616971187E-15
 0.5912105640344667E-15   0.1037972436253924E-14
-0.9402201239794294E-15  -0.1276756478318930E-14
-0.4978789697392617E-15  -0.5404163199331719E-15
 0.4062854026519449E-15   0.5881093320348827E-15
 0.3454701802407811E-14   0.4489464355827977E-14
 0.2972547651334079E+00   0.3858365272490749E+00
 0.3538735538875095E-15   0.4407918110697521E-15
 0.7665083593290369E-16   0.1638072666769152E-15
 0.4403674296262370E+00   0.1237386864266202E+01
 0.8005939737596463E-02   0.9690226038448232E-01
 0.8226516176343033E-04   0.9957207257529563E-03
 0.5755698991183276E-15   0.5915224034734882E-15
-0.2201815336751621E-01  -0.2552918078874075E-01
-0.2994705457725247E+00  -0.3472242915343148E+00
-0.1347627337939556E-13  -0.1562241114922789E-13
-0.9287660427717123E-16  -0.1213801138489629E-15
-0.2603368050024916E-15  -0.3366240757105322E-15
-0.6826136877968736E-15  -0.9575673587391975E-15
 0.6085084693074894E-16   0.1362435554999597E-15
 0.1559003362918803E-15   0.3205733861118256E-15
-0.1534552649881671E-15  -0.2374402757743255E-15
 0.1380839886877538E-14   0.2310651670001107E-14
-0.2033849329774987E-15  -0.1887354776108826E-15
-0.8856468895706890E-16   0.7510218075955451E-16
 0.2609492996297480E-02   0.2879405882167296E-02
-0.1030882253129500E+00  -0.1137511550210913E+00
 0.1861445730047066E-15   0.2684180065787055E-15
 0.7126141112465418E+00   0.1637166408711675E+01
-0.8226516176517503E-04  -0.9957207257555451E-03
 0.8005939737600340E-02   0.9690226038448678E-01
 0.1014603343505792E-14   0.9272366918983988E-15
 0.2994705457725275E+00   0.3472242915343168E+00
-0.2201815336751613E-01  -0.2552918078874093E-01
 0.3249250760901057E-14   0.3818025983576184E-14
 0.1233979995651251E-15  -0.3495664468305567E-16
 0.7313936385254065E-16   0.1020141041398991E-15
-0.2065947239671129E-15  -0.5284401388694349E-15
 0.4284398526330658E-15   0.5967681691420711E-15
 0.1082449162325095E-15   0.1171620122077876E-15
 0.7057266758286017E-15   0.1376983769385163E-14
 0.3616356346325400E-15   0.7588331005226046E-15
 0.1216914256391055E-15   0.1626229913414491E-15
 0.9330823299487570E-16   0.4666592401237250E-15
-0.1030882253129498E+00  -0.1137511550210910E+00
-0.2609492996297401E-02  -0.2879405882166933E-02
 0.7496819717298199E-16  -0.8089141747560510E-16
 0.8806432146013510E-16   0.1585916727803172E-15
 0.7126141112465409E+00   0.1637166408711672E+01
 0.8547156855725574E-16  -0.6767216407572826E-15
-0.6663111381305901E-15  -0.1111073026436040E-14
 0.4163336342343657E-16  -0.2116362640691554E-15
 0.1241817457827167E-14   0.1112694973227837E-14
 0.4935406891292681E-14   0.7492399149293900E-14
-0.1098316333286185E+00  -0.1611628657762807E+00
 0.6686659799817324E-01  -0.1044575781939125E+00
-0.1845745778439326E-14   0.2088607065076082E-14
-0.1810362714019022E-14  -0.2112324785352520E-14
 0.2305641138287122E-14   0.1483877365259097E-14
-0.9020562075079327E-16   0.1040834085586083E-14
 0.7024002204076095E-14   0.1026282353877445E-13
 0.5362702948310854E-14   0.8911021073251630E-14
-0.1387778780781415E-15   0.4636048489548010E-14
-0.5351960452540383E-02   0.4146063888666566E+00
 0.1402824427076418E-15   0.3844971739933290E-15
-0.7452907621978172E-16   0.4968422315404112E-15
 0.4395171881192427E+00   0.6546858193885997E+00
-0.2312914269035705E-15  -0.3057878319874757E-16
-0.3736997832571001E-15   0.1741199061312363E-15
 0.3588203011524169E-01   0.1331125010316173E+01
 0.9714451465470120E-16   0.0000000000000000E+00
 0.6982261990806649E-16  -0.3087807787238717E-15
-0.2172925178816934E-16  -0.1763294941284797E-15
-0.2688821387764051E-16  -0.7459310946700271E-16
-0.1748601263784622E-14  -0.1165734175856414E-14
-0.1249085841042552E-14  -0.2205346228189960E-14
 0.5560674948231710E-15  -0.1230518211105902E-14
 0.5271760600925523E-15   0.2697434743065455E-15
 0.1493324429179211E+00   0.1350777617275171E+00
 0.2253228710077833E-02   0.2038144457228092E-02
-0.2148009424028684E-15  -0.1999685060955085E-15
 0.4608973734893680E-02   0.7313002003479097E-02
-0.5045195097601197E+00  -0.8005149080666623E+00
 0.2428581575363041E-16  -0.1627400122191209E-15
 0.1873738017328168E-15   0.4684025653621471E-14
-0.2557023061171282E-16  -0.2716604068433992E-16
-0.1189152942782101E-14  -0.1674008154317619E-14
 0.4492331503319049E-14   0.6562960213840042E-14
 0.9350159535514990E-15   0.1512678871051776E-14
 0.3691708397313143E-16   0.4662069341687669E-16
-0.1728003579558553E-14   0.1412435839699537E-14
 0.2204398226331101E+00   0.1217990050755721E+01
-0.1876753960572408E-15  -0.4872404563149857E-15
-0.5592280924362342E-15  -0.1031415079212616E-14
 0.1431846013832709E-15   0.1978926494208975E-15
 0.5174016055008168E-15   0.4086357988097866E-15
 0.2815673041944855E-15   0.5273559366969494E-15
-0.1402667306671296E-14  -0.1441880551174898E-14
 0.1180575304783572E-14  -0.8501152432140371E-15
 0.9339681215059128E-15   0.7989132776416226E-15
 0.2253228710077455E-02   0.2038144457227456E-02
-0.1493324429179216E+00  -0.1350777617275186E+00
-0.2470601384012746E-17   0.2615921572076773E-15
-0.5045195097601203E+00  -0.8005149080666644E+00
-0.4608973734893712E-02  -0.7313002003479154E-02
-0.1945359633541667E-14  -0.2751929048909389E-14
-0.1003472760802160E-14   0.4199484234793557E-14
 0.2685257761336275E-15   0.6427677227108144E-15
 0.3736092923749268E-15   0.5667260280853292E-15
 0.5820097604219987E-14   0.8314255131296929E-14
-0.1501077907806181E-15  -0.1761557479745823E-15
 0.4989434870307247E-15  -0.2665722799292426E-15
-0.2610849601049248E-14   0.8859846374274942E-15
-0.1114017732228856E-16  -0.8226383983733765E-16
 0.2204398226331109E+00   0.1217990050755726E+01
-0.1918739504359520E-15  -0.1047769502610412E-14
 0.1027799161119158E-15  -0.1936829142855018E-15
 0.8397219495776921E-01   0.1479939592344735E+00
-0.3658075434301784E-16  -0.4028039817387993E-15
 0.1627286974834832E-15   0.1462762200488575E-14
-0.1058181320345882E-15  -0.9263423361716083E-15
-0.2366162821232365E-14  -0.8368306048112117E-14
-0.7854853508738482E-01  -0.2990346525518175E+00
 0.2231480824905753E-15   0.1868611268235097E-14
-0.4006506363885087E-15  -0.1292113758003990E-14
-0.8403782838087592E-01  -0.2319244080004201E+00
-0.1833254670630330E-14  -0.2144505582187689E-14
-0.8794492726655855E-16   0.4663736634228230E-15
 0.4462643739917944E+00   0.5560983557880955E+00
-0.4607425552194400E-14  -0.5349887199912473E-14
 0.4357267071973625E-15   0.4385264630310139E-15
-0.4247222583500977E-16   0.3935947715678773E-15
 0.1353084311261910E-15   0.2983724378680108E-15
 0.6945060832216870E-16  -0.1274617111860820E-15
-0.2305732195435479E-16  -0.2637097770777536E-16
-0.1214306433183770E-16  -0.2272487753529616E-15
 0.6728406013477927E-16   0.3770397760273442E-15
-0.8440248377714009E-16  -0.1277737038790891E-15
 0.1577893796637115E+00   0.1368992936252146E+01
 0.3530335906688091E-15   0.2453507503127370E-15
 0.4646776587416757E-16   0.2955972189238297E-15
 0.4163336342344339E-15   0.2775557561562866E-16
-0.1885011930574253E-14  -0.8211245613159298E-15
-0.6151079580915267E-14  -0.2518998494268731E-14
 0.1436568813489792E+00   0.4831681332727220E-01
-0.1514748606700529E-01  -0.1381569149719036E-01
 0.3885780586188048E-15   0.1110223024625156E-15
 0.4896493016096670E-16   0.1152286991987117E-15
-0.1507798824147608E-15  -0.1410504441943499E-15
-0.1804112415015879E-15  -0.2636779683484747E-15
-0.2099506169177498E-15  -0.6479473484351764E-15
 0.3824388365233413E-15  -0.6660417527738445E-16
 0.7494005416219807E-15   0.3198830089701232E-14
 0.5742746514455058E-01   0.3115405250308810E+00
 0.2306769851510319E-15   0.1983524948245392E-15
-0.3214467400824232E-15  -0.3822119798210040E-15
-0.1367927461419725E+00  -0.2076437607845644E+00
-0.1048790931916740E-15  -0.4504004987199111E-16
-0.2265795043394124E-15  -0.3480941025689903E-15
-0.2356261285621871E+00  -0.4022627398658577E+00
-0.2517342942781886E-14  -0.4807511507706192E-14
-0.3065836457847959E-14  -0.5334249657004640E-14
-0.6938893903907228E-16   0.1318389841742373E-15
-0.2291898138721021E+00   0.5862510868317639E+00
 0.5422397842968486E-01  -0.3035732098167598E-02
 0.1769958847384770E-02  -0.9909123308594371E-04
-0.2217502870406014E-15  -0.2295113171086615E-16
 0.4465059648108040E-02   0.1848362074222679E-02
 0.8741132515866179E-01   0.3618490927647328E-01
 0.3994870698472018E-14   0.1607333665526937E-14
 0.6987290569081544E-16  -0.3074368728574901E-16
-0.2041358261280290E-16   0.1850881085116787E-15
 0.2012279232133096E-15   0.3885780586188048E-15
 0.6282951589553498E-16  -0.1171480447370588E-15
-0.8453772491252820E-16  -0.1579147816242641E-15
 0.2222614453595284E-16  -0.3220080452281948E-16
 0.1804112415015879E-15   0.1110223024625157E-15
 0.1333720638285119E-16  -0.4280141657715306E-16
-0.3249193735036311E-17  -0.7549229715638760E-17
 0.9496197334239284E-04   0.3409105995621425E-03
-0.3215868015694014E-01  -0.1154486848530736E+00
-0.1733618893391087E-16  -0.8475480048387815E-16
-0.2989832054671928E+00  -0.5616033205307158E+00
-0.6684849231428959E-02  -0.1255667026430902E-01
 0.1213694512290510E-15   0.7341309009808739E-16
-0.4440892098500626E-15  -0.1221245327087672E-14
 0.6272109567828643E-16   0.2279535067650773E-16
-0.4271352572799420E-16  -0.1307334590351744E-16
 0.1631307131814150E-16   0.3140204536902190E-16
-0.2768500669770463E+00   0.5692890387859673E+00
-0.1769958847384939E-02   0.9909123308713891E-04
 0.5422397842968318E-01  -0.3035732098168640E-02
-0.3391164666343622E-15  -0.1032998082219241E-15
-0.8741132515866366E-01  -0.3618490927647262E-01
 0.4465059648107875E-02   0.1848362074222724E-02
-0.1128498121292874E-14  -0.4487747452784454E-15
-0.4952834556068001E-16   0.4270892262751247E-16
 0.7418050735073878E-16  -0.9268121423926719E-16
 0.1529524205742413E-15   0.1582352605388428E-15
 0.1721521056072029E-15   0.8444053359690813E-16
-0.7504527264631006E-16  -0.2364761151780516E-15
-0.8483667603044261E-16  -0.5411533367497672E-16
-0.1155722652268380E-15  -0.1049868928074666E-15
 0.2064458808902220E-15  -0.2284829438424045E-17
-0.1404527048252669E-16   0.1206336390610556E-15
-0.3215868015694023E-01  -0.1154486848530741E+00
-0.9496197334284639E-04  -0.3409105995621681E-03
 0.5745227729997675E-16   0.2623773614326539E-15
 0.6684849231429056E-02   0.1255667026430888E-01
-0.2989832054671926E+00  -0.5616033205307159E+00
 0.1446644164833014E-15   0.2859781828005259E-15
-0.1012019455488610E-15  -0.4545342274154389E-16
-0.4018100393857983E-15  -0.6042579466992819E-15
-0.6868855563058700E-16   0.5072543950219763E-15
-0.2545853056801931E-16   0.5313442811762457E-16
 0.2330264355623620E-16  -0.5168353350475694E-17
-0.2768500669770465E+00   0.5692890387859677E+00
-0.3307020029436352E-15   0.4252753130998946E-15
-0.4003768211230730E-15   0.2584119172941733E-15
 0.2774142273934531E-01  -0.1451379252277517E-01
-0.1846885878611426E-15   0.6899166140011240E-16
 0.2250444252892143E-15  -0.3160327839680651E-15
-0.1153591111524566E-15   0.3963843142607004E-15
-0.2267283583101687E-14   0.3084338340286763E-14
-0.9456865600523096E-01   0.1006518129216891E+00
 0.5663864627275427E-15  -0.7276987911803393E-15
-0.7592026508547513E-15   0.2420696038257236E-15
 0.7869919940636602E-01   0.1686486742821930E+00
 0.6287851151114224E-15  -0.5923585737641625E-15
 0.7832135715229890E-15  -0.4757286379974795E-15
-0.1240941016302390E+00   0.1297947194207403E+00
 0.1325328735646280E-14  -0.1389513504257422E-14
-0.1265216383863259E-15   0.1934573579997527E-16
 0.1466678518513414E-15  -0.1634946615425141E-15
 0.1561251128379130E-16  -0.7112366251504912E-16
-0.3443718900087632E-15  -0.9496657342223510E-16
-0.4505011330025130E-15  -0.8289294954382446E-15
-0.6982261990806573E-16   0.9107298248877607E-17
 0.9459192251555780E-16  -0.5449829129978775E-15
 0.9233569225960995E-16   0.4337570379738704E-16
 0.4566345648031342E-01  -0.3971146568570072E+00
 0.1136243876764809E-15   0.3556183125752455E-16
 0.1076288212873820E-15   0.8994986847331316E-16
 0.4508590871770812E-15   0.1988323562818746E-15
-0.6523060256850748E+00   0.4865817770198992E+00
 0.3818426538612768E-15  -0.1773900358182350E-16
 0.3570110967932676E-15   0.2242403257079101E-16
-0.3330669073875471E-15  -0.2775557561562881E-16
-0.4164903757263799E-15  -0.1266419013211359E-15
-0.2214756736527913E-14  -0.1087302754602953E-15
 0.5766566767281524E-01  -0.4210430828141196E-04
-0.3091285047729361E-01  -0.5262382242285697E-01
 0.9436895709313831E-15   0.1360023205165817E-14
 0.7570156072669479E-16  -0.7937041220513291E-16
 0.8816729250301066E-16  -0.1463891057021168E-15
-0.1665334536937735E-15   0.2151057110211241E-15
 0.2396633944887492E-15  -0.2311680667036919E-15
 0.6646533667596014E-16  -0.7220869307554630E-16
-0.7771561172376095E-15   0.1366962099069724E-14
-0.8142363651994197E-01   0.1313228465080626E+00
 0.1027778710341112E-16   0.1128284737386556E-16
 0.5464813946965929E-16   0.5586771910139420E-17
-0.1568341880349194E-01  -0.8382498166482888E-01
-0.2946383700148138E-15   0.5576571537718707E-17
-0.2159984466192910E-15   0.7497388849748479E-16
-0.2602867011541241E+00   0.2440918055900335E-01
-0.2605344920848964E-14   0.1297422601798004E-15
-0.3537482177760807E-14   0.2945674078809533E-15
-0.6938893903907230E-17  -0.5551115123125783E-16
-0.6978544807529422E-01   0.2039060755415601E+00
 0.6918643512096119E-16   0.3741354327831458E-16
-0.1289029743650159E-15  -0.1970573439705502E-16
 0.4336808689942020E-17   0.1066854937725736E-15
-0.7436679731777089E+00   0.1775138554486107E+00
 0.2163318713755902E+01   0.3044356347009322E+01
 0.2597748405275269E-14   0.3136163204131570E-14
 0.2163318713755867E+01   0.3044356347009274E+01
-0.1072799020988461E-14  -0.1345136894065943E-14
-0.4014745176244525E-14  -0.5032540246111964E-14
 0.2396723638917773E+00   0.6756529708539660E+00
 0.5749858821399052E-01   0.6958476637407264E-01
-0.6856295086858534E+00  -0.8297485323207753E+00
 0.1695009928222180E-14   0.2840699023930566E-14
 0.5687793394948570E+00   0.1153871989370338E+01
 0.6856295086858391E+00   0.8297485323207614E+00
 0.5749858821398793E-01   0.6958476637406993E-01
-0.4312071131873859E-15  -0.7890132791917915E-15
 0.5676882575134101E-15   0.6990935608186533E-15
 0.5687793394948335E+00   0.1153871989370298E+01
 0.3122747572970266E-13   0.3730150450836839E-13
-0.6829367033235365E-14  -0.8526749107256496E-14
-0.1210836986231811E-14  -0.1254205073131233E-14
-0.2812824023343963E-13  -0.3376778520895105E-13
-0.8962507119063233E-13  -0.1074578372366326E-12
 0.2620025639955815E+01   0.3611743745400942E+01
 0.4818962738277267E-15  -0.3745320498397989E-15
-0.7666427701641898E-15  -0.7524778563490277E-15
-0.1040834085586084E-13  -0.1307981500886513E-13
 0.1106221050470450E-13   0.1384464097277227E-13
 0.3561869080903949E-13   0.4409433982675684E-13
-0.8050850103416826E+00  -0.1010557754818765E+01
 0.5874377110737667E+00   0.1608645193520732E+01
-0.5124052395387002E-15  -0.8358783540093082E-15
-0.8888050934979479E-15  -0.1260013432586973E-14
-0.4664173008588833E+00  -0.6046461264871283E+00
 0.1785429845909805E-14   0.2198860058283556E-14
-0.1470581340821972E-14  -0.2127849555359253E-14
 0.2258783438069401E-13   0.2796460979448412E-13
-0.1387778780781446E-15  -0.9851494620072287E-14
 0.7117651433155116E+00   0.1426858304210430E+01
-0.1613292832658431E-15  -0.7346553920761778E-15
-0.7679403987714828E-15  -0.7342217112071836E-15
 0.1377061612553837E-14   0.1633282348105022E-14
-0.4315124646492308E-16  -0.2059984127722458E-17
-0.1800642968063926E-14  -0.3048776509029238E-14
-0.3464333409593552E-16  -0.7790095252530259E-16
-0.5596745102210263E-15  -0.6334649149844621E-15
 0.3636239723643148E-14   0.4634398317993429E-14
 0.1651687901244399E+01   0.2621642904308148E+01
-0.4445228907190568E-16   0.1340073885192083E-15
-0.5673562205980864E-15  -0.1180418339030015E-14
-0.3931147155778172E-14  -0.5366589643232207E-14
 0.2595105662479835E-15   0.3088959752046982E-15
-0.1792186191118539E-15  -0.3014082039509702E-15
-0.2172682426211325E-14  -0.2981256035473996E-14
-0.2144894428745762E-14  -0.2108745489326146E-14
-0.5048432577215118E-14  -0.6826304922737243E-14
-0.1245206195099602E-15  -0.1011425101657415E-15
 0.1651687901244388E+01   0.2621642904308132E+01
 0.1045295223313976E-14   0.1325366034591765E-14
 0.3986509608389643E-15   0.8422365679886291E-15
 0.4273223534518526E+00   0.5913103752940798E+00
-0.1213150879003206E-14  -0.1832535683776901E-14
 0.1391855607749912E-14   0.2332727600760023E-14
 0.3175411322775546E-14   0.4416605969836946E-14
-0.1424554918472154E-13  -0.1705927066275592E-13
-0.5894937704857875E+00  -0.6980867487825634E+00
 0.2249547965758227E-14   0.2976010057359768E-14
-0.1701290525760953E-14  -0.2118065912798611E-14
 0.9612113757293999E+00   0.1882397706115602E+01
 0.1859948826898883E-15   0.1780259967221198E-15
 0.1162739067354923E-14   0.1704186244162395E-14
 0.4518976381949368E-15  -0.2056782756699683E-15
-0.7014720293345433E-15  -0.7694447292858064E-15
-0.3680866375588288E-16  -0.8153200337090993E-16
 0.4746348346689502E-15   0.4087681325328272E-15
-0.2959433520144544E-15  -0.7410977807343066E-15
-0.3664308207252236E-16  -0.1150649507428970E-14
 0.2111038157172810E-02   0.2292143374889249E-02
-0.3546483941951305E+00  -0.3850735546429423E+00
 0.1619706037885845E-14   0.1177170635070319E-14
 0.6793479220332835E+00   0.1335616972553117E+01
-0.6245004513516506E-15  -0.1110223024625157E-14
-0.4315124646492308E-16   0.1361757928641794E-15
-0.2654310609098328E-16  -0.1905629639473502E-15
 0.1322726650432315E-15   0.2203098814490545E-15
-0.1651456749129920E-14  -0.6938893903907228E-15
 0.2974436849525836E-15   0.4506540284275569E-15
 0.1044906099342215E-15  -0.3196943031073681E-16
 0.1394608935322876E-14   0.1338166899267983E-14
 0.3546483941951313E+00   0.3850735546429432E+00
 0.2111038157172654E-02   0.2292143374888913E-02
-0.2662910323059926E-16  -0.3321637873662805E-15
-0.1363384231900522E-16  -0.8673617379884035E-18
 0.6793479220332829E+00   0.1335616972553116E+01
-0.1022268566862604E-14  -0.1448457818641387E-14
-0.3494201000190106E-15  -0.2235479297638079E-15
-0.8165075389682946E-01   0.6745654755816512E-01
 0.9619654607729101E-15   0.1011649925815829E-14
-0.2361298810681002E-15  -0.3793036291861487E-17
-0.3413935800722350E-14  -0.2508410146262476E-14
 0.1539393612581819E-13   0.2533563636664127E-13
 0.4993572399525573E+00   0.8045693916656610E+00
-0.2365108416155653E-14  -0.3665308537693662E-14
 0.2748958008453163E-14   0.3927121821698559E-14
-0.6076755902331052E+00  -0.4843593967065104E+00
 0.1029380316636788E-15  -0.2462868613275794E-14
 0.4820690088615127E-15  -0.3674505117249232E-15
 0.4899612455983217E+00   0.1762559955564553E+01
-0.6857641980040598E-15  -0.1026806298344220E-14
-0.2673278441850191E-15  -0.2700817869958628E-15
 0.1013078509970456E-14  -0.3729655473350152E-15
 0.3007348491772184E-14   0.1787235272642320E-14
 0.1025384189314260E-13   0.8126075180828394E-14
-0.2366893229515629E+00  -0.1935441698523149E+00
 0.3242609638398978E+00   0.4731656694116335E+00
-0.1482841627264975E-13  -0.2293304435241339E-13
 0.1806258754247179E-15   0.1649579222198349E-15
 0.8921893226032474E-16   0.2698588360724066E-15
 0.5048045315092509E-14   0.3125754863275709E-14
-0.3822050948592051E-15  -0.8166734915072496E-15
-0.1019405943694380E-15  -0.2143177670152567E-15
 0.3023623018627574E-14  -0.1428111101597906E-14
 0.6903032936340042E+00   0.1476540120183065E+01
-0.3346613032476779E-02   0.4900133437552729E-03
 0.9401132761139863E-01  -0.1376520217502840E-01
-0.1621547225931588E-14  -0.1117148147834116E-14
-0.5194674717304473E+00  -0.5871819749535829E+00
 0.2499721247976114E-01   0.2825569143589627E-01
-0.6476697547656461E-14  -0.7252991686687164E-14
 0.8980944209805227E-16   0.2519429452464101E-15
 0.1381973427677324E-15   0.1751075691664730E-15
 0.1276478651512231E-15   0.4471656335144902E-16
 0.4508317773986641E-15   0.1123146629817889E-15
-0.7368849259257379E-15  -0.7371628847243937E-15
 0.2941584489554207E-15   0.8190665663139235E-15
-0.5516556178877807E-16  -0.1202109158743303E-15
-0.1066836384510441E-14  -0.1491866705473609E-14
-0.3746237659771832E-15  -0.7587349330156783E-15
 0.9874605883062898E+00   0.2028709848740225E+01
 0.9401132761140406E-01  -0.1376520217502290E-01
 0.3346613032478984E-02  -0.4900133437527269E-03
-0.1007051484198835E-14  -0.1091306351565454E-14
 0.2499721247976135E-01   0.2825569143589606E-01
 0.5194674717304399E+00   0.5871819749535758E+00
 0.2303260862133608E-13   0.2592490342154004E-13
 0.3845382455018984E-15   0.1493795804983984E-15
 0.1274948779188221E-15   0.1210375132865372E-15
 0.1055579235131887E-14   0.6557254739192331E-15
 0.1746243124059466E-16   0.5244828009398628E-16
 0.2946002784275435E-15   0.5639392330688326E-15
 0.2698579207316421E-15   0.4646348410186629E-15
-0.1814520755871740E-14  -0.3649858193455202E-14
 0.3400453209632796E-15   0.2623368674389939E-15
 0.3422900308869487E-15   0.5673780959445817E-15
 0.5531294552160032E-16   0.2638677037286596E-16
 0.9874605883062866E+00   0.2028709848740218E+01
-0.8490005595432383E-15  -0.1831688150982534E-14
-0.7626112612666194E-15  -0.1075786029209769E-14
 0.1665334536937733E-15   0.1804112415015883E-15
 0.2461951623698639E-14   0.7667150631686579E-15
 0.1045987968160620E-13   0.5804410581406348E-14
-0.2394273825072308E+00  -0.1444969686008889E+00
 0.3809515248850041E+00   0.6793551409048858E+00
-0.1123406923042580E-13  -0.1974809205051997E-13
-0.5648579538284043E-16  -0.2778199616971187E-15
 0.2760624477364973E-15   0.1037972436253924E-14
-0.7251144129583054E-15  -0.1276756478318930E-14
-0.3415396924942613E-15  -0.5404163199331719E-15
 0.6542491506982298E-15   0.5881093320348827E-15
 0.2777292285038868E-14   0.4489464355827977E-14
 0.2333394328861518E+00   0.3858365272490749E+00
 0.3807470504755589E-15   0.4407918110697521E-15
 0.2165772419772962E-15   0.1638072666769152E-15
 0.4032066083992238E+00   0.1237386864266202E+01
 0.4548271465448209E-01   0.9690226038448232E-01
 0.4673583615617718E-03   0.9957207257529563E-03
 0.6363391231907546E-15   0.5915224034734882E-15
-0.2553594607972748E-01  -0.2552918078874075E-01
-0.3473163067614887E+00  -0.3472242915343148E+00
-0.1565687290092288E-13  -0.1562241114922789E-13
-0.5931600915546324E-17  -0.1213801138489629E-15
-0.2962200645251560E-15  -0.3366240757105322E-15
-0.3972516759986888E-15  -0.9575673587391975E-15
 0.1209156472864459E-15   0.1362435554999597E-15
 0.2172929102021924E-15   0.3205733861118256E-15
-0.1896811700763390E-15  -0.2374402757743255E-15
 0.1706967900361178E-14   0.2310651670001107E-14
-0.2522584292278763E-15  -0.1887354776108826E-15
 0.4073543422525572E-16   0.7510218075955451E-16
 0.3015537132515562E-02   0.2879405882167296E-02
-0.1191290307340973E+00  -0.1137511550210913E+00
 0.2908156772982925E-15   0.2684180065787055E-15
 0.9465873495951440E+00   0.1637166408711675E+01
-0.4673583615639983E-03  -0.9957207257555451E-03
 0.4548271465448694E-01   0.9690226038448678E-01
 0.1127575887105439E-14   0.9272366918983988E-15
 0.3473163067614913E+00   0.3472242915343168E+00
-0.2553594607972747E-01  -0.2552918078874093E-01
 0.3634521337107351E-14   0.3818025983576184E-14
 0.3298754440049922E-15  -0.3495664468305567E-16
 0.8584499820059491E-16   0.1020141041398991E-15
-0.2525648960804983E-15  -0.5284401388694349E-15
 0.5296666425770591E-16   0.5967681691420711E-15
 0.1172270168671606E-15   0.1171620122077876E-15
 0.9763892778601353E-15   0.1376983769385163E-14
 0.4696763811207205E-15   0.7588331005226046E-15
 0.1427165398910941E-15   0.1626229913414491E-15
 0.3652015779111776E-15   0.4666592401237250E-15
-0.1191290307340971E+00  -0.1137511550210910E+00
-0.3015537132515462E-02  -0.2879405882166933E-02
 0.1783261104364895E-15  -0.8089141747560510E-16
 0.1270684946153011E-15   0.1585916727803172E-15
 0.9465873495951429E+00   0.1637166408711672E+01
-0.2572933191131686E-15  -0.6767216407572826E-15
-0.6500103247254805E-15  -0.1111073026436040E-14
 0.2914335439640973E-15  -0.2116362640691554E-15
 0.3198137219376000E-14   0.1112694973227837E-14
 0.1234516277291877E-13   0.7492399149293900E-14
-0.2827940828989130E+00  -0.1611628657762807E+00
 0.3349506452813547E+00  -0.1044575781939125E+00
-0.9811595980124824E-14   0.2088607065076082E-14
 0.1888215324508017E-15  -0.2112324785352520E-14
 0.4465021904863861E-16   0.1483877365259097E-14
-0.5967448757360210E-15   0.1040834085586083E-14
 0.8064857496141095E-14   0.1026282353877445E-13
 0.6656508353228496E-14   0.8911021073251630E-14
 0.3389649672058684E-14   0.4636048489548010E-14
 0.3076170952794062E+00   0.4146063888666566E+00
 0.2635645821592599E-15   0.3844971739933290E-15
-0.2584490345065447E-16   0.4968422315404112E-15
 0.6965142834547682E+00   0.6546858193885997E+00
-0.2249828552460023E-15  -0.3057878319874757E-16
-0.3510617522648198E-15   0.1741199061312363E-15
 0.2025716559809468E+00   0.1331125010316173E+01
 0.3469446951953614E-15   0.0000000000000000E+00
-0.5854691731421724E-16  -0.3087807787238717E-15
 0.7044327801938249E-16  -0.1763294941284797E-15
-0.5204170427930421E-16  -0.7459310946700271E-16
-0.1540434446667405E-14  -0.1165734175856414E-14
-0.3136080156464314E-14  -0.2205346228189960E-14
 0.3429203071211059E-14  -0.1230518211105902E-14
-0.4429833827410898E-15   0.2697434743065455E-15
-0.4610733633276046E-01   0.1350777617275171E+00
-0.6956986167251434E-03   0.2038144457228092E-02
-0.2416605357092092E-15  -0.1999685060955085E-15
 0.5722902296054549E-02   0.7313002003479097E-02
-0.6264552646397555E+00  -0.8005149080666623E+00
-0.7636676721462911E-16  -0.1627400122191209E-15
 0.3378019335021704E-14   0.4684025653621471E-14
-0.8148118139407468E-16  -0.2716604068433992E-16
-0.1436351038108796E-14  -0.1674008154317619E-14
 0.7162245896651214E-14   0.6562960213840042E-14
 0.1242062008799394E-14   0.1512678871051776E-14
 0.4038653092508504E-16   0.4662069341687669E-16
-0.9545117446271870E-15   0.1412435839699537E-14
 0.3142034554942819E+00   0.1217990050755721E+01
-0.1247916700530816E-15  -0.4872404563149857E-15
-0.6532063979340988E-15  -0.1031415079212616E-14
 0.1468811420218175E-15   0.1978926494208975E-15
 0.6172464611913647E-15   0.4086357988097866E-15
 0.3263448539181368E-15   0.5273559366969494E-15
-0.3704641422368122E-14  -0.1441880551174898E-14
 0.4487400033990781E-14  -0.8501152432140371E-15
-0.2294408082958178E-15   0.7989132776416226E-15
-0.6956986167255754E-03   0.2038144457227456E-02
 0.4610733633275948E-01  -0.1350777617275186E+00
 0.5352018161539970E-15   0.2615921572076773E-15
-0.6264552646397565E+00  -0.8005149080666644E+00
-0.5722902296054572E-02  -0.7313002003479154E-02
-0.2218420839356759E-14  -0.2751929048909389E-14
 0.3024421815701142E-14   0.4199484234793557E-14
 0.5053977589747943E-15   0.6427677227108144E-15
 0.3775056439322966E-15   0.5667260280853292E-15
 0.9265334214628870E-14   0.8314255131296929E-14
-0.1819833346516919E-15  -0.1761557479745823E-15
 0.6305957004400925E-15  -0.2665722799292426E-15
-0.1735451428921407E-14   0.8859846374274942E-15
 0.3794707603699266E-18  -0.8226383983733765E-16
 0.3142034554942830E+00   0.1217990050755726E+01
-0.6703018701168064E-15  -0.1047769502610412E-14
-0.3100358449750430E-15  -0.1936829142855018E-15
 0.6734243020745093E-01   0.1479939592344735E+00
 0.6668312520466786E-16  -0.4028039817387993E-15
 0.2677285231673392E-15   0.1462762200488575E-14
-0.3616898447411673E-15  -0.9263423361716083E-15
-0.5308253836489030E-14  -0.8368306048112117E-14
-0.1581973414431225E+00  -0.2990346525518175E+00
 0.6634831526681983E-15   0.1868611268235097E-14
-0.3238240216093164E-15  -0.1292113758003990E-14
-0.3609706112735490E+00  -0.2319244080004201E+00
-0.1611168509947848E-14  -0.2144505582187689E-14
 0.4490535719995105E-15   0.4663736634228230E-15
 0.3849839594247352E+00   0.5560983557880955E+00
-0.3854555563620465E-14  -0.5349887199912473E-14
 0.3433010826898592E-15   0.4385264630310139E-15
 0.1255150318440181E-15   0.3935947715678773E-15
 0.2116362640691705E-15   0.2983724378680108E-15
-0.6420411490824823E-16  -0.1274617111860820E-15
-0.3552974441899679E-16  -0.2637097770777536E-16
-0.2072994553792285E-15  -0.2272487753529616E-15
 0.2991021821834102E-15   0.3770397760273442E-15
-0.8006430922099074E-16  -0.1277737038790891E-15
 0.4608295996682392E+00   0.1368992936252146E+01
 0.5826013159597834E-15   0.2453507503127370E-15
 0.5355106118236709E-16   0.2955972189238297E-15
 0.4440892098500627E-15   0.2775557561562866E-16
-0.8754224347318898E-15  -0.8211245613159298E-15
-0.2785585892924020E-14  -0.2518998494268731E-14
 0.6692718480125334E-01   0.4831681332727220E-01
-0.1220474176592416E+00  -0.1381569149719036E-01
 0.3219646771412954E-14   0.1110223024625156E-15
 0.9704026791486127E-16   0.1152286991987117E-15
-0.4123193953064472E-15  -0.1410504441943499E-15
 0.1179611963664229E-15  -0.2636779683484747E-15
-0.3638397048631606E-15  -0.6479473484351764E-15
 0.3986634372795995E-15  -0.6660417527738445E-16
 0.1575128916186941E-14   0.3198830089701232E-14
 0.1341555462160448E+00   0.3115405250308810E+00
 0.2292091744369830E-15   0.1983524948245392E-15
-0.3324231126351217E-15  -0.3822119798210040E-15
-0.3216284962519735E+00  -0.2076437607845644E+00
-0.1872183450841584E-16  -0.4504004987199111E-16
-0.1911142992893519E-15  -0.3480941025689903E-15
-0.1835555432875051E+00  -0.4022627398658577E+00
-0.2105998697156126E-14  -0.4807511507706192E-14
-0.2360481959280631E-14  -0.5334249657004640E-14
 0.8673617379884035E-16   0.1318389841742373E-15
-0.1045317285999545E+00   0.5862510868317639E+00
-0.8816140400935590E-02  -0.3035732098167598E-02
-0.2877731615110093E-03  -0.9909123308594371E-04
-0.1172127382706471E-15  -0.2295113171086615E-16
 0.3127322882941175E-02   0.1848362074222679E-02
 0.6122279632092509E-01   0.3618490927647328E-01
 0.2766098118594030E-14   0.1607333665526937E-14
 0.2177155935382460E-16  -0.3074368728574901E-16
 0.2747375195199111E-16   0.1850881085116787E-15
 0.2636779683484747E-15   0.3885780586188048E-15
 0.2775557561562891E-16  -0.1171480447370588E-15
-0.5557322328113679E-16  -0.1579147816242641E-15
 0.4439807896328141E-16  -0.3220080452281948E-16
-0.6938893903907228E-16   0.1110223024625157E-15
 0.7045876364004943E-16  -0.4280141657715306E-16
 0.1061487267408552E-16  -0.7549229715638760E-17
-0.7550911489962548E-04   0.3409105995621425E-03
 0.2557100899995042E-01  -0.1154486848530736E+00
-0.6667643511689701E-16  -0.8475480048387815E-16
-0.4361672436521309E+00  -0.5616033205307158E+00
-0.9752093797196151E-02  -0.1255667026430902E-01
 0.1253666473209258E-15   0.7341309009808739E-16
-0.7355227538141662E-15  -0.1221245327087672E-14
 0.9679214894864341E-16   0.2279535067650773E-16
 0.2263165090008274E-16  -0.1307334590351744E-16
-0.3063344303275501E-17   0.3140204536902190E-16
-0.1261889775199269E+00   0.5692890387859673E+00
 0.2877731615110696E-03   0.9909123308713891E-04
-0.8816140400936603E-02  -0.3035732098168640E-02
-0.2900824701949816E-16  -0.1032998082219241E-15
-0.6122279632092607E-01  -0.3618490927647262E-01
 0.3127322882941139E-02   0.1848362074222724E-02
-0.8180598414090946E-15  -0.4487747452784454E-15
-0.8752554768756762E-17   0.4270892262751247E-16
-0.3260545235318178E-16  -0.9268121423926719E-16
 0.1853638537791120E-15   0.1582352605388428E-15
 0.5445708999649671E-16   0.8444053359690813E-16
-0.7585112580778025E-17  -0.2364761151780516E-15
 0.1262436412725707E-16  -0.5411533367497672E-16
-0.1609091815144960E-15  -0.1049868928074666E-15
 0.3133026880635792E-15  -0.2284829438424045E-17
-0.1656930814441494E-16   0.1206336390610556E-15
 0.2557100899995036E-01  -0.1154486848530741E+00
 0.7550911489920382E-04  -0.3409105995621681E-03
 0.1377790773607340E-15   0.2623773614326539E-15
 0.9752093797196208E-02   0.1255667026430888E-01
-0.4361672436521305E+00  -0.5616033205307159E+00
 0.2320738584313026E-15   0.2859781828005259E-15
-0.9125112996843168E-16  -0.4545342274154389E-16
-0.5684736975477017E-15  -0.6042579466992819E-15
 0.4418482419757301E-15   0.5072543950219763E-15
 0.2458150890696950E-16   0.5313442811762457E-16
 0.1695389215358279E-16  -0.5168353350475694E-17
-0.1261889775199270E+00   0.5692890387859677E+00
-0.2733363761150775E-16   0.4252753130998946E-15
-0.3161911670108819E-15   0.2584119172941733E-15
-0.5773074764057580E-01  -0.1451379252277517E-01
 0.7332147506733764E-16   0.6899166140011240E-16
-0.3555897222879076E-15  -0.3160327839680651E-15
-0.1630640067418188E-15   0.3963843142607004E-15
-0.4718447854656914E-15   0.3084338340286763E-14
-0.1071475807675681E-01   0.1006518129216891E+00
-0.9201962276535236E-16  -0.7276987911803393E-15
-0.1863667106824619E-15   0.2420696038257236E-15
 0.2417111425894843E-01   0.1686486742821930E+00
 0.1133673580583487E-14  -0.5923585737641625E-15
 0.7412765619111595E-15  -0.4757286379974795E-15
-0.2839428760731598E+00   0.1297947194207403E+00
 0.2928213227448850E-14  -0.1389513504257422E-14
-0.1595654604667087E-15   0.1934573579997527E-16
 0.7782978484859298E-16  -0.1634946615425141E-15
-0.1804112415015879E-15  -0.7112366251504912E-16
-0.2920851239088068E-15  -0.9496657342223510E-16
-0.6568437443707416E-15  -0.8289294954382446E-15
 0.9887923813067861E-16   0.9107298248877607E-17
-0.1976411428969982E-15  -0.5449829129978775E-15
 0.2117106451719072E-15   0.4337570379738704E-16
-0.3477813196621928E+00  -0.3971146568570072E+00
 0.1127570259384925E-15   0.3556183125752455E-16
 0.1342447583159366E-15   0.8994986847331316E-16
 0.4939518982981001E-15   0.1988323562818746E-15
-0.5111381772496042E+00   0.4865817770198992E+00
 0.2619113016889926E-15  -0.1773900358182350E-16
 0.3601073064525245E-15   0.2242403257079101E-16
-0.4996003610813205E-15  -0.2775557561562881E-16
 0.5267979983158966E-15  -0.1266419013211359E-15
 0.1297760512812602E-14  -0.1087302754602953E-15
-0.2732927030509306E-01  -0.4210430828141196E-04
 0.4244275144219056E-01  -0.5262382242285697E-01
-0.1249000902703301E-14   0.1360023205165817E-14
 0.3736675538950365E-16  -0.7937041220513291E-16
 0.1826004828374256E-15  -0.1463891057021168E-15
-0.3469446951953614E-15   0.2151057110211241E-15
-0.1144794808474964E-15  -0.2311680667036919E-15
-0.5357520326955899E-16  -0.7220869307554630E-16
 0.1186550857568136E-14   0.1366962099069724E-14
 0.9995506721135945E-01   0.1313228465080626E+00
 0.2253154457503990E-16   0.1128284737386556E-16
 0.3170251382807530E-16   0.5586771910139420E-17
 0.2542461611182217E-01  -0.8382498166482888E-01
-0.2337817816871168E-15   0.5576571537718707E-17
-0.1618038511415887E-15   0.7497388849748479E-16
-0.2250023129343134E+00   0.2440918055900335E-01
-0.2322515061183281E-14   0.1297422601798004E-15
-0.3109840869446318E-14   0.2945674078809533E-15
-0.3469446951953614E-16  -0.5551115123125783E-16
 0.1293187014640018E+00   0.2039060755415601E+00
 0.6916534615114684E-16   0.3741354327831458E-16
-0.9918489972801717E-16  -0.1970573439705502E-16
 0.9540979117872439E-16   0.1066854937725736E-15
-0.5450963731675719E+00   0.1775138554486107E+00
