-6.9316770298389887e+00
-7.1863803471638423e+00
-7.3556560316362036e+00
-7.4715670030640666e+00
-7.5520512672642104e+00
-7.6083402388411745e+00
-7.6478722029064894e+00
-7.6757225728535659e+00
-7.6954082811706179e+00
-7.7093631842012877e+00
-7.7192488162874238e+00
-7.7262027058357905e+00
-7.7310263150876146e+00
-7.7343004289425163e+00
-7.7364513670835127e+00
-7.7377933785438593e+00
-7.7385586794863936e+00
-7.7389192524897865e+00
-7.7390025776649765e+00
-7.7389029159334530e+00
-7.7386894481720816e+00
-7.7384122479486361e+00
-7.7381067661032645e+00
-7.7377972937987751e+00
-7.7374996868743464e+00
-7.7372235398961688e+00
-7.7369739183171324e+00
-7.7367527181890559e+00
-7.7365597148224463e+00
-7.7363933495698456e+00
-7.7362513030182249e+00
-7.7361308978773291e+00
-7.7360293734579173e+00
-7.7359440603154201e+00
-7.7358724859063601e+00
-7.7358124305866989e+00
-7.7357619489060827e+00
-7.7357193689590744e+00
