-1.4720811165879081e+01
-1.4734468981734096e+01
-1.4747041823617206e+01
-1.4758689025706524e+01
-1.4769517759110803e+01
-1.4779599580269718e+01
-1.4788982827572456e+01
-1.4797701359527846e+01
-1.4805781017127806e+01
-1.4813243964456547e+01
-1.4820111152735723e+01
-1.4826404097636043e+01
-1.4832145419918440e+01
-1.4837359148418338e+01
-1.4842070658102404e+01
-1.4846306251376173e+01
-1.4850092857379373e+01
-1.4853457685459734e+01
-1.4856427780106952e+01
-1.4859029769255981e+01
-1.4861289640763307e+01
-1.4863232485762802e+01
-1.4864882386438527e+01
-1.4866262317880167e+01
-1.4867394023726506e+01
-1.4868298008774454e+01
-1.4868993480584640e+01
-1.4869498368708907e+01
-1.4869829351658424e+01
-1.4870001887628481e+01
-1.4870030278972882e+01
-1.4869927733140443e+01
-1.4869706429384799e+01
-1.4869377589428909e+01
-1.4868951538400024e+01
-1.4868437779598684e+01
-1.4867845042490517e+01
-1.4867181354139252e+01
-1.4866454088638646e+01
-1.4865670007813518e+01
-1.4864835325915745e+01
-1.4863955745648315e+01
-1.4863036487337483e+01
-1.4862082347690746e+01
-1.4861097724642171e+01
-1.4860086637001451e+01
-1.4859052781875240e+01
-1.4857999529628858e+01
-1.4856929977664198e+01
-1.4855846961343161e+01
-1.4854753061849582e+01
-1.4853650651610161e+01
-1.4852541899261013e+01
-1.4851428772521068e+01
-1.4850313079793082e+01
-1.4849196470644795e+01
-1.4848080434968292e+01
-1.4846966345808282e+01
-1.4845855434298965e+01
-1.4844748830636098e+01
-1.4843647559602756e+01
-1.4842552535360305e+01
-1.4841464596808304e+01
-1.4840384499147957e+01
-1.4839312908912735e+01
-1.4838250435443950e+01
-1.4837197623220430e+01
-1.4836154944414325e+01
-1.4835122828797829e+01
-1.4834101655196466e+01
-1.4833091743375242e+01
-1.4832093386170342e+01
-1.4831106820557082e+01
-1.4830132258850675e+01
-1.4829169879416543e+01
-1.4828219818038406e+01
-1.4827282193528260e+01
-1.4826357098292053e+01
