 0.0000000000000000E+00
 0.0000000000000000E+00
 0.0000000000000000E+00
 0.0000000000000000E+00
 0.0000000000000000E+00
 0.0000000000000000E+00
 0.0000000000000000E+00
 0.0000000000000000E+00
 0.0000000000000000E+00
 0.0000000000000000E+00
 0.0000000000000000E+00
 0.0000000000000000E+00
 0.0000000000000000E+00
 0.0000000000000000E+00
 0.0000000000000000E+00
 0.0000000000000000E+00
 0.0000000000000000E+00
 0.0000000000000000E+00
 0.0000000000000000E+00
 0.0000000000000000E+00
 0.0000000000000000E+00
 0.0000000000000000E+00
 0.0000000000000000E+00
 0.0000000000000000E+00
 0.0000000000000000E+00
 0.0000000000000000E+00
 0.0000000000000000E+00
 0.0000000000000000E+00
 0.0000000000000000E+00
 0.0000000000000000E+00
 0.0000000000000000E+00
 0.0000000000000000E+00
 0.0000000000000000E+00
 0.0000000000000000E+00
 0.0000000000000000E+00
 0.0000000000000000E+00
 0.0000000000000000E+00
 0.0000000000000000E+00
 0.0000000000000000E+00
 0.0000000000000000E+00
 0.0000000000000000E+00
 0.0000000000000000E+00
 0.0000000000000000E+00
 0.0000000000000000E+00
 0.0000000000000000E+00
 0.0000000000000000E+00
 0.0000000000000000E+00
 0.0000000000000000E+00
 0.0000000000000000E+00
 0.0000000000000000E+00
 0.0000000000000000E+00
 0.0000000000000000E+00
 0.0000000000000000E+00
 0.0000000000000000E+00
 0.0000000000000000E+00
 0.0000000000000000E+00
 0.0000000000000000E+00
 0.0000000000000000E+00
 0.0000000000000000E+00
 0.0000000000000000E+00
 0.0000000000000000E+00
 0.0000000000000000E+00
 0.0000000000000000E+00
 0.0000000000000000E+00
 0.0000000000000000E+00
 0.0000000000000000E+00
 0.0000000000000000E+00
 0.0000000000000000E+00
 0.0000000000000000E+00
 0.0000000000000000E+00
 0.0000000000000000E+00
 0.0000000000000000E+00
 0.3219646771412954E-13
 0.6854403880995151E+00
 0.8493206138382448E-14
 0.1099120794378905E-13
-0.7625624078812970E+00
 0.3363975764614224E-13
-0.2167194983491281E+00
 0.2781108676686017E-13
 0.1378301753393529E+01
-0.1043609643147647E-13
 0.1254552017826427E-13
 0.1190020341730036E-01
 0.1354472090042691E-13
 0.1250773177057019E+01
 0.2442490654175344E-14
 0.1775343791102613E-01
-0.2997602166487923E-13
-0.2973187319668842E+00
 0.5773159728050814E-14
-0.1426303132190338E+01
 0.6661338147750939E-15
-0.7993605777301127E-14
 0.6942202756782723E-01
-0.5773159728050814E-14
-0.2335066913530253E+00
-0.2442490654175344E-14
 0.1538212076596023E+01
-0.8326672684688674E-15
 0.2437758597208151E-01
-0.1010302952408892E-13
-0.5606417521454121E-01
 0.3774758283725532E-14
-0.1099803431253950E+00
 0.7771561172376096E-15
 0.1293740562581088E+01
 0.5967448757360216E-15
    1    1    1    1  1.2428582703110906E+00
    2    1    1    1  1.4290596483945706E-11
    2    1    2    1  2.5788262965429520E-01
    2    2    1    1  1.1526867464432549E+00
    2    2    2    1 -4.3687276018999910E-14
    2    2    2    2  1.1266830861832913E+00
    3    1    1    1  1.9015489462617277E-01
    3    1    2    1 -2.9094886222491567E-12
    3    1    2    2  1.2615690677563077E-01
    3    1    3    1  1.3078601704570453E-01
    3    2    1    1 -1.8161860904086780E-12
    3    2    2    1 -1.5103569880604650E-01
    3    2    2    2  4.5726269992663049E-13
    3    2    3    1  2.8538282847989649E-13
    3    2    3    2  1.4387251268325996E-01
    3    3    1    1  9.1075469468649384E-01
    3    3    2    1  5.2827187069226511E-13
    3    3    2    2  8.8266980493971769E-01
    3    3    3    1  5.2368304573764235E-02
    3    3    3    2 -1.7130741269966165E-13
    3    3    3    3  8.0545986416815862E-01
    4    1    1    1 -3.2367164504165657E-13
    4    1    2    1  6.6935844638129113E-02
    4    1    2    2  8.5140228200941692E-14
    4    1    3    1  5.8428609173155621E-13
    4    1    3    2  1.9814818190572788E-03
    4    1    3    3  3.4222624734070450E-14
    4    1    4    1  6.5253847153624839E-02
    4    2    1    1  1.8429635272162254E-01
    4    2    2    1 -1.2793793802146070E-12
    4    2    2    2  1.5621808339855270E-01
    4    2    3    1  9.6581185060525321E-02
    4    2    3    2  9.6636240676239993E-14
    4    2    3    3  4.2240685596575289E-02
    4    2    4    1  2.8416852204671272E-13
    4    2    4    2  1.0247499799151583E-01
    4    3    1    1 -3.2643332481541165E-13
    4    3    2    1  1.8349135444038617E-01
    4    3    2    2  4.1300296516055823E-14
    4    3    3    1 -1.5351608873004352E-13
    4    3    3    2 -1.5600044934895690E-01
    4    3    3    3  7.5883743733129450E-14
    4    3    4    1 -7.4868603742844937E-04
    4    3    4    2 -5.5067062021407764E-14
    4    3    4    3  2.3396862953366399E-01
    4    4    1    1  7.6072745595027746E-01
    4    4    2    1 -1.7910672944765338E-13
    4    4    2    2  7.5181927458749509E-01
    4    4    3    1  1.4769225988365482E-02
    4    4    3    2 -4.9169002203086620E-14
    4    4    3    3  7.0490698017371844E-01
    4    4    4    1 -5.6238000367692109E-14
    4    4    4    2  1.9041189048761904E-02
    4    4    4    3  1.3933298959045715E-14
    4    4    4    4  6.6216150612136437E-01
    5    1    1    1 -1.5977339062936663E-02
    5    1    2    1 -2.7190055762460474E-14
    5    1    2    2  1.7298295271446884E-02
    5    1    3    1 -5.9380627871653567E-02
    5    1    3    2  5.0712906096705979E-14
    5    1    3    3  4.8450826104747963E-03
    5    1    4    1 -7.2605116363533284E-14
    5    1    4    2 -1.9956452891871122E-02
    5    1    4    3  2.8753041614315578E-14
    5    1    4    4  1.2428927131190870E-02
    5    1    5    1  6.4280127108670634E-02
    5    2    1    1  1.2408477023662101E-12
    5    2    2    1  1.1993653977955926E-01
    5    2    2    2 -3.5974695444807026E-14
    5    2    3    1  6.3823946128138687E-14
    5    2    3    2 -7.7635132527791195E-02
    5    2    3    3 -4.1567443931356252E-14
    5    2    4    1  4.2551104178738031E-02
    5    2    4    2 -4.7913062406479412E-15
    5    2    4    3  5.1602097356391680E-02
    5    2    4    4 -7.1609385088322597E-15
    5    2    5    1 -5.1569859493838521E-14
    5    2    5    2  9.2590508547040956E-02
    5    3    1    1 -2.5076403980443096E-01
    5    3    2    1 -9.9475983006414026E-14
    5    3    2    2 -2.1792525113986866E-01
    5    3    3    1 -9.1009899977419442E-02
    5    3    3    2  8.7985174701543656E-15
    5    3    3    3 -1.1958218640519658E-01
    5    3    4    1 -4.6351811278100286E-15
    5    3    4    2 -8.3936388002730289E-02
    5    3    4    3 -2.8171909249863347E-15
    5    3    4    4 -4.8810874901902127E-02
    5    3    5    1  1.4319128264660121E-02
    5    3    5    2 -1.4072076837123859E-14
    5    3    5    3  1.2335854892403521E-01
    5    4    1    1 -8.9733775965328277E-14
    5    4    2    1  8.7870365244978141E-02
    5    4    2    2  2.8865798640254070E-15
    5    4    3    1 -3.9496184101039944E-14
    5    4    3    2 -8.8421146223978175E-02
    5    4    4    1 -1.8553218061077188E-02
    5    4    4    2  4.6490589156178430E-15
    5    4    4    3  1.3027476209430047E-01
    5    4    5    1  1.0255685189974884E-14
    5    4    5    2  2.5774003930377976E-02
    5    4    5    4  1.0884377794763700E-01
    5    5    1    1  7.6927851686846960E-01
    5    5    2    1  9.7699626167013776E-15
    5    5    2    2  7.5114584578546695E-01
    5    5    3    1  4.5318335677764263E-02
    5    5    3    2 -6.0229599085914742E-15
    5    5    3    3  6.6727696546763604E-01
    5    5    4    1 -1.5917822615563182E-14
    5    5    4    2  5.2116232532494686E-02
    5    5    4    3  5.6066262743570405E-15
    5    5    4    4  6.0184654769802814E-01
    5    5    5    1  1.8968506062264717E-02
    5    5    5    2  1.0463852007092100E-14
    5    5    5    3 -9.3486503637347909E-02
    5    5    5    4  2.2620794126737565E-15
    5    5    5    5  6.1498244678387959E-01
    6    1    1    1  2.4936649967166602E-13
    6    1    2    1  2.8693026146577073E-03
    6    1    2    2  2.8796409701214998E-15
    6    1    3    1  1.1289059964614268E-13
    6    1    3    2  2.6227366413248195E-02
    6    1    3    3 -2.6232488403721277E-14
    6    1    4    1  3.0754899157907446E-02
    6    1    4    2 -1.1480399964014509E-14
    6    1    4    3 -1.0314926342306447E-02
    6    1    4    4 -8.7473431276130498E-15
    6    1    5    1 -5.0514280258706634E-14
    6    1    5    2 -8.4277515871361598E-03
    6    1    5    3 -2.0625862129364236E-15
    6    1    5    4 -2.1442645177738723E-02
    6    1    5    5 -3.9621084191310274E-15
    6    1    6    1  3.4023679281311683E-02
    6    2    1    1  2.2756036199286116E-02
    6    2    2    1  2.1797494365038972E-13
    6    2    2    2  4.4928774437738191E-03
    6    2    3    1  5.7168764555069043E-02
    6    2    3    2 -2.2523649612082863E-14
    6    2    3    3 -2.8888993047111445E-02
    6    2    4    1  8.3420249874510688E-14
    6    2    4    2  4.6216389590574211E-02
    6    2    4    3 -6.8070549197329910E-15
    6    2    4    4 -1.7823686296833858E-02
    6    2    5    1 -4.1089628105036802E-02
    6    2    5    2  3.9100667148517232E-15
    6    2    5    3 -1.2527710484101411E-02
    6    2    5    4 -1.1744077932362984E-15
    6    2    5    5 -1.6160022966909774E-02
    6    2    6    1  1.9985749166728795E-14
    6    2    6    2  4.9935065070864565E-02
    6    3    1    1  1.5487611193520934E-14
    6    3    2    1  9.6541301168484681E-02
    6    3    3    1  3.4952075955718698E-14
    6    3    3    2 -5.7425382273578844E-02
    6    3    3    3  3.4972025275692431E-15
    6    3    4    1  3.4671345895034074E-02
    6    3    4    3  6.1820037277629934E-02
    6    3    4    4  1.9220736113823023E-15
    6    3    5    1 -6.5693978035241685E-15
    6    3    5    2  5.2579395143085093E-02
    6    3    5    4 -7.1119467169133716E-04
    6    3    6    1  5.1459487072944635E-03
    6    3    6    2  1.6930901125533637E-15
    6    3    6    3  6.9775707923305591E-02
    6    4    1    1  2.1445155484998513E-01
    6    4    2    2  1.9423538060478843E-01
    6    4    3    1  5.8031657368137882E-02
    6    4    3    2 -2.2169766022983595E-15
    6    4    3    3  1.2747152088575286E-01
    6    4    4    1 -5.7159138533435794E-15
    6    4    4    2  5.5648806930541209E-02
    6    4    4    3  1.6080886622305002E-15
    6    4    4    4  8.4679597857977643E-02
    6    4    5    1 -1.2365255219364189E-02
    6    4    5    2 -2.1146279172157278E-15
    6    4    5    3 -8.0714766629216228E-02
    6    4    5    4  1.0165479569224090E-15
    6    4    5    5  7.0092637266096422E-02
    6    4    6    1 -4.1936940031739312E-15
    6    4    6    2  9.0430844305268206E-03
    6    4    6    3  1.0547118733938987E-15
    6    4    6    4  9.1958647873031901E-02
    6    5    1    1  9.1593399531575415E-15
    6    5    2    1 -1.1218887966617891E-01
    6    5    2    2  5.5094817597023393E-15
    6    5    3    1 -1.2591490350377654E-14
    6    5    3    2  8.9198964032380104E-02
    6    5    3    3 -2.7478019859472624E-15
    6    5    4    1 -1.1154191697092265E-02
    6    5    4    2 -5.0532494855204391E-15
    6    5    4    3 -1.3202742637820752E-01
    6    5    5    2 -3.7614346982348494E-02
    6    5    5    3 -1.7624790515924360E-15
    6    5    5    4 -9.1663202527405771E-02
    6    5    6    1 -8.9597301036741413E-03
    6    5    6    2  1.4628055711174426E-15
    6    5    6    3 -1.5812302318135664E-02
    6    5    6    5  1.2862911999981091E-01
    6    6    1    1  6.4451416939659889E-01
    6    6    2    1 -9.3536289824669439E-15
    6    6    2    2  6.3089270390769947E-01
    6    6    3    1  3.4248386272010795E-02
    6    6    3    2  4.4478309924045334E-15
    6    6    3    3  5.8935923079501773E-01
    6    6    4    1 -1.2559397966072083E-15
    6    6    4    2  2.8303872290146543E-02
    6    6    4    3  3.2335245592207684E-15
    6    6    4    4  5.5498600199551795E-01
    6    6    5    1 -1.4419625074902871E-02
    6    6    5    2  5.3256010712487978E-15
    6    6    5    3 -4.6602461107205673E-02
    6    6    5    5  5.4424988462652091E-01
    6    6    6    2  5.2349870946353395E-03
    6    6    6    4  4.4491052746408369E-02
    6    6    6    6  5.3280758681106088E-01
    7    1    1    1 -1.4934423084820173E-03
    7    1    2    1  4.6147547588804017E-14
    7    1    2    2  5.4051366875539162E-03
    7    1    3    1 -6.0041969122209445E-03
    7    1    3    2 -3.9121050149359959E-14
    7    1    3    3 -1.6512755169679941E-02
    7    1    4    1 -2.5171488157726962E-14
    7    1    4    2  1.0683560955832935E-02
    7    1    4    3 -4.2570114100470846E-15
    7    1    4    4 -1.2116850340709995E-02
    7    1    5    1  2.5119351866630772E-02
    7    1    5    2  9.4160790276021089E-15
    7    1    5    3 -2.7715997568447046E-03
    7    1    5    5  8.8783797244252616E-03
    7    1    6    1 -5.7974458567144893E-15
    7    1    6    2 -5.8684731055021807E-03
    7    1    6    3  1.9463597400459776E-15
    7    1    6    4 -1.1994096079200772E-02
    7    1    6    6 -1.3691378112886708E-02
    7    1    7    1  2.0737034768721258E-02
    7    2    1    1  2.9235468212984728E-13
    7    2    2    1  2.9548265232509273E-02
    7    2    2    2  4.2295594110397516E-14
    7    2    3    1 -3.1339514316996997E-14
    7    2    3    2 -5.3600162487360617E-03
    7    2    3    3 -1.2476998600963185E-14
    7    2    4    1  2.9788558810690098E-02
    7    2    4    2 -6.2788316212980533E-15
    7    2    4    3 -1.2894722418585042E-02
    7    2    4    4 -7.6362527412499048E-15
    7    2    5    1 -1.4068607390171906E-14
    7    2    5    2  3.5448780434801049E-02
    7    2    5    4  1.1778886906281790E-03
    7    2    5    5 -2.8761715231695462E-15
    7    2    6    1  8.1326100960013650E-03
    7    2    6    2 -2.2881002648134086E-15
    7    2    6    3  2.6822448899787767E-03
    7    2    6    5 -1.3257014314503683E-02
    7    2    6    6 -2.4980018054066022E-15
    7    2    7    1 -1.5022705301959149E-15
    7    2    7    2  3.0775821172891384E-02
    7    3    1    1 -1.7460176312935373E-03
    7    3    2    1 -9.0435471611360896E-14
    7    3    2    2  1.3533149597031887E-02
    7    3    3    1 -4.6955449016020341E-02
    7    3    3    2  5.8043847506183965E-15
    7    3    3    3  4.6198845146114206E-02
    7    3    4    1  5.4643789493269423E-15
    7    3    4    2 -3.9079912920484142E-02
    7    3    4    4  5.4330977433855121E-02
    7    3    5    1  2.0522863985500656E-02
    7    3    5    2 -3.1927585575353135E-15
    7    3    5    3  2.7604641648821683E-02
    7    3    5    5  3.0233162391389203E-03
    7    3    6    1 -1.5959455978986625E-15
    7    3    6    2 -2.8972332242339055E-02
    7    3    6    4  1.8871293265344979E-02
    7    3    6    6  5.8424319783394090E-03
    7    3    7    1 -1.2212130264449148E-02
    7    3    7    3  5.7224650735843464E-02
    7    4    1    1 -5.5129512066542929E-14
    7    4    2    1  7.9381354408134125E-02
    7    4    2    2  8.2260587230820192E-15
    7    4    3    1 -4.4270143106928117E-15
    7    4    3    2 -6.3921015690193927E-02
    7    4    4    1  3.8077042023336840E-03
    7    4    4    2  3.0045410603918299E-15
    7    4    4    3  7.3244046420803094E-02
    7    4    5    1 -1.7555401576885288E-15
    7    4    5    2  4.1393507679178806E-02
    7    4    5    4  2.7062526086294586E-02
    7    4    5    5  1.0061396160665481E-15
    7    4    6    1 -2.3688610761506183E-02
    7    4    6    3  5.2865798627876229E-02
    7    4    6    5  1.2737663617847011E-03
    7    4    6    6  1.1709383462843448E-15
    7    4    7    2 -9.6487325940876160E-03
    7    4    7    4  7.6887833347006940E-02
    7    5    1    1  2.0801608600894650E-01
    7    5    2    1  1.6216195053431193E-14
    7    5    2    2  1.9410026669545991E-01
    7    5    3    1  4.1828881066107514E-02
    7    5    3    2 -3.2092384305570931E-15
    7    5    3    3  1.2195618073755701E-01
    7    5    4    1 -3.8857805861880479E-15
    7    5    4    2  5.2818941010746259E-02
    7    5    4    4  7.7348994605329874E-02
    7    5    5    1  1.9917575590326607E-02
    7    5    5    3 -8.3124351364615601E-02
    7    5    5    5  8.4471195891246964E-02
    7    5    6    1 -1.4072944198861848E-15
    7    5    6    2 -1.0430026511701242E-02
    7    5    6    4  7.9562792347701694E-02
    7    5    6    6  2.4839483706886233E-02
    7    5    7    1  1.0076527435281799E-02
    7    5    7    2  1.2802259252708836E-15
    7    5    7    3  1.3544791930733484E-02
    7    5    7    5  9.8875798491928207E-02
    7    6    1    1  6.0645932720149176E-15
    7    6    2    1  5.9442214169536121E-02
    7    6    2    2  4.3437475838459250E-15
    7    6    3    1 -1.4155343563970746E-15
    7    6    3    2 -7.8821585346615416E-02
    7    6    3    3  1.8804402479588589E-15
    7    6    4    1 -3.8630129945269931E-02
    7    6    4    2  1.8873791418627661E-15
    7    6    4    3  1.3254584116453938E-01
    7    6    4    4 -1.2628786905111156E-15
    7    6    5    2 -4.7386730499451961E-03
    7    6    5    4  1.0626244786636474E-01
    7    6    6    1 -1.7974038902654650E-02
    7    6    6    2 -2.1996293675385914E-15
    7    6    6    3 -1.0886008133610833E-02
    7    6    6    5 -1.0668686335119400E-01
    7    6    7    2 -1.8839951603896253E-02
    7    6    7    4  7.8767383600280606E-03
    7    6    7    6  1.4078698050042968E-01
    7    7    1    1  5.8072245275072998E-01
    7    7    2    1  8.5070839261902620E-15
    7    7    2    2  5.8574986610189050E-01
    7    7    3    1 -2.1415877321601336E-02
    7    7    3    2  2.7200464103316335E-15
    7    7    3    3  5.7903386387153766E-01
    7    7    4    1  1.3530843112619095E-15
    7    7    4    2 -1.3572425478378360E-02
    7    7    4    3  2.2759572004815709E-15
    7    7    4    4  5.5647615486900803E-01
    7    7    5    1  2.2889709164178717E-02
    7    7    5    2  6.1478599988618043E-15
    7    7    5    3 -1.4374827107386058E-02
    7    7    5    5  5.2554947804944119E-01
    7    7    6    2 -3.2348078709150491E-02
    7    7    6    4  3.5659045968985337E-02
    7    7    6    6  5.0238426284806104E-01
    7    7    7    1 -8.7083055356753526E-03
    7    7    7    2 -2.2742224770055941E-15
    7    7    7    3  4.4576371070819611E-02
    7    7    7    5  3.2579628237441920E-02
    7    7    7    7  5.1853478149395937E-01
    8    1    1    1 -5.7353427562745196E-14
    8    1    2    1  2.4801525725219684E-03
    8    1    2    2 -7.9461177221462620E-15
    8    1    3    1 -7.4023252805144324E-14
    8    1    3    2 -1.0759170343345646E-02
    8    1    3    3  1.7038453981044199E-14
    8    1    4    1 -6.2635248695846833E-03
    8    1    4    2  1.8006429680639258E-15
    8    1    4    3 -1.4162088453436583E-02
    8    1    4    4  1.1739741123673042E-15
    8    1    5    1  3.3098523921637479E-15
    8    1    5    2  2.3201242947616586E-02
    8    1    5    3  1.5987645235471248E-15
    8    1    5    4  1.7274912089733703E-02
    8    1    6    1 -2.2410912754258983E-02
    8    1    6    2 -3.3289343503994928E-15
    8    1    6    3 -1.4112955240815586E-02
    8    1    6    5  6.7878436077907899E-03
    8    1    6    6 -1.6306400674181987E-15
    8    1    7    1 -9.0092863724855476E-15
    8    1    7    2  1.5963428388424780E-02
    8    1    7    3  1.7639969346339157E-15
    8    1    7    4  6.8172775895677272E-03
    8    1    7    6 -3.1309998335693453E-03
    8    1    8    1  3.4065041404638362E-02
    8    2    1    1 -9.1373752684372513E-03
    8    2    2    1  2.7713942252205470E-14
    8    2    2    2 -1.2598405430198835E-04
    8    2    3    1 -2.4113065339706218E-02
    8    2    3    2 -3.7903707950093235E-15
    8    2    3    3 -4.2057799433532581E-03
    8    2    4    1 -3.0735830547357068E-14
    8    2    4    2 -9.2144328019698116E-03
    8    2    4    4 -1.5658866344375598E-02
    8    2    5    1  4.0475316443578283E-02
    8    2    5    3 -8.0847366258957679E-03
    8    2    5    5  2.0784800542370474E-02
    8    2    6    1 -4.1754794066761747E-15
    8    2    6    2 -3.0781840044103302E-02
    8    2    6    4 -2.0391877761353989E-02
    8    2    6    6 -1.7317854212926496E-02
    8    2    7    1  2.5227196018245919E-02
    8    2    7    2 -1.0633854907737827E-15
    8    2    7    3 -1.0636829876631223E-02
    8    2    7    5  1.4937331153607814E-02
    8    2    7    7  9.4911218263137205E-05
    8    2    8    2  4.7894070792062260E-02
    8    3    1    1 -3.7473496528050987E-14
    8    3    2    1 -2.4273832958028096E-02
    8    3    2    2 -7.6588041464376033E-15
    8    3    3    1 -4.0419056990259605E-15
    8    3    3    2 -7.6382291635017866E-03
    8    3    3    3 -1.4016565685892601E-15
    8    3    4    1 -4.1293237175187819E-02
    8    3    4    2 -1.3461454173580023E-15
    8    3    4    3  1.8455056107775959E-02
    8    3    4    4 -1.9723805921856297E-15
    8    3    5    1 -3.4035274598664955E-15
    8    3    5    2 -2.3954286067058878E-02
    8    3    5    4  2.0382358163852726E-02
    8    3    5    5 -1.5820678100908481E-15
    8    3    6    1 -3.0616418008115761E-02
    8    3    6    3 -9.9444413074834537E-03
    8    3    6    5  2.3157835890555714E-02
    8    3    6    6 -1.4719128693663208E-15
    8    3    7    1 -1.7837294141731519E-15
    8    3    7    2 -2.8069675774706648E-02
    8    3    7    4  3.0065776050192890E-02
    8    3    7    6  2.4837670347736988E-02
    8    3    8    1  8.5053794605819150E-03
    8    3    8    3  4.9785330231940553E-02
    8    4    1    1 -2.9679299882539024E-02
    8    4    2    1 -8.0734030571960602E-15
    8    4    2    2 -8.9617105566155777E-03
    8    4    3    1 -6.2923288617013295E-02
    8    4    3    3  2.6753588165788534E-02
    8    4    4    1  1.7832957333041577E-15
    8    4    4    2 -4.7061614433734494E-02
    8    4    4    4  3.5104999752402444E-02
    8    4    5    1  4.3181897520245968E-02
    8    4    5    2  1.0009354456386177E-15
    8    4    5    3  3.2366550348249035E-02
    8    4    5    5  5.4569168405516908E-03
    8    4    6    2 -4.4332847216711893E-02
    8    4    6    4 -2.7121807953931335E-03
    8    4    6    6 -1.1830679185019243E-02
    8    4    7    1  4.2046114993540447E-03
    8    4    7    3  4.8193603083103845E-02
    8    4    7    5  1.4594106471110941E-02
    8    4    7    7  3.8333938730846881E-02
    8    4    8    2  1.7946638111747154E-02
    8    4    8    4  5.8506694138466542E-02
    8    5    1    1 -9.5617957995841607E-15
    8    5    2    1  1.1609670081929804E-01
    8    5    2    2 -3.3584246494910985E-15
    8    5    3    2 -6.3424430340095192E-02
    8    5    4    1  5.0219386025544807E-02
    8    5    4    2  2.7755575615628914E-15
    8    5    4    3  6.2847521816284238E-02
    8    5    5    1  2.1822821327788233E-15
    8    5    5    2  7.4675209147152186E-02
    8    5    5    4  1.4326363866708845E-02
    8    5    6    1  6.6602141031044775E-03
    8    5    6    3  6.6117470054318811E-02
    8    5    6    5 -2.8668528241874609E-02
    8    5    7    2  2.4225073531447046E-02
    8    5    7    4  5.1604193290732334E-02
    8    5    7    6 -1.7102867876580857E-02
    8    5    8    1  2.8525698626772440E-03
    8    5    8    3 -2.2629472710771117E-02
    8    5    8    5  8.5684035382038018E-02
    8    6    1    1 -2.1180405544041681E-01
    8    6    2    1  5.7887722393346053E-15
    8    6    2    2 -1.8298952439241972E-01
    8    6    3    1 -8.8706714284753324E-02
    8    6    3    3 -8.9592711603816350E-02
    8    6    4    2 -8.6149390637495271E-02
    8    6    4    4 -4.4424255496095716E-02
    8    6    5    1  1.8319575401387761E-02
    8    6    5    3  1.0052013968006066E-01
    8    6    5    5 -7.1585178172588915E-02
    8    6    6    2 -2.8386375912008540E-02
    8    6    6    4 -7.7015471346003256E-02
    8    6    6    6 -3.3584863301046597E-02
    8    6    7    1 -4.5776207082954146E-03
    8    6    7    3  2.5425435594795487E-02
    8    6    7    5 -7.9019414268178018E-02
    8    6    7    7  2.0445781763943072E-03
    8    6    8    2  4.2028179268450948E-03
    8    6    8    4  3.5422714749777345E-02
    8    6    8    6  1.0409638667601318E-01
    8    7    1    1  8.1878948066105295E-15
    8    7    2    1  1.4380416783429156E-01
    8    7    2    2  2.6645352591003757E-15
    8    7    3    1 -1.5287250632045613E-15
    8    7    3    2 -1.1904665762509985E-01
    8    7    3    3  2.7200464103316335E-15
    8    7    4    1  6.1212608210966567E-03
    8    7    4    2  2.9590045691474387E-15
    8    7    4    3  1.6517145607238259E-01
    8    7    4    4 -1.4988010832439613E-15
    8    7    5    1  1.4068607390171906E-15
    8    7    5    2  5.6612076113246174E-02
    8    7    5    4  1.0442538643404975E-01
    8    7    6    1 -1.2117398263162899E-02
    8    7    6    2 -1.7989082445879490E-15
    8    7    6    3  4.4750369225592806E-02
    8    7    6    5 -1.1376383614022426E-01
    8    7    7    2  2.7302321817692810E-03
    8    7    7    4  5.2426122991274145E-02
    8    7    7    6  1.0832696820836077E-01
    8    7    8    1  1.0370067833000360E-03
    8    7    8    3  5.9001846503026773E-03
    8    7    8    5  5.6688518124968411E-02
    8    7    8    7  1.4309897491461707E-01
    8    8    1    1  7.6236035463836338E-01
    8    8    2    2  7.3937566554709289E-01
    8    8    3    1  6.6898919885504934E-02
    8    8    3    2  2.2967738821932926E-15
    8    8    3    3  6.4177219310622313E-01
    8    8    4    1  2.6706067912662945E-15
    8    8    4    2  7.2822227451018767E-02
    8    8    4    3  2.3522850334245504E-15
    8    8    4    4  5.7820451600745693E-01
    8    8    5    1  4.1815222009062309E-03
    8    8    5    2  5.5025428657984321E-15
    8    8    5    3 -1.1283216114473101E-01
    8    8    5    5  5.7688247625559563E-01
    8    8    6    2 -2.2724423955377574E-03
    8    8    6    3  1.3999218451132833E-15
    8    8    6    4  1.1151686530539726E-01
    8    8    6    6  5.1820542973515205E-01
    8    8    7    1 -3.4581876557129793E-03
    8    8    7    2 -1.4363510381087963E-15
    8    8    7    3  1.7894692269975667E-02
    8    8    7    4  1.0477729794899915E-15
    8    8    7    5  1.1156598250874628E-01
    8    8    7    7  4.9991064867337709E-01
    8    8    8    1 -1.1116324874493877E-15
    8    8    8    2 -4.3150540955848929E-03
    8    8    8    3 -1.5396755051466648E-15
    8    8    8    4  1.8165389341994553E-03
    8    8    8    6 -1.0381987844791576E-01
    8    8    8    8  5.9191640602052886E-01
