-8.0937408331101102e-01
-8.6832059785869797e-01
-9.1726094546347858e-01
-9.5793013512388503e-01
-9.9170066601882545e-01
-1.0196710542177447e+00
-1.0427303825404066e+00
-1.0616060076319223e+00
-1.0768991734625155e+00
-1.0891117880946972e+00
-1.0986666613021210e+00
-1.1059228658873577e+00
-1.1111874519100566e+00
-1.1147244364621947e+00
-1.1167617673293424e+00
-1.1174967896655259e+00
-1.1171006141347375e+00
-1.1157216826813368e+00
-1.1134887478030890e+00
-1.1105134186828345e+00
-1.1068923797282753e+00
-1.1027093515246613e+00
-1.0980368387916304e+00
-1.0929376927128387e+00
-1.0874665041941423e+00
-1.0816708896470160e+00
-1.0755923731644277e+00
-1.0692676267701597e+00
-1.0627290798881339e+00
-1.0560056490075755e+00
-1.0491233049489685e+00
-1.0421055383831188e+00
-1.0349737364297935e+00
-1.0277474832659568e+00
-1.0204447972815631e+00
-1.0130823165127241e+00
-1.0056754429642800e+00
-9.9823845511995923e-01
-9.9078459653539297e-01
-9.8332614700893151e-01
-9.7587448149926193e-01
-9.6844012075789443e-01
-9.6103277659963859e-01
-9.5366139385870718e-01
-9.4633419037214472e-01
-9.3905869578554246e-01
-9.3184178957173469e-01
-9.2468973837071444e-01
-9.1760823257682489e-01
-9.1060242199582475e-01
-9.0367695035052198e-01
-8.9683598841210932e-01
-8.9008326556091821e-01
-8.8342209962375817e-01
-8.7685542488632717e-01
-8.7038581823215311e-01
-8.6401552340943821e-01
-8.5774647347138067e-01
-8.5158031147220603e-01
-8.4551840952968105e-01
-8.3956188638532825e-01
-8.3371162360619300e-01
-8.2796828057782279e-01
-8.2233230843788219e-01
-8.1680396309450409e-01
-8.1138331746432857e-01
-8.0607027305285306e-01
-8.0086457098542896e-01
-7.9576580258160035e-01
-7.9077341954936009e-01
-7.8588674385986734e-01
-7.8110497734771100e-01
-7.7642721106750567e-01
-7.7185243442452700e-01
-7.6737954408577447e-01
-7.6300735266816255e-01
-7.5873459719277159e-01
-7.5455994728809206e-01
-7.5048201312104457e-01
-7.4649935303202464e-01
-7.4261048084928094e-01
-7.3881387285836153e-01
-7.3510797440396236e-01
-7.3149120610411900e-01
-7.2796196966006976e-01
-7.2451865324907305e-01
-7.2115963649184156e-01
-7.1788329499079295e-01
-7.1468800443994795e-01
-7.1157214431178017e-01
-7.0853410113063120e-01
-7.0557227134621647e-01
