-6.6958437912024607e+01
-7.1788154842141580e+01
-7.3769405863712763e+01
-7.4668980754032518e+01
-7.5089956609732781e+01
-7.5284125013077542e+01
-7.5366564080255358e+01
-7.5392578385606285e+01
-7.5389987209395457e+01
-7.5373344832765156e+01
-7.5350670863738884e+01
-7.5328342764033948e+01
-7.5312724268238526e+01
-7.5270365863541940e+01
-7.5246530913559099e+01
-7.5224060380642044e+01
-7.5203103497778130e+01
-7.5183667929662903e+01
-7.5165709075399121e+01
-7.5149155688744116e+01
-7.5133920476543935e+01
-7.5119909864792305e+01
-7.5107032784765281e+01
-7.5095206302673944e+01
-7.5084356613551961e+01
-7.5074417208842704e+01
-7.5065326069309975e+01
-7.5057023799648448e+01
-7.5291537578612122e+01
-7.5291524298112961e+01
-7.5291422388910860e+01
-7.5291459100125849e+01
