-7.3998603373193390e+00
-7.3990524618233326e+00
-7.8053406675075978e+00
-7.3974137688819175e+00
-7.3965881981544923e+00
-7.3957616285674614e+00
-7.8020659462270183e+00
-7.7665727501319513e+00
-7.7661659496096735e+00
-7.3924843384299317e+00
-7.7955633460854967e+00
-7.3908847838189429e+00
-7.7584787408510749e+00
-7.7576127470554255e+00
-7.4912309015239176e+00
-7.3878062385430505e+00
-7.3870654667789539e+00
-7.3863370294317914e+00
-7.3856211468534481e+00
-7.7528150136759546e+00
-7.4863394568522894e+00
-7.3835497907926779e+00
-7.3828847643957758e+00
-7.7658802674564793e+00
-7.4834522761426010e+00
-7.3809645040667125e+00
-7.3803487661067635e+00
-7.3797448413438715e+00
-7.3791524851235621e+00
-7.3785714413422987e+00
-7.4795848252239541e+00
-7.4789876872219843e+00
-7.4784028967672667e+00
-7.4778300464627332e+00
-7.4772687421722264e+00
-7.4767186124012364e+00
-7.4761792997368648e+00
-7.4756504617801127e+00
-7.4751317707180229e+00
-7.4746229148979255e+00
-7.4741235932679189e+00
-7.4736335201518367e+00
-7.4731524199051442e+00
-7.4726800283483703e+00
-7.4722160934059794e+00
-7.4717603736689533e+00
-7.4713126344745442e+00
-7.4708726532340890e+00
-7.4704402158804104e+00
-7.4700151155379073e+00
-7.4695971533159398e+00
-7.4691861397413541e+00
-7.4687818896972331e+00
-7.4683842273689960e+00
-7.4679929820266313e+00
-7.4676079887501841e+00
-7.4672290900604086e+00
-7.4668561339352291e+00
-7.4664889709132822e+00
-7.4661274608471873e+00
-7.4657714649307403e+00
-7.4654208514029863e+00
-7.4650754916416489e+00
-7.4647352611804605e+00
