-7.1595567553148287e+00
-7.4262514313489714e+00
-7.6082812542979870e+00
-7.7342869049537608e+00
-7.8214628685217731e+00
-7.8813058656302468e+00
-7.9218476584775548e+00
-7.9487492431734257e+00
-7.9659852812719496e+00
-7.9763370753050360e+00
-7.9817591606782230e+00
-7.9836409659279841e+00
-7.9829814583255416e+00
-7.9805045143288051e+00
-7.9767382285930637e+00
-7.9720705721311180e+00
-7.9667884366296668e+00
-7.9611050950733517e+00
-7.9551796134051909e+00
-7.9491306548706451e+00
-7.9430465515318609e+00
-7.9369926078020905e+00
-7.9310165170714804e+00
-7.9251525383818144e+00
-7.9194246017124792e+00
-7.9138487920851421e+00
-7.9084353214380574e+00
-7.9031900327237441e+00
-7.8981155939542598e+00
-7.8932124081104291e+00
-7.8884793013421728e+00
-7.8839140012485123e+00
-7.8795135463492390e+00
-7.8752744988532832e+00
-7.8711931278698994e+00
-7.8672655527336950e+00
-7.8634877831436238e+00
-7.8598558102420197e+00
