 0.1923021474876792E+01   0.3568749282182112E+01
-0.9356206169961029E+00  -0.4893083398364677E+00
-0.2859663484907001E+00   0.2407857925293579E+01
 0.4072670339233017E-14  -0.2023094734600933E-14
-0.6400529637720393E-15   0.1440143135214641E-14
 0.6105539306619413E+00   0.3107338869477294E+01
 0.1127586125025881E-14  -0.1341706848252108E-14
-0.2722515556061169E-14  -0.3728987955301208E-15
-0.4434653700844098E-15   0.1239632718306669E-15
 0.6105539306619280E+00   0.3107338869477243E+01
-0.1778684725439705E+00  -0.5643763508760169E-01
-0.2117979322691872E+00   0.3968307988350766E+00
 0.2751707030378864E-15  -0.1124228621684434E-14
-0.4846651967894582E-15   0.1105033722509399E-14
 0.6974564412861445E-01   0.1229385560782354E+01
 0.3837731741374959E+00   0.1757855547123071E+01
-0.3915472283077515E-01   0.5699604052257699E+00
 0.1616970673592105E-15   0.7844552223058648E-14
 0.1534209595388856E-14   0.4025431388839223E-14
-0.1051492737116214E-01   0.5632044338880468E+00
 0.2552671098995891E+01   0.1441381005397426E+02
-0.2850445564325818E-14  -0.1071975481797449E-15
 0.1536966339740188E-14   0.7839356925822913E-15
 0.6912468981705098E+00   0.1554630152042112E+00
 0.3533539935855049E-02   0.7947012481740568E-03
-0.1220384526945324E-14   0.3931314361207551E-15
-0.2701959509849610E-14   0.1097927248744827E-14
 0.7140832408188591E+00   0.2411889629348440E+01
 0.1303925853731610E-14  -0.7015768314128072E-15
 0.1929567318340155E-14   0.2523076083736429E-14
 0.3533539935855022E-02   0.7947012481751389E-03
-0.6912468981705039E+00  -0.1554630152042055E+00
-0.2018473518510790E-14  -0.3742394145973470E-15
 0.1721714709588476E-14   0.3541657016583021E-14
 0.1552441985727682E-16   0.3096481404618601E-15
 0.7140832408188593E+00   0.2411889629348441E+01
-0.1767730503427596E-01  -0.3340783403200205E+00
-0.7238103329862636E-01  -0.4014225849157631E+00
 0.5583138455309119E-15  -0.2187214761525214E-16
-0.2778227396040548E-14  -0.1831155488166184E-14
 0.4053072384445184E+00   0.1130955493331298E+00
-0.3316565112159642E-01  -0.8256765028946744E+00
-0.5823111123582823E-15  -0.6193281927994414E-15
 0.5496204136069004E-14   0.5328656371789685E-14
-0.9273414768608813E+00   0.7752487593888943E+00
 0.1961905592963423E+00  -0.1110059230594662E+00
-0.3417601073744987E+00  -0.3493808320522259E+00
 0.6218911772283706E-15   0.1383410747946924E-14
 0.1003966315576505E-14  -0.4196354185538340E-15
-0.2426313155327917E-02   0.1918857513182368E+00
 0.6812269365254778E+00   0.2646283147862196E+01
-0.9770290816019288E-15  -0.1017391557596295E-14
-0.1586482131073968E-15   0.4117508144482525E-15
 0.3139198254894771E-01   0.1601012569049437E-02
-0.1226519540942101E+00   0.3590732791355225E+01
-0.9502989366359270E-15   0.2465364569333847E-15
 0.6027835628422747E-15   0.7657562152705932E-15
 0.4330416300121314E-03   0.1626715608883977E-03
 0.8788289397806372E-01   0.3301310208571076E-01
 0.3672393130439797E-15  -0.8829844294684580E-15
-0.2050543494075490E-14  -0.3066712689857682E-14
-0.5284508344415468E-02   0.3293193615263621E-03
 0.5263678637669773E+00  -0.3280212983428558E-01
 0.1290946446495277E-14  -0.8776968524863950E-15
 0.1425107638912059E-15  -0.1283212347028236E-14
 0.2422903575562752E+00   0.1929247494817317E+01
 0.3605509600511898E-15   0.1655880681238102E-15
 0.1409187905268735E-15  -0.1371047065188687E-16
-0.8788289397806340E-01  -0.3301310208571174E-01
 0.4330416300120367E-03   0.1626715608901716E-03
 0.4745782532197519E-15  -0.1294735456546201E-14
 0.2444970634155443E-15  -0.5788191529243544E-15
 0.5263678637669768E+00  -0.3280212983428485E-01
 0.5284508344415083E-02  -0.3293193615266030E-03
-0.3523494204172140E-15  -0.2982429215481721E-15
 0.9123036757521262E-16   0.3519562405964370E-17
 0.1621017773137390E-15   0.1569382644672768E-16
 0.2422903575562747E+00   0.1929247494817310E+01
 0.1367343613213179E+00   0.1652066862552874E+00
-0.1802844726886983E+00  -0.8185234847675732E-01
 0.1111262144741277E-14   0.2388431365496840E-14
 0.5543704450031785E-16   0.2744280938984262E-15
 0.3667210128700067E+00   0.4521733236648338E+00
-0.1561315767782475E+00   0.1200120628918101E+01
-0.7373975688266651E-15   0.7570281399758944E-16
-0.2024952745735757E-14  -0.1268044293685152E-14
 0.4095243102575607E+00   0.1714415178524992E+00
 0.2189397421666424E+00   0.5288191399588422E+00
-0.7010994582544824E-15  -0.5773788274304842E-15
 0.6905875444024321E-15   0.6508497043714868E-16
-0.2908791557736637E-01   0.1273839173718258E+01
-0.2103419860603299E+00  -0.1807765166355673E+00
 0.7619356284437764E-01   0.1079134388378235E+00
-0.1801920776556377E-14  -0.5200718890827111E-15
 0.1778428105458496E-15   0.3514742299503640E-15
-0.9997180227913643E-01  -0.2997526291417838E-01
-0.3661017123994975E-01   0.1284639746418659E+01
-0.1451849578023880E-15   0.4538335995439461E-15
-0.7819739110887681E-15   0.6595759083822763E-15
 0.4664636865754589E-01  -0.2884258871839477E-01
-0.1388160785703359E+00   0.4614971585548872E+00
-0.1051285353798123E-14  -0.1419089950761148E-14
-0.2443785881130502E-15  -0.6477127079355508E-17
-0.6925762196349746E+00  -0.2198160417829321E+00
-0.2915710628218208E+00   0.1209711273198515E+01
-0.4591966187768842E-15   0.6209519089596433E-15
-0.1846717272087456E-15   0.5775373118329920E-15
 0.4701342644406281E-01  -0.1053859955534381E-01
-0.1899411671306883E-02   0.4257749436422914E-03
 0.2083846178678692E-15  -0.2935722896580927E-15
-0.2500520531689942E-14   0.7058692835681421E-15
 0.7578410021741466E-01  -0.4359691858829756E-02
 0.3449897557808873E-02  -0.1984649847847308E-03
 0.2112638042232157E-15  -0.4879587285286015E-15
-0.5388967908603671E-15  -0.5642505066081842E-15
-0.1380335594886923E-01   0.2311349304005820E-02
-0.3891895069926865E+00   0.6516914433316731E-01
 0.1921981079373634E-15   0.1633505332468434E-15
-0.4525501513804433E-15   0.2038306844191578E-15
 0.1975590854253098E+00   0.1608327985611237E+01
-0.7667715991531165E-16  -0.5043620512999027E-15
-0.1415171652403373E-15  -0.2430510517355771E-15
 0.1899411671306648E-02  -0.4257749436423135E-03
 0.4701342644406084E-01  -0.1053859955534442E-01
 0.2682887264175224E-15   0.9778681782113504E-15
-0.1619336437158622E-15   0.1234739392549888E-14
 0.3449897557808813E-02  -0.1984649847852019E-03
-0.7578410021741432E-01   0.4359691858829911E-02
-0.1869231598392598E-15   0.8373406365656073E-16
 0.5824759380130348E-15   0.8958342790110148E-15
 0.3891895069926855E+00  -0.6516914433316942E-01
-0.1380335594886913E-01   0.2311349304005856E-02
-0.6533039590120446E-15  -0.2861851574734539E-15
-0.1064567915881391E-14  -0.3542742384298113E-15
 0.9633136302533707E-16   0.1548240702309300E-15
 0.1975590854253092E+00   0.1608327985611230E+01
-0.2251237111570023E-15   0.1354044098871936E-15
 0.3480729187532629E-15  -0.3939194582466649E-15
 0.1778700922089017E+00  -0.1124531168594063E+00
-0.3446465092773316E-04   0.2178925849853686E-04
 0.2257545242548808E-15   0.1345904159152491E-15
 0.5928021790201708E-15  -0.1070049208274680E-15
 0.6391133569214622E-01   0.1433884514603138E+00
 0.3390881796116653E-03   0.7607622099657086E-03
-0.1436905496303305E-15   0.1768200189710439E-15
-0.1062993358016826E-15   0.1824937864762237E-15
 0.1343079970568121E-02   0.7315916241790428E-03
-0.2837262737901456E+00  -0.1545490737804829E+00
-0.2631995877554421E-15  -0.1581048305525294E-15
 0.3565212255597852E-15  -0.2840039013297536E-16
 0.6909234497426642E-01   0.5088950071767383E-01
 0.2778023208028169E-02   0.2046134258307799E-02
-0.1308301061966174E+01   0.7230363276551415E+00
-0.8621476221788676E-15   0.4304372904995648E-15
-0.2333839628910570E-15   0.1716275104000040E-15
 0.3446465092761566E-04  -0.2178925849896896E-04
 0.1778700922089000E+00  -0.1124531168594055E+00
-0.2968014441711077E-15  -0.9176875280565653E-16
 0.5742647377855337E-15   0.5170931921716795E-15
 0.3390881796124780E-03   0.7607622099652694E-03
-0.6391133569214655E-01  -0.1433884514603139E+00
-0.3574791646416627E-15  -0.6405012472814821E-15
-0.4873336370320566E-16   0.4166822779297359E-15
 0.2837262737901456E+00   0.1545490737804825E+00
 0.1343079970568082E-02   0.7315916241790753E-03
-0.1293893219245364E-14  -0.1277674426748902E-15
 0.4371502799741516E-15   0.3720815839465909E-15
-0.2778023208028433E-02  -0.2046134258307410E-02
 0.6909234497427059E-01   0.5088950071767539E-01
-0.1074122480413178E-16   0.3558724224594217E-16
-0.1308301061966170E+01   0.7230363276551397E+00
-0.2690910716162461E+00  -0.1170428371197217E+00
-0.3605725755564660E+00   0.3474638736978125E+00
 0.3844856840639530E-15  -0.1462096677571656E-14
-0.7912956467111178E-15   0.1285617997604139E-14
-0.3179163777189763E+00  -0.8698112693902119E-01
-0.5119860381514073E+00  -0.5356597939654559E+00
-0.2783188396872519E-15  -0.5293344277397056E-16
-0.6026967065026415E-15  -0.2012053250243589E-14
 0.2340553755762494E+00   0.1819039221423866E+00
 0.5665116319819352E+00  -0.1676928875815111E+00
-0.5024810783116773E-15   0.5122204560286569E-15
 0.2948125913828027E-15  -0.4360086868454331E-15
 0.3768326592212020E+00   0.4656780038515576E+00
-0.5900788759399656E-01  -0.1136363770652018E+00
 0.1635944061327928E-16   0.6687203200019912E-15
 0.4168377492598284E-15   0.4009534155952358E-15
-0.1971284165853307E-15  -0.4236751552110512E-15
-0.2722437921341109E-15  -0.2136488225492573E-15
-0.3243333288867682E+00   0.1726336261948410E+01
 0.2808526815223000E+00  -0.2555528686173128E-01
 0.3644961722581532E+00  -0.3148144764619661E+00
-0.1063603492761864E-14   0.5374153289448132E-15
 0.1868946249118489E-14  -0.7879122015014533E-15
 0.8903796715294503E-02  -0.2961688417586628E+00
 0.2086138944166625E+00   0.5182284633563621E+00
-0.7970746366114363E-15  -0.5194913967473154E-15
 0.6800352568572423E-15   0.4144333716257623E-15
-0.2837264562875765E+00  -0.7103023921848002E-01
-0.1349119248850426E+00   0.3401629883179942E+00
-0.2888394464745533E-15  -0.7321178778832504E-15
-0.8812572501123416E-15  -0.1959631086791408E-16
-0.3175386553114880E-01   0.1753569681597502E+00
-0.3342350205381098E+00  -0.1629642643214791E+00
 0.2791096387355131E-15  -0.3164273142632137E-15
-0.3396108378362650E-15   0.6503343154895186E-16
 0.3136989672306210E-15  -0.1144032307708431E-15
-0.5406798606968646E-15  -0.6296719573347448E-16
 0.5941833190784696E+00  -0.3194488574839728E+00
-0.1421449956585735E+01   0.8367024219006426E+00
 0.3706284568569544E-14  -0.8986227003090463E-14
-0.2517037013080375E-15  -0.9692160265190948E-14
 0.4962826199128863E-15  -0.2474122501594101E-15
-0.2592929416820133E-15   0.2644581712965731E-15
 0.1306939254070361E-14  -0.4490949190271420E-14
 0.5145285079413047E-13  -0.1310629014186819E-13
-0.3259046917525390E-15   0.2410403521911858E-15
-0.2715426571818600E-15   0.4810324042945813E-15
 0.3699475789728883E-14   0.7610346751288965E-14
 0.1485799578384349E-13   0.1496292592116626E-13
 0.2107540408127978E-15  -0.4010587665579717E-15
-0.9776653457399701E-16  -0.9559851950319330E-17
 0.3041553444344186E-14  -0.3572938319416357E-14
 0.4566686668777468E-14  -0.1553553720901770E-14
 0.5217135479552460E-16  -0.1014235662993235E-15
 0.5672285312665332E-17   0.2093363440936860E-15
 0.2692109428627671E-15  -0.1806289624152451E-15
-0.2809673383399084E-15   0.2688467341695483E-15
-0.2703603456252090E-15  -0.1010906406260764E-13
 0.1995624578603755E-14   0.7944051457167492E-14
-0.1169560763694268E+01   0.8311968418700955E+00
-0.2059739257843800E-15   0.1885788829414371E-15
-0.1103190448454991E-15   0.2309901634529320E-15
-0.2399744216542779E-15   0.1413689375683824E-15
 0.1497422503257808E-15  -0.1116642177783818E-16
-0.3691945904938864E-15   0.1399673179435572E-15
-0.7071021857568246E-15   0.2489295627801401E-15
-0.5433437919304825E-15   0.5738456307295084E-15
-0.2865745644490435E-15  -0.1270235948405378E-15
 0.5561980936222128E-15  -0.5620841439808421E-15
-0.6946698592710438E-16  -0.2157864656721637E-15
-0.3374861259192125E-15   0.2169323274884229E-15
-0.5373377898084926E-15   0.4248629193463902E-15
-0.3247005201881523E-16   0.5458724087094524E-16
-0.1470620733781273E-15   0.2192507531980425E-16
-0.8250836952982104E-17   0.6143473052956485E-16
-0.1736010667446278E-15  -0.4112804883947004E-16
 0.6376110704417990E-16  -0.3339598947838040E-16
 0.2116681015454814E-15  -0.1586974901237285E-15
 0.3580893463623283E-15  -0.8277151794095102E-16
 0.1362124532988189E-15  -0.1409806811028076E-15
-0.3816391647148979E-16   0.3295974604355935E-16
-0.1169560763694268E+01   0.8311968418700949E+00
-0.2364574814548931E+00   0.6820976772012091E+00
 0.8677349714580066E-02   0.7336734710288324E+00
-0.3908880712606794E-14   0.2031242543966426E-14
-0.2672453248443812E-16   0.3059024861938382E-14
-0.1096153023017274E+00   0.3026010000091169E+00
-0.3886761482298521E+01   0.1017708037997755E+01
-0.4349813838925193E-14   0.3446637254876825E-14
 0.2439987581081662E-14  -0.9194952254136029E-15
-0.3120584902902889E+00  -0.5762611425931993E+00
-0.1172633700168962E+01  -0.1069071229666097E+01
-0.5695519154956723E-16   0.2408164435797699E-14
 0.1935806609130585E-15  -0.6597994390100609E-15
-0.2610656958577023E+00   0.3005708434351684E+00
-0.3765832480560510E+00   0.1285977348681711E+00
-0.3568560623939413E-14   0.3714114097451306E-14
-0.3769335792025019E-15   0.2518420296093996E-15
 0.4844934172130229E-15  -0.9543507132805501E-15
 0.7193556671180550E-17  -0.1178495615222288E-15
 0.5448745303493774E-01   0.7169289380000499E+00
-0.1997695729378189E+00  -0.5885950679919920E+00
 0.6906175847544740E-13  -0.6233611592705427E-13
-0.6648454199052153E-15   0.6238933012651393E-15
-0.6384045644004973E+01   0.5436882144885952E+01
-0.1663940969483063E-14   0.1242901535636908E-14
 0.4318773907848842E-15  -0.4650087035893814E-15
 0.2323318052451872E+00  -0.2141184431247397E+00
 0.1146565582295507E-04  -0.1056682003396441E-04
 0.5349047995742058E-15   0.2888331890852311E-15
 0.9202622504362019E-16  -0.1265161185226836E-15
-0.1057379262803068E+00   0.2271778661394619E+00
-0.5352964704859229E-03   0.1150084120191730E-02
 0.3574083837462423E-15  -0.1925813971998791E-17
-0.1255004677484263E-15  -0.1124354820906082E-16
-0.1371363303170295E-04   0.9994864134811390E-03
 0.2755492015320708E-02  -0.2008276599943360E+00
 0.2180091697210544E-15   0.2991081603834844E-16
-0.1630218355273288E-16  -0.9686420231516743E-16
-0.6701791939425276E-01  -0.7694398249979546E-01
-0.2710935412679641E-02  -0.3112453636827934E-02
-0.4232145082277164E-01  -0.6047291866763920E-02
-0.1028891173293232E-04  -0.1470177676577372E-05
-0.4834571640880024E-15   0.2169186688224893E-15
-0.5334138921405813E-16   0.1417279597497942E-15
-0.1920496790280301E-16   0.1879946230371589E-16
 0.2644354663067496E-17   0.2443495238735935E-17
 0.3084976305574627E-15  -0.2889130730621301E-16
-0.1246769550200984E+01   0.8790116554489661E+00
-0.5477396223138700E-15   0.1343953635866887E-14
-0.1235280115119699E-14   0.1011245866767800E-14
-0.1146565582231065E-04   0.1056682003340238E-04
 0.2323318052451856E+00  -0.2141184431247387E+00
 0.2218979662219068E-15  -0.2069885925934406E-15
-0.1606736041584567E-14  -0.1548006499172842E-16
-0.5352964704858336E-03   0.1150084120191653E-02
 0.1057379262803072E+00  -0.2271778661394614E+00
 0.4334175966493357E-15  -0.9310707411873678E-15
-0.1239946955260571E-14   0.7504313185604492E-15
-0.2755492015320087E-02   0.2008276599943358E+00
-0.1371363303145935E-04   0.9994864134808075E-03
-0.1356564317847124E-15   0.3901968927142556E-15
 0.1937581343813983E-17   0.1475213749863017E-15
 0.2710935412680281E-02   0.3112453636827668E-02
-0.6701791939425054E-01  -0.7694398249979610E-01
 0.1028891173298714E-04   0.1470177676576302E-05
-0.4232145082277130E-01  -0.6047291866764298E-02
-0.1756996370594439E-15   0.8380679905529511E-16
-0.3810627171856694E-15  -0.8124424663368605E-17
 0.4799018492222367E-15  -0.3236595734968188E-15
-0.1572814866162994E-15   0.1370098760034084E-15
-0.1803977573417867E-14   0.1416369210165118E-14
 0.9443823446205636E-17  -0.1202186665566699E-17
-0.1246769550200977E+01   0.8790116554489611E+00
 0.1928372731210867E-01   0.1989340731715170E+00
-0.2267817449122188E+00   0.2628082576692427E+00
 0.2173148422491727E-16  -0.1897157576760499E-15
-0.6707907766259682E-15   0.1132272957777081E-14
-0.1107265566627597E+00  -0.1274044942730867E-01
-0.5944455497006683E+00   0.2369776614732097E+00
-0.1377927503479685E-14   0.7532776359196043E-15
 0.2725777481104984E-15   0.7725115518108200E-15
-0.9244656232111928E-01  -0.6419634781380582E-01
-0.4063598678479514E+00   0.1581298403953672E+00
 0.7466194997363021E-16  -0.3421807460588336E-15
-0.1192099642389011E-15  -0.5446243805236338E-15
-0.9491532035298081E-01   0.1134453395600746E+00
-0.1139943463539065E+00   0.1944547740622452E+00
-0.7509315131612791E-15   0.1488130474873932E-15
-0.4055246414334899E-15   0.7738445931297464E-15
-0.7953484174666712E-16   0.9243567762820399E-16
 0.8528875812339747E-16   0.5328438866270559E-16
-0.7232108764269279E-01  -0.2613794160948846E-01
-0.5744191332573741E-01  -0.1161030956780297E+00
 0.1394610270451144E-13  -0.7389175419448622E-14
-0.8895315244302743E-16   0.5088728635328386E-16
-0.1009983781360535E+01   0.4915894688909294E+00
 0.7977623933348983E-16   0.9416197714222679E-16
-0.4510225913798495E-15   0.1518695521966907E-16
-0.1471527642142279E+01   0.8509735135088028E+00
-0.1271283825868735E-15   0.2381559869011013E-15
-0.3707224146796481E-15   0.6393645450004603E-16
-0.6457690824670466E-04   0.3158662278485285E-04
 0.1194671954742045E+00  -0.5843521068169995E-01
-0.1399114118882377E-15  -0.2007453402456304E-16
 0.4744588048692548E-15  -0.4790991615106830E-15
 0.1414029866275430E-03   0.1674047243431337E-03
-0.3093290035473004E-01  -0.3662096381819164E-01
 0.3861008405588788E-16  -0.7836374893694364E-16
-0.6799739594355273E-16   0.1911282270980405E-15
 0.1486537457208315E+00   0.1549985397963013E-01
 0.8128446803467193E-03   0.8475382703858423E-04
-0.8662326445810424E-16   0.1779621515315277E-16
 0.5758812057411770E-15  -0.2900702166289324E-15
 0.2786687224908774E-02   0.2826755299671895E-02
-0.6806275782851358E-01  -0.6904139068146618E-01
 0.4053828206692860E-03  -0.2544242616753971E-03
-0.5520639877662956E+00   0.3464835343863152E+00
-0.2513370174494553E-15  -0.2058736381744100E-16
 0.1513789211413094E-15  -0.6412342290618504E-16
-0.2281458856855526E-15  -0.1527466726241348E-15
-0.7387837194576903E-16   0.4013342919424205E-16
 0.8950181523806473E-16  -0.5170155058675975E-15
 0.6747620804249266E-04  -0.5461237638373068E-04
-0.1373727700487537E+00   0.1111836844485442E+00
 0.5556344829399832E-15  -0.3960462504320072E-15
-0.1713594393625377E+01   0.3891724136324514E+00
 0.5250809596012663E-15  -0.3132296667408175E-15
-0.4282479839288507E-15   0.1566550683093262E-15
-0.1194671954742059E+00   0.5843521068170038E-01
-0.6457690824761778E-04   0.3158662278506853E-04
-0.3039064132485861E-15  -0.6191546680083823E-16
 0.2944221378407082E-15  -0.2927230405185864E-15
-0.3093290035472990E-01  -0.3662096381819151E-01
-0.1414029866264155E-03  -0.1674047243434276E-03
-0.1936431435533355E-15   0.7964761235641920E-16
 0.1766612435539586E-15  -0.6682452567907354E-17
-0.8128446803467356E-03  -0.8475382703878012E-04
 0.1486537457208321E+00   0.1549985397962977E-01
 0.2346974201043713E-15  -0.3463823254638374E-15
 0.1567717240311391E-15   0.2435432396607748E-16
 0.6806275782851511E-01   0.6904139068146521E-01
 0.2786687224909647E-02   0.2826755299671785E-02
 0.5520639877662962E+00  -0.3464835343863157E+00
 0.4053828206693950E-03  -0.2544242616754199E-03
-0.2487953911572713E-15  -0.1445795660127875E-15
 0.1833634348428849E-15  -0.7978661609540285E-16
 0.3289942594031734E-16  -0.1030947278632686E-16
-0.9543983526888836E-16   0.1791008417086276E-16
 0.1922833888866147E-15  -0.5564875879137592E-15
 0.1373727700487538E+00  -0.1111836844485444E+00
 0.6747620804244325E-04  -0.5461237638372368E-04
-0.1334936467114430E-15  -0.2220193657060637E-16
-0.7854973271252555E-18  -0.2729126921163555E-17
-0.1713594393625375E+01   0.3891724136324509E+00
 0.4235611273085338E-01  -0.7613140345397877E-01
-0.1014541584984152E+00  -0.7634207998650325E-01
 0.2250689112990703E-14  -0.8876913400015523E-15
-0.4449341076163497E-15  -0.2762061757928688E-15
 0.4150593843011585E-02  -0.7879741821284054E-01
 0.4710483500481276E+00  -0.3623515311805318E+00
 0.7670465104502902E-15  -0.5954520690617873E-15
 0.1479894091514460E-14  -0.2997344523023955E-15
-0.2874942756023741E+00   0.1719957140283328E+00
 0.1141160334897798E+00   0.9605325644249434E-01
-0.1700101506561296E-15  -0.4500806336710319E-15
-0.1977312077638141E-15   0.1061679760491973E-15
 0.2478988917797624E+00  -0.1860954504947618E+00
 0.2411434256080587E+00  -0.1899719915297728E+00
 0.1202567409350179E-15  -0.5183889198726379E-15
 0.3078608444429462E-15  -0.1546951303054456E-15
-0.8499912526594695E-15   0.3968613228367698E-15
 0.5192304345593848E-15  -0.2982643408695052E-15
-0.1107181701870106E+00  -0.6814258796834866E-01
 0.2470421647361887E+00  -0.3033013300408129E-01
-0.3588849496588767E-15   0.1059170426369570E-13
 0.1656632544714656E-16  -0.7058793646998872E-16
 0.3159154852353267E-01  -0.7961517716713233E+00
 0.1335848674699307E-16   0.7292475095922926E-16
-0.1521490580834497E-15  -0.2543376084136697E-15
-0.9238299758612697E-01  -0.6632975644232383E-01
-0.1017904452909790E-15   0.3189887373186503E-16
-0.7443823625074333E-16   0.5697277013368758E-16
-0.1625659722448808E+01   0.3665166789814391E+00
-0.7056822945468544E-01   0.8102936833575497E-01
-0.1976217677503102E+00   0.1452766955157211E+00
 0.2948933048906581E-14  -0.3485041223137360E-15
-0.7087708154518440E-15   0.4262717477602137E-15
-0.1356941620433195E+00   0.3687884532426382E-01
 0.1352243456852515E-01  -0.6390289135931936E-01
 0.8924550161996295E-15   0.2023710228014020E-15
-0.1426873240574776E-14   0.2729581845940281E-15
 0.3275971598449819E+00  -0.1513161792351066E+00
 0.9332046166645973E-01  -0.9688445079593638E-01
 0.3115747444754794E-15   0.1125253122780366E-15
 0.8189844812791657E-15  -0.1584735592252407E-15
-0.1680000946538194E-01  -0.1227998051365960E-01
 0.7465696641456745E-01  -0.7611857501195544E-01
-0.3918574511125934E-15   0.3627057180823931E-15
-0.2869041906931625E-16  -0.1493775941888141E-16
 0.2079005343190184E-15  -0.1150588854210607E-15
 0.2409463475785991E-15  -0.1009080145128451E-15
-0.2627680731720575E+00   0.1344371507792458E+00
 0.6899955238096853E+00  -0.2238429020720628E+00
-0.8228445628006133E-14  -0.5353090678594440E-14
-0.8673884222240242E-16   0.6322255435744441E-16
 0.6700428556817524E+00   0.4010658310909997E+00
-0.2447463309015976E-15   0.2915866451305976E-16
-0.1374448392225257E-15   0.4109922319308288E-15
 0.1070673119256175E+00   0.1386804536201002E+00
-0.1691692386736611E-15   0.6341807659829893E-16
-0.4409559599328955E-15   0.1108833850360855E-15
 0.8877579392362277E-01   0.2168608986928886E-01
-0.2138679344910029E+01   0.2682668534076005E+00
 0.1755198281660829E+01   0.3568749282182112E+01
-0.8389976575536973E+00  -0.4893083398364677E+00
 0.8341177377337233E-01   0.2407857925293579E+01
 0.3239164623733869E-14  -0.2023094734600933E-14
-0.9747699349851295E-15   0.1440143135214641E-14
 0.7199095005693481E+00   0.3107338869477294E+01
 0.4229274618616163E-15  -0.1341706848252108E-14
-0.2179123920933513E-14  -0.3728987955301208E-15
-0.1549617130848589E-15   0.1239632718306669E-15
 0.7199095005693333E+00   0.3107338869477243E+01
-0.1363755590784101E+00  -0.5643763508760169E-01
-0.5561207957172380E-01   0.3968307988350766E+00
-0.1904784331107934E-15  -0.1124228621684434E-14
-0.4338500885997043E-16   0.1105033722509399E-14
 0.1053475018875507E+00   0.1229385560782354E+01
 0.5066181299147008E+00   0.1757855547123071E+01
-0.6134227590229039E-01   0.5699604052257699E+00
 0.1092489452981154E-14   0.7844552223058648E-14
 0.5618969234667817E-15   0.4025431388839223E-14
 0.6419375641984297E-01   0.5632044338880468E+00
 0.3614824521425089E+01   0.1441381005397426E+02
-0.2368739937525048E-14  -0.1071975481797449E-15
 0.9408112965585300E-15   0.7839356925822913E-15
 0.5339404172888259E+00   0.1554630152042112E+00
 0.2729415195714655E-02   0.7947012481740568E-03
-0.1026282278837450E-14   0.3931314361207551E-15
-0.1794264699162799E-14   0.1097927248744827E-14
 0.7137337837027120E+00   0.2411889629348440E+01
 0.6767417979459940E-15  -0.7015768314128072E-15
 0.2145676242271094E-14   0.2523076083736429E-14
 0.2729415195714613E-02   0.7947012481751389E-03
-0.5339404172888205E+00  -0.1554630152042055E+00
-0.1651685863309260E-14  -0.3742394145973470E-15
 0.1962744643173451E-14   0.3541657016583021E-14
 0.1417594340524797E-16   0.3096481404618601E-15
 0.7137337837027123E+00   0.2411889629348441E+01
 0.2363370646621850E-01  -0.3340783403200205E+00
-0.1514142408160498E+00  -0.4014225849157631E+00
 0.5754984600343869E-15  -0.2187214761525214E-16
-0.2188290630334421E-14  -0.1831155488166184E-14
 0.3402576907357839E+00   0.1130955493331298E+00
-0.1520215003544014E+00  -0.8256765028946744E+00
-0.5142236589258488E-15  -0.6193281927994414E-15
 0.5644606898781694E-14   0.5328656371789685E-14
-0.9395726613656987E+00   0.7752487593888943E+00
 0.1148984656774234E+00  -0.1110059230594662E+00
-0.1904123198569485E+00  -0.3493808320522259E+00
 0.7676741497627768E-15   0.1383410747946924E-14
 0.6690318829696871E-15  -0.4196354185538340E-15
 0.5470901185981937E-01   0.1918857513182368E+00
 0.9014066182528608E+00   0.2646283147862196E+01
-0.4749023430117535E-15  -0.1017391557596295E-14
-0.6614110451344751E-15   0.4117508144482525E-15
 0.5569850312202171E-01   0.1601012569049437E-02
-0.1354891955941661E+00   0.3590732791355225E+01
-0.4292553284251076E-15   0.2465364569333847E-15
 0.4936822134001224E-15   0.7657562152705932E-15
-0.2655410725862961E-03   0.1626715608883977E-03
-0.5388977943818785E-01   0.3301310208571076E-01
 0.2543060734230905E-15  -0.8829844294684580E-15
-0.2035857070444198E-14  -0.3066712689857682E-14
-0.4624877489912043E-02   0.3293193615263621E-03
 0.4606647820173384E+00  -0.3280212983428558E-01
 0.9806190263156683E-15  -0.8776968524863950E-15
 0.4242659016832154E-15  -0.1283212347028236E-14
 0.1930349324260562E+00   0.1929247494817317E+01
-0.2224625730244291E-15   0.1655880681238102E-15
 0.2373153819866345E-15  -0.1371047065188687E-16
 0.5388977943818880E-01  -0.3301310208571174E-01
-0.2655410725863583E-03   0.1626715608901716E-03
 0.2480078976422451E-15  -0.1294735456546201E-14
 0.7373169508932542E-17  -0.5788191529243544E-15
 0.4606647820173383E+00  -0.3280212983428485E-01
 0.4624877489911678E-02  -0.3293193615266030E-03
-0.2780519269056703E-15  -0.2982429215481721E-15
 0.5897769823465403E-16   0.3519562405964370E-17
 0.1655983293200047E-15   0.1569382644672768E-16
 0.1930349324260562E+00   0.1929247494817310E+01
 0.1993938520155424E+00   0.1652066862552874E+00
-0.1937989245005559E+00  -0.8185234847675732E-01
 0.1107311494263522E-14   0.2388431365496840E-14
-0.1273235326650743E-15   0.2744280938984262E-15
 0.3652412424003996E+00   0.4521733236648338E+00
-0.4492944686349053E-01   0.1200120628918101E+01
-0.5348511938059905E-15   0.7570281399758944E-16
-0.1828952199377113E-14  -0.1268044293685152E-14
 0.3607133374559899E+00   0.1714415178524992E+00
 0.2812261211068532E+00   0.5288191399588422E+00
-0.8197686837495296E-15  -0.5773788274304842E-15
 0.6249540643119889E-15   0.6508497043714868E-16
-0.7456706141860681E-01   0.1273839173718258E+01
-0.1735379022500225E+00  -0.1807765166355673E+00
 0.9306710730097328E-01   0.1079134388378235E+00
-0.1664615759132769E-14  -0.5200718890827111E-15
 0.2014987220437546E-15   0.3514742299503640E-15
-0.1029418639014548E+00  -0.2997526291417838E-01
 0.7235643977972474E-01   0.1284639746418659E+01
-0.7312613830493334E-16   0.4538335995439461E-15
-0.5609198673771898E-15   0.6595759083822763E-15
-0.8816063714204750E-02  -0.2884258871839477E-01
-0.6905705861332240E-01   0.4614971585548872E+00
-0.1158315473230511E-14  -0.1419089950761148E-14
-0.2365767709756988E-15  -0.6477127079355508E-17
-0.6917216900295169E+00  -0.2198160417829321E+00
-0.3668639334859743E+00   0.1209711273198515E+01
-0.7497880289532176E-15   0.6209519089596433E-15
-0.1596202872004980E-15   0.5775373118329920E-15
 0.1153289232119184E+00  -0.1053859955534381E-01
-0.4659458358105479E-02   0.4257749436422914E-03
 0.1912002816808452E-15  -0.2935722896580927E-15
-0.1722704828222811E-14   0.7058692835681421E-15
 0.8646282882401622E-02  -0.4359691858829756E-02
 0.3936022215022925E-03  -0.1984649847847308E-03
 0.1704899507102930E-15  -0.4879587285286015E-15
-0.9921818425575370E-16  -0.5642505066081842E-15
-0.1465698588407295E-01   0.2311349304005820E-02
-0.4132578433354402E+00   0.6516914433316731E-01
 0.2857600324396564E-15   0.1633505332468434E-15
-0.3372362722705501E-15   0.2038306844191578E-15
 0.7143496315201286E-01   0.1608327985611237E+01
-0.2822785614076649E-15  -0.5043620512999027E-15
-0.1900754081718944E-15  -0.2430510517355771E-15
 0.4659458358105214E-02  -0.4257749436423135E-03
 0.1153289232119164E+00  -0.1053859955534442E-01
 0.2215337735327976E-15   0.9778681782113504E-15
-0.2115878358651799E-16   0.1234739392549888E-14
 0.3936022215022998E-03  -0.1984649847852019E-03
-0.8646282882401249E-02   0.4359691858829911E-02
 0.4675253935461346E-16   0.8373406365656073E-16
 0.5663780777336273E-15   0.8958342790110148E-15
 0.4132578433354395E+00  -0.6516914433316942E-01
-0.1465698588407288E-01   0.2311349304005856E-02
-0.5545349439423643E-15  -0.2861851574734539E-15
-0.1011490251753374E-14  -0.3542742384298113E-15
 0.6667843360785852E-16   0.1548240702309300E-15
 0.7143496315201282E-01   0.1608327985611230E+01
 0.1186653126789679E-15   0.1354044098871936E-15
 0.2177958100390471E-15  -0.3939194582466649E-15
 0.7587921639780687E-01  -0.1124531168594063E+00
-0.1470258812698538E-04   0.2178925849853686E-04
 0.3170909557311224E-15   0.1345904159152491E-15
 0.4512719682131222E-15  -0.1070049208274680E-15
 0.9134658935058125E-01   0.1433884514603138E+00
 0.4846487459724551E-03   0.7607622099657086E-03
-0.1029081508781628E-15   0.1768200189710439E-15
-0.2076412045850300E-15   0.1824937864762237E-15
 0.1331964347162030E-02   0.7315916241790428E-03
-0.2813780931315297E+00  -0.1545490737804829E+00
-0.2178920487581333E-15  -0.1581048305525294E-15
 0.3416603077707731E-15  -0.2840039013297536E-16
 0.5949245471503743E-01   0.5088950071767383E-01
 0.2392036628116990E-02   0.2046134258307799E-02
-0.1251602514722030E+01   0.7230363276551415E+00
-0.5604518553766968E-15   0.4304372904995648E-15
-0.1190161609058932E-15   0.1716275104000040E-15
 0.1470258812680592E-04  -0.2178925849896896E-04
 0.7587921639780615E-01  -0.1124531168594055E+00
-0.3619407060747137E-15  -0.9176875280565653E-16
 0.5121769392538135E-15   0.5170931921716795E-15
 0.4846487459732184E-03   0.7607622099652694E-03
-0.9134658935058124E-01  -0.1433884514603139E+00
-0.4812813193980839E-15  -0.6405012472814821E-15
 0.5483443447333109E-16   0.4166822779297359E-15
 0.2813780931315296E+00   0.1545490737804825E+00
 0.1331964347161970E-02   0.7315916241790753E-03
-0.1274933246295421E-14  -0.1277674426748902E-15
 0.3273167737238878E-15   0.3720815839465909E-15
-0.2392036628117262E-02  -0.2046134258307410E-02
 0.5949245471504114E-01   0.5088950071767539E-01
-0.1868342923406173E-17   0.3558724224594217E-16
-0.1251602514722026E+01   0.7230363276551397E+00
-0.8300166603313897E-01  -0.1170428371197217E+00
-0.1983119729589216E+00   0.3474638736978125E+00
 0.3482889032906915E-16  -0.1462096677571656E-14
-0.3580404454243201E-15   0.1285617997604139E-14
-0.2554168554617861E+00  -0.8698112693902119E-01
-0.4681356950274305E+00  -0.5356597939654559E+00
-0.4202763974341837E-15  -0.5293344277397056E-16
 0.2142542366371371E-15  -0.2012053250243589E-14
 0.7569052384774355E-01   0.1819039221423866E+00
 0.6306338789917277E+00  -0.1676928875815111E+00
-0.8347053484169553E-15   0.5122204560286569E-15
 0.2111211860648822E-15  -0.4360086868454331E-15
 0.2988237417386854E+00   0.4656780038515576E+00
-0.1451528128299806E+00  -0.1136363770652018E+00
-0.7428557771973965E-16   0.6687203200019912E-15
 0.3955024310524155E-15   0.4009534155952358E-15
-0.5467125103312154E-16  -0.4236751552110512E-15
-0.3685510404375523E-15  -0.2136488225492573E-15
-0.4709001629824787E+00   0.1726336261948410E+01
 0.2329862235356839E+00  -0.2555528686173128E-01
 0.1013459629224746E+00  -0.3148144764619661E+00
-0.4903239774448194E-15   0.5374153289448132E-15
 0.1250102508571168E-14  -0.7879122015014533E-15
-0.8103928086552128E-01  -0.2961688417586628E+00
 0.1283415441169387E+00   0.5182284633563621E+00
-0.4956194550438910E-15  -0.5194913967473154E-15
 0.2800471908087276E-15   0.4144333716257623E-15
-0.1758259962312323E+00  -0.7103023921848002E-01
-0.1135506573967557E+00   0.3401629883179942E+00
-0.2102133040774277E-15  -0.7321178778832504E-15
-0.7688439948675985E-15  -0.1959631086791408E-16
-0.3575418277022451E-01   0.1753569681597502E+00
-0.2855358385926312E+00  -0.1629642643214791E+00
 0.3490378698855466E-15  -0.3164273142632137E-15
-0.2702944522269475E-15   0.6503343154895186E-16
 0.2854659453725760E-15  -0.1144032307708431E-15
-0.4382224069166137E-15  -0.6296719573347448E-16
 0.4549255077987588E+00  -0.3194488574839728E+00
-0.1281981756190325E+01   0.8367024219006426E+00
 0.5389356852466085E-14  -0.8986227003090463E-14
 0.4204652179145200E-14  -0.9692160265190948E-14
 0.4664019678976410E-15  -0.2474122501594101E-15
-0.5291324983836269E-16   0.2644581712965731E-15
 0.1568443091425675E-14  -0.4490949190271420E-14
 0.3482022648554630E-13  -0.1310629014186819E-13
-0.3067214131210635E-15   0.2410403521911858E-15
-0.1762693398635466E-15   0.4810324042945813E-15
 0.4145300835647597E-14   0.7610346751288965E-14
 0.4889067772090064E-14   0.1496292592116626E-13
 0.2117263423684530E-15  -0.4010587665579717E-15
-0.8260721237001040E-16  -0.9559851950319330E-17
 0.1155717988571501E-14  -0.3572938319416357E-14
 0.2012270021209349E-14  -0.1553553720901770E-14
 0.6311920748028269E-16  -0.1014235662993235E-15
-0.3441161930862032E-16   0.2093363440936860E-15
 0.2604236362726331E-15  -0.1806289624152451E-15
-0.3442700218235899E-15   0.2688467341695483E-15
 0.4141130626681143E-14  -0.1010906406260764E-13
-0.2169063536751752E-14   0.7944051457167492E-14
-0.1110023150905971E+01   0.8311968418700955E+00
-0.1927884621070929E-15   0.1885788829414371E-15
-0.1514268439014857E-15   0.2309901634529320E-15
-0.2281012952077012E-15   0.1413689375683824E-15
 0.1089019439065194E-15  -0.1116642177783818E-16
-0.3487454165921116E-15   0.1399673179435572E-15
-0.5575653018549706E-15   0.2489295627801401E-15
-0.5151707393455427E-15   0.5738456307295084E-15
-0.2864534310944327E-15  -0.1270235948405378E-15
 0.5299860023878621E-15  -0.5620841439808421E-15
 0.9219245263654359E-17  -0.2157864656721637E-15
-0.3207729973447773E-15   0.2169323274884229E-15
-0.5169906844206734E-15   0.4248629193463902E-15
-0.9690510827973452E-17   0.5458724087094524E-16
-0.1036747344631253E-15   0.2192507531980425E-16
-0.1818957475173430E-16   0.6143473052956485E-16
-0.1579685213804480E-15  -0.4112804883947004E-16
 0.6171599384655915E-16  -0.3339598947838040E-16
 0.2067948233393958E-15  -0.1586974901237285E-15
 0.3188528597218327E-15  -0.8277151794095102E-16
 0.1390141071921157E-15  -0.1409806811028076E-15
-0.4163336342344340E-16   0.3295974604355935E-16
-0.1110023150905970E+01   0.8311968418700949E+00
-0.3820253857588135E+00   0.6820976772012091E+00
-0.3290407332514432E+00   0.7336734710288324E+00
-0.3189644842678107E-14   0.2031242543966426E-14
-0.2191940382822076E-14   0.3059024861938382E-14
-0.1289841524323048E+00   0.3026010000091169E+00
-0.2629946440593313E+01   0.1017708037997755E+01
-0.4773415819298194E-14   0.3446637254876825E-14
 0.3555724141938024E-14  -0.9194952254136029E-15
-0.3276859773197431E+00  -0.5762611425931993E+00
-0.4196456592890048E+00  -0.1069071229666097E+01
-0.1136060409827130E-14   0.2408164435797699E-14
 0.2031288865518485E-15  -0.6597994390100609E-15
-0.1102776576932357E+00   0.3005708434351684E+00
-0.1695021865831742E+00   0.1285977348681711E+00
-0.4149097742876547E-14   0.3714114097451306E-14
-0.1863992515249004E-15   0.2518420296093996E-15
 0.6286678425334613E-15  -0.9543507132805501E-15
 0.9957322017089572E-16  -0.1178495615222288E-15
-0.2622064653583113E+00   0.7169289380000499E+00
 0.1123822253181942E+00  -0.5885950679919920E+00
 0.8065150050329507E-13  -0.6233611592705427E-13
-0.7799652611226888E-15   0.6238933012651393E-15
-0.7172281703525357E+01   0.5436882144885952E+01
-0.1052755673274443E-14   0.1242901535636908E-14
 0.2044680176929071E-15  -0.4650087035893814E-15
 0.8530322514579058E-01  -0.2141184431247397E+00
 0.4209743987106282E-05  -0.1056682003396441E-04
 0.6747036455361918E-15   0.2888331890852311E-15
 0.8947812210372869E-16  -0.1265161185226836E-15
-0.4364391811167546E-01   0.2271778661394619E+00
-0.2209466001954836E-03   0.1150084120191730E-02
 0.3286600365827936E-15  -0.1925813971998791E-17
-0.1462410859405158E-15  -0.1124354820906082E-16
-0.6065290765169598E-04   0.9994864134811390E-03
 0.1218704061529670E-01  -0.2008276599943360E+00
 0.2353374805075507E-15   0.2991081603834844E-16
-0.4196371435323587E-16  -0.9686420231516743E-16
-0.3412193334456926E-01  -0.7694398249979546E-01
-0.1380263044406322E-02  -0.3112453636827934E-02
 0.1448556958904699E-01  -0.6047291866763920E-02
 0.3521636049919979E-05  -0.1470177676577372E-05
-0.4123546840633902E-15   0.2169186688224893E-15
-0.8789020025059233E-16   0.1417279597497942E-15
-0.2596209442750350E-16   0.1879946230371589E-16
 0.7199351244087187E-17   0.2443495238735935E-17
 0.2779836679353078E-15  -0.2889130730621301E-16
-0.1181336286215732E+01   0.8790116554489661E+00
-0.3839675747545607E-15   0.1343953635866887E-14
-0.7835634841139130E-15   0.1011245866767800E-14
-0.4209743986532075E-05   0.1056682003340238E-04
 0.8530322514579107E-01  -0.2141184431247387E+00
 0.3166558264251534E-15  -0.2069885925934406E-15
-0.1073907482308440E-14  -0.1548006499172842E-16
-0.2209466001954784E-03   0.1150084120191653E-02
 0.4364391811167569E-01  -0.2271778661394614E+00
 0.2758281241828541E-15  -0.9310707411873678E-15
-0.9011750540534362E-15   0.7504313185604492E-15
-0.1218704061529611E-01   0.2008276599943358E+00
-0.6065290765145208E-04   0.9994864134808075E-03
 0.2041849717071961E-17   0.3901968927142556E-15
 0.1398526218099951E-15   0.1475213749863017E-15
 0.1380263044406976E-02   0.3112453636827668E-02
-0.3412193334456749E-01  -0.7694398249979610E-01
-0.3521636049852145E-05   0.1470177676576302E-05
 0.1448556958904706E-01  -0.6047291866764298E-02
 0.1309625945802203E-15   0.8380679905529511E-16
-0.4310834822932062E-15  -0.8124424663368605E-17
 0.4642179519547118E-15  -0.3236595734968188E-15
-0.1419257194294311E-15   0.1370098760034084E-15
-0.2135220498531019E-14   0.1416369210165118E-14
 0.2282697544568686E-17  -0.1202186665566699E-17
-0.1181336286215725E+01   0.8790116554489611E+00
-0.8530093741473692E-01   0.1989340731715170E+00
-0.1444270030299871E+00   0.2628082576692427E+00
-0.9878849657286976E-16  -0.1897157576760499E-15
-0.4832738242564541E-15   0.1132272957777081E-14
-0.6159647853682138E-01  -0.1274044942730867E-01
-0.3644824087074283E+00   0.2369776614732097E+00
-0.1399404325530766E-14   0.7532776359196043E-15
 0.2476956397378317E-15   0.7725115518108200E-15
-0.3594639632376447E-01  -0.6419634781380582E-01
-0.3095107386895612E+00   0.1581298403953672E+00
 0.1188753731194526E-15  -0.3421807460588336E-15
-0.1412021742245328E-15  -0.5446243805236338E-15
-0.2443732228147640E-01   0.1134453395600746E+00
-0.1673384858955908E-01   0.1944547740622452E+00
-0.7530354921964648E-15   0.1488130474873932E-15
-0.4909918003159764E-15   0.7738445931297464E-15
-0.8866465675319946E-16   0.9243567762820399E-16
 0.2743880737030551E-16   0.5328438866270559E-16
 0.5967643992527925E-01  -0.2613794160948846E-01
-0.8059068751903652E-01  -0.1161030956780297E+00
 0.1431157207107444E-13  -0.7389175419448622E-14
-0.1084503074218345E-15   0.5088728635328386E-16
-0.1056717663570900E+01   0.4915894688909294E+00
 0.7778933911637154E-16   0.9416197714222679E-16
-0.6239492715474976E-15   0.1518695521966907E-16
-0.1499854072386098E+01   0.8509735135088028E+00
 0.1290563771224488E-15   0.2381559869011013E-15
-0.1445903958409232E-15   0.6393645450004603E-16
-0.1111141525207667E-04   0.3158662278485285E-04
 0.2055610363031908E-01  -0.5843521068169995E-01
-0.1377871207233418E-15  -0.2007453402456304E-16
 0.3622197187187814E-15  -0.4790991615106830E-15
 0.2953854841270686E-03   0.1674047243431337E-03
-0.6461765741092251E-01  -0.3662096381819164E-01
-0.9188381574254258E-16  -0.7836374893694364E-16
-0.6956347761793130E-16   0.1911282270980405E-15
 0.1323284189496028E+00   0.1549985397963013E-01
 0.7235771347724794E-03   0.8475382703858423E-04
-0.7739822740542164E-16   0.1779621515315277E-16
 0.5286923567570310E-15  -0.2900702166289324E-15
 0.1654664162031299E-02   0.2826755299671895E-02
-0.4041393850777963E-01  -0.6904139068146618E-01
 0.3662599533359387E-03  -0.2544242616753971E-03
-0.4987851484774531E+00   0.3464835343863152E+00
-0.1864682958361657E-15  -0.2058736381744100E-16
 0.1571088075262398E-15  -0.6412342290618504E-16
-0.3010370549789840E-15  -0.1527466726241348E-15
-0.6548530339220069E-16   0.4013342919424205E-16
 0.3003477512840702E-16  -0.5170155058675975E-15
 0.4015620070019008E-04  -0.5461237638373068E-04
-0.8175279383432114E-01   0.1111836844485442E+00
 0.4547477709912214E-15  -0.3960462504320072E-15
-0.1640209092838721E+01   0.3891724136324514E+00
 0.1264846145034790E-15  -0.3132296667408175E-15
-0.1199350040624234E-15   0.1566550683093262E-15
-0.2055610363032009E-01   0.5843521068170038E-01
-0.1111141525291677E-04   0.3158662278506853E-04
-0.3318957358988703E-15  -0.6191546680083823E-16
 0.2008050168074636E-15  -0.2927230405185864E-15
-0.6461765741092235E-01  -0.3662096381819151E-01
-0.2953854841260106E-03  -0.1674047243434276E-03
-0.1780998648525066E-15   0.7964761235641920E-16
 0.8477214430265839E-16  -0.6682452567907354E-17
-0.7235771347724935E-03  -0.8475382703878012E-04
 0.1323284189496035E+00   0.1549985397962977E-01
 0.2481831576595070E-15  -0.3463823254638374E-15
 0.1780346153454206E-15   0.2435432396607748E-16
 0.4041393850778086E-01   0.6904139068146521E-01
 0.1654664162032147E-02   0.2826755299671785E-02
 0.4987851484774533E+00  -0.3464835343863157E+00
 0.3662599533360307E-03  -0.2544242616754199E-03
-0.1328336263158050E-15  -0.1445795660127875E-15
 0.9403333686478169E-16  -0.7978661609540285E-16
 0.3158733869782882E-16  -0.1030947278632686E-16
-0.9605714140452931E-16   0.1791008417086276E-16
 0.1473763602321542E-15  -0.5564875879137592E-15
 0.8175279383432107E-01  -0.1111836844485444E+00
 0.4015620070014927E-04  -0.5461237638372368E-04
-0.1460160361995824E-15  -0.2220193657060637E-16
 0.2091582427121984E-17  -0.2729126921163555E-17
-0.1640209092838719E+01   0.3891724136324509E+00
 0.3359197617584819E-01  -0.7613140345397877E-01
-0.1904475388718466E-01  -0.7634207998650325E-01
 0.2061347265653406E-14  -0.8876913400015523E-15
-0.4309663163653533E-16  -0.2762061757928688E-15
 0.1941510849925792E-01  -0.7879741821284054E-01
 0.3600566079901751E+00  -0.3623515311805318E+00
 0.7795963291411213E-15  -0.5954520690617873E-15
 0.1335392799320440E-14  -0.2997344523023955E-15
-0.2688118489553272E+00   0.1719957140283328E+00
 0.3795441489415967E-01   0.9605325644249434E-01
 0.2139083722589656E-17  -0.4500806336710319E-15
-0.2032358480704828E-15   0.1061679760491973E-15
 0.2645490843724464E+00  -0.1860954504947618E+00
 0.2650874966999698E+00  -0.1899719915297728E+00
 0.1473596333738877E-15  -0.5183889198726379E-15
 0.2828052907768838E-15  -0.1546951303054456E-15
-0.8328405986984648E-15   0.3968613228367698E-15
 0.5122109918261295E-15  -0.2982643408695052E-15
-0.2110159562890493E-01  -0.6814258796834866E-01
 0.1910408986604863E+00  -0.3033013300408129E-01
-0.4007862083830732E-15   0.1059170426369570E-13
 0.1273879644509442E-16  -0.7058793646998872E-16
 0.3011008296735843E-01  -0.7961517716713233E+00
 0.5843585661509947E-16   0.7292475095922926E-16
-0.1499168940283780E-15  -0.2543376084136697E-15
-0.9471062363379197E-01  -0.6632975644232383E-01
-0.1339788916701198E-15   0.3189887373186503E-16
-0.1280061761852038E-15   0.5697277013368758E-16
-0.1633853507884256E+01   0.3665166789814391E+00
-0.9498630063403891E-01   0.8102936833575497E-01
 0.2538057747314831E-03   0.1452766955157211E+00
 0.2569174207685233E-14  -0.3485041223137360E-15
-0.3001744945459308E-15   0.4262717477602137E-15
-0.5690199656514646E-01   0.3687884532426382E-01
 0.6242913788259996E-01  -0.6390289135931936E-01
 0.7093731591781256E-15   0.2023710228014020E-15
-0.1476891398375628E-14   0.2729581845940281E-15
 0.3131298226468662E+00  -0.1513161792351066E+00
 0.1445952768090365E-01  -0.9688445079593638E-01
 0.4789103125637150E-15   0.1125253122780366E-15
 0.6789350840769299E-15  -0.1584735592252407E-15
 0.2413586099398615E-01  -0.1227998051365960E-01
 0.1202970481483092E+00  -0.7611857501195544E-01
-0.3986548338867700E-15   0.3627057180823931E-15
-0.1023817381977112E-15  -0.1493775941888141E-16
 0.1665641431166772E-15  -0.1150588854210607E-15
 0.2586487252261660E-15  -0.1009080145128451E-15
-0.8750805919555713E-02   0.1344371507792458E+00
 0.4604666425061539E+00  -0.2238429020720628E+00
-0.6624773812447778E-14  -0.5353090678594440E-14
-0.1085906912862369E-15   0.6322255435744441E-16
 0.5214223161658392E+00   0.4010658310909997E+00
-0.1926262348612560E-15   0.2915866451305976E-16
-0.1755307899230537E-15   0.4109922319308288E-15
 0.2527098532292692E-01   0.1386804536201002E+00
-0.1144280536031933E-15   0.6341807659829893E-16
-0.4113681819675529E-15   0.1108833850360855E-15
 0.7886513244331682E-01   0.2168608986928886E-01
-0.2031348269968407E+01   0.2682668534076005E+00
 0.1599329455372692E+01   0.3568749282182112E+01
-0.5188106264488356E+00  -0.4893083398364677E+00
 0.1017588736232337E+00   0.2407857925293579E+01
 0.1193418412688166E-14  -0.2023094734600933E-14
 0.6026696906285844E-15   0.1440143135214641E-14
 0.9765475202932490E+00   0.3107338869477294E+01
-0.1695739002859837E-15  -0.1341706848252108E-14
-0.2182942241311830E-14  -0.3728987955301208E-15
-0.9711486850154730E-16   0.1239632718306669E-15
 0.9765475202932304E+00   0.3107338869477243E+01
-0.1186939641929384E+00  -0.5643763508760169E-01
 0.8354981067519329E-01   0.3968307988350766E+00
-0.6964600052310606E-15  -0.1124228621684434E-14
 0.2065713305342221E-15   0.1105033722509399E-14
 0.6991653295212204E-01   0.1229385560782354E+01
 0.9716406965429256E+00   0.1757855547123071E+01
 0.3515145031458224E+00   0.5699604052257699E+00
 0.3078646175230977E-14   0.7844552223058648E-14
 0.1733540007874845E-14   0.4025431388839223E-14
 0.2469297548922462E+00   0.5632044338880468E+00
 0.4968032746899242E+01   0.1441381005397426E+02
-0.1531337926013639E-14  -0.1071975481797449E-15
 0.5911135494531114E-15   0.7839356925822913E-15
 0.3661093091329520E+00   0.1554630152042112E+00
 0.1871490299824256E-02   0.7947012481740568E-03
-0.6293427141231705E-15   0.3931314361207551E-15
 0.9383093652886471E-15   0.1097927248744827E-14
 0.6688031740481544E+00   0.2411889629348440E+01
 0.4498298211824489E-15  -0.7015768314128072E-15
 0.1986621090970094E-14   0.2523076083736429E-14
 0.1871490299824262E-02   0.7947012481751389E-03
-0.3661093091329479E+00  -0.1554630152042055E+00
-0.1216824860544401E-14  -0.3742394145973470E-15
 0.2248010241757713E-15   0.3541657016583021E-14
-0.1024571052998802E-16   0.3096481404618601E-15
 0.6688031740481544E+00   0.2411889629348441E+01
-0.1804495331512375E+00  -0.3340783403200205E+00
-0.1045291862249567E+00  -0.4014225849157631E+00
-0.5725347254232310E-16  -0.2187214761525214E-16
-0.1785761259201767E-14  -0.1831155488166184E-14
 0.2533986477453125E+00   0.1130955493331298E+00
-0.2621245688852972E+00  -0.8256765028946744E+00
-0.6109615278407149E-15  -0.6193281927994414E-15
 0.5383930176299166E-14   0.5328656371789685E-14
-0.9093469233713655E+00   0.7752487593888943E+00
 0.5413786026157266E-01  -0.1110059230594662E+00
 0.5502670553214252E-01  -0.3493808320522259E+00
-0.3293457555265528E-16   0.1383410747946924E-14
 0.9594328805641611E-15  -0.4196354185538340E-15
 0.1229946149740547E+00   0.1918857513182368E+00
 0.2597072718166358E+00   0.2646283147862196E+01
 0.3300109426393242E-15  -0.1017391557596295E-14
-0.7701230842296820E-15   0.4117508144482525E-15
-0.4380723882728522E-01   0.1601012569049437E-02
-0.8046982627621879E-02   0.3590732791355225E+01
-0.4110861106693895E-15   0.2465364569333847E-15
 0.1370977995768108E-15   0.7657562152705932E-15
 0.3823531999898760E-04   0.1626715608883977E-03
 0.7759601712234777E-02   0.3301310208571076E-01
-0.2806375117103618E-16  -0.8829844294684580E-15
-0.1869084042625263E-15  -0.3066712689857682E-14
-0.2818353120533815E-02   0.3293193615263621E-03
 0.2807244145927130E+00  -0.3280212983428558E-01
 0.3946259050443253E-15  -0.8776968524863950E-15
 0.7179809517566240E-15  -0.1283212347028236E-14
 0.3051208517277103E+00   0.1929247494817317E+01
 0.5423301965070062E-16   0.1655880681238102E-15
-0.6302754528112845E-16  -0.1371047065188687E-16
-0.7759601712234559E-02  -0.3301310208571174E-01
 0.3823531999910321E-04   0.1626715608901716E-03
 0.5227579869501791E-16  -0.1294735456546201E-14
-0.3098261252541722E-15  -0.5788191529243544E-15
 0.2807244145927134E+00  -0.3280212983428485E-01
 0.2818353120533550E-02  -0.3293193615266030E-03
-0.1971498688747081E-15  -0.2982429215481721E-15
-0.7597971392364607E-16   0.3519562405964370E-17
 0.7640914810591592E-16   0.1569382644672768E-16
 0.3051208517277092E+00   0.1929247494817310E+01
 0.2367727247110289E+00   0.1652066862552874E+00
-0.1658272709004397E+00  -0.8185234847675732E-01
 0.1310024652055707E-14   0.2388431365496840E-14
-0.6765793265147720E-16   0.2744280938984262E-15
 0.3749658954751197E+00   0.4521733236648338E+00
 0.1627446434594529E+00   0.1200120628918101E+01
-0.3227942966685450E-16   0.7570281399758944E-16
-0.2111458857912979E-14  -0.1268044293685152E-14
 0.3801233476070744E+00   0.1714415178524992E+00
 0.1754687899802694E+00   0.5288191399588422E+00
-0.3967991675645530E-15  -0.5773788274304842E-15
 0.3920691188892673E-15   0.6508497043714868E-16
-0.1567611922662729E+00   0.1273839173718258E+01
-0.4259035144662765E+00  -0.1807765166355673E+00
 0.3201605529085871E+00   0.1079134388378235E+00
-0.2625731707439280E-14  -0.5200718890827111E-15
 0.2361085741545481E-15   0.3514742299503640E-15
-0.1256311199584103E+00  -0.2997526291417838E-01
 0.2254763772113677E+00   0.1284639746418659E+01
-0.1163451104349547E-15   0.4538335995439461E-15
-0.9351901813626713E-15   0.6595759083822763E-15
-0.5873664888488219E-01  -0.2884258871839477E-01
-0.1658202886362332E+00   0.4614971585548872E+00
-0.1038022938547483E-14  -0.1419089950761148E-14
 0.4897242468057849E-16  -0.6477127079355508E-17
-0.5575181554787461E+00  -0.2198160417829321E+00
-0.6397112588580396E+00   0.1209711273198515E+01
 0.3012857252520908E-15   0.6209519089596433E-15
-0.5621072406115806E-15   0.5775373118329920E-15
-0.4992194155116044E-01  -0.1053859955534381E-01
 0.2016919965392947E-02   0.4257749436422914E-03
 0.3613012405109303E-15  -0.2935722896580927E-15
 0.8861277742752455E-15   0.7058692835681421E-15
-0.1633809766765292E+00  -0.4359691858829756E-02
-0.7437544693566884E-02  -0.1984649847847308E-03
-0.3193446024814995E-17  -0.4879587285286015E-15
 0.7850333865780413E-15  -0.5642505066081842E-15
-0.7131960036657317E-02   0.2311349304005820E-02
-0.2010876210712798E+00   0.6516914433316731E-01
 0.4787145240442270E-15   0.1633505332468434E-15
 0.2150827836698655E-15   0.2038306844191578E-15
-0.5806853513458812E-01   0.1608327985611237E+01
-0.3969669195067609E-16  -0.5043620512999027E-15
 0.1624460605978937E-15  -0.2430510517355771E-15
-0.2016919965393046E-02  -0.4257749436423135E-03
-0.4992194155115977E-01  -0.1053859955534442E-01
 0.2426620012087873E-15   0.9778681782113504E-15
 0.4452726668244192E-16   0.1234739392549888E-14
-0.7437544693566675E-02  -0.1984649847852019E-03
 0.1633809766765296E+00   0.4359691858829911E-02
 0.7402196145160739E-15   0.8373406365656073E-16
 0.6152044005645049E-16   0.8958342790110148E-15
 0.2010876210712791E+00  -0.6516914433316942E-01
-0.7131960036657248E-02   0.2311349304005856E-02
-0.4901357832342019E-15  -0.2861851574734539E-15
-0.8498350889932078E-15  -0.3542742384298113E-15
-0.1214306433183765E-16   0.1548240702309300E-15
-0.5806853513458738E-01   0.1608327985611230E+01
 0.4008360315175263E-15   0.1354044098871936E-15
 0.5920283217792953E-16  -0.3939194582466649E-15
-0.1365943791020079E-01  -0.1124531168594063E+00
 0.2646694301054792E-05   0.2178925849853686E-04
 0.3671833514171274E-15   0.1345904159152491E-15
-0.1943867859902295E-15  -0.1070049208274680E-15
 0.1285025611562649E+00   0.1433884514603138E+00
 0.6817835844928256E-03   0.7607622099657086E-03
-0.1014392439380309E-15   0.1768200189710439E-15
-0.2616026496189267E-15   0.1824937864762237E-15
 0.1387927973019340E-02   0.7315916241790428E-03
-0.2932004353451232E+00  -0.1545490737804829E+00
-0.2188836041178347E-15  -0.1581048305525294E-15
 0.1723375670418396E-15  -0.2840039013297536E-16
 0.8912814195318471E-02   0.5088950071767383E-01
 0.3583610411929643E-03   0.2046134258307799E-02
-0.1193292422429531E+01   0.7230363276551415E+00
-0.4752160975075122E-15   0.4304372904995648E-15
 0.1469206670620521E-15   0.1716275104000040E-15
-0.2646694301349555E-05  -0.2178925849896896E-04
-0.1365943791020096E-01  -0.1124531168594055E+00
-0.4712130394268955E-15  -0.9176875280565653E-16
 0.4908444987605521E-15   0.5170931921716795E-15
 0.6817835844935436E-03   0.7607622099652694E-03
-0.1285025611562644E+00  -0.1433884514603139E+00
-0.6031266041938786E-15  -0.6405012472814821E-15
-0.6643600596421594E-16   0.4166822779297359E-15
 0.2932004353451227E+00   0.1545490737804825E+00
 0.1387927973019271E-02   0.7315916241790753E-03
-0.1099432290032430E-14  -0.1277674426748902E-15
 0.8523214178246523E-16   0.3720815839465909E-15
-0.3583610411932618E-03  -0.2046134258307410E-02
 0.8912814195321854E-02   0.5088950071767539E-01
 0.1148364918240018E-17   0.3558724224594217E-16
-0.1193292422429528E+01   0.7230363276551397E+00
-0.1735822925758878E+00  -0.1170428371197217E+00
-0.3918510630561509E-01   0.3474638736978125E+00
 0.9878254696576871E-16  -0.1462096677571656E-14
-0.4584867855891978E-15   0.1285617997604139E-14
-0.1470196362886646E+00  -0.8698112693902119E-01
 0.1219808515971929E+00  -0.5356597939654559E+00
-0.4958056170820532E-15  -0.5293344277397056E-16
 0.3251928470264538E-15  -0.2012053250243589E-14
 0.8930203305231546E-01   0.1819039221423866E+00
 0.5531266717574820E+00  -0.1676928875815111E+00
-0.8207161632024018E-15   0.5122204560286569E-15
 0.4464654575701650E-16  -0.4360086868454331E-15
 0.3629309090144146E+00   0.4656780038515576E+00
 0.1305319978671166E-01  -0.1136363770652018E+00
-0.3267491713574800E-15   0.6687203200019912E-15
 0.4109400615129699E-15   0.4009534155952358E-15
 0.1794073021971290E-16  -0.4236751552110512E-15
-0.2360239839830564E-15  -0.2136488225492573E-15
-0.4605425007902625E+00   0.1726336261948410E+01
 0.3503138056458997E+00  -0.2555528686173128E-01
-0.1440513608481181E+00  -0.3148144764619661E+00
 0.7087374708565099E-15   0.5374153289448132E-15
 0.1006423047511645E-14  -0.7879122015014533E-15
-0.9966670377408382E-01  -0.2961688417586628E+00
-0.2470987864678293E+00   0.5182284633563621E+00
-0.1636802779336843E-16  -0.5194913967473154E-15
-0.3532527162351244E-15   0.4144333716257623E-15
 0.4795083711817236E-02  -0.7103023921848002E-01
-0.3036580715609435E+00   0.3401629883179942E+00
 0.3588462599547431E-15  -0.7321178778832504E-15
-0.8034957058620134E-15  -0.1959631086791408E-16
-0.1220952326270991E+00   0.1753569681597502E+00
-0.1173374336630700E+00  -0.1629642643214791E+00
 0.2498409779303464E-15  -0.3164273142632137E-15
-0.2709723504926930E-15   0.6503343154895186E-16
 0.2957130037783961E-15  -0.1144032307708431E-15
-0.1925316877628141E-15  -0.6296719573347448E-16
 0.3056770891223793E+00  -0.3194488574839728E+00
-0.1380648760232276E+01   0.8367024219006426E+00
 0.9779823505749310E-15  -0.8986227003090463E-14
 0.4969838699419528E-14  -0.9692160265190948E-14
 0.4756337434603296E-15  -0.2474122501594101E-15
-0.1928567649577736E-16   0.2644581712965731E-15
-0.3092906115287109E-15  -0.4490949190271420E-14
-0.1937907481004509E-13  -0.1310629014186819E-13
-0.2725118490041526E-15   0.2410403521911858E-15
 0.2097948821242381E-17   0.4810324042945813E-15
 0.7147118277618099E-14   0.7610346751288965E-14
-0.1165395527368092E-13   0.1496292592116626E-13
 0.3381643178687991E-16  -0.4010587665579717E-15
-0.1001001896849528E-15  -0.9559851950319330E-17
-0.4879997751958398E-14  -0.3572938319416357E-14
-0.4419278439472629E-14  -0.1553553720901770E-14
 0.4486407413883423E-16  -0.1014235662993235E-15
 0.3695545416445018E-16   0.2093363440936860E-15
 0.2546483802971475E-15  -0.1806289624152451E-15
-0.4509226030311559E-15   0.2688467341695483E-15
 0.8280851717864259E-14  -0.1010906406260764E-13
-0.7060591785413773E-14   0.7944051457167492E-14
-0.1036580701997128E+01   0.8311968418700955E+00
-0.4281365750774160E-16   0.1885788829414371E-15
-0.2163081130947960E-15   0.2309901634529320E-15
-0.2254975739340427E-15   0.1413689375683824E-15
 0.1011579269736263E-15  -0.1116642177783818E-16
-0.2920156156370522E-15   0.1399673179435572E-15
-0.8568905219786524E-16   0.2489295627801401E-15
-0.4881578908740621E-15   0.5738456307295084E-15
-0.2929613440312455E-15  -0.1270235948405378E-15
 0.4856926450279630E-15  -0.5620841439808421E-15
 0.1660362600912297E-15  -0.2157864656721637E-15
-0.2544188531289700E-15   0.2169323274884229E-15
-0.4828416799272244E-15   0.4248629193463902E-15
 0.3045343278645870E-16   0.5458724087094524E-16
 0.1594276788609045E-16   0.2192507531980425E-16
-0.2599433487017011E-16   0.6143473052956485E-16
-0.1605659811606920E-15  -0.4112804883947004E-16
 0.5813474950068069E-16  -0.3339598947838040E-16
 0.2046155400934290E-15  -0.1586974901237285E-15
 0.2246167906638963E-15  -0.8277151794095102E-16
 0.1013662503712164E-15  -0.1409806811028076E-15
-0.3469446951953619E-16   0.3295974604355935E-16
-0.1036580701997128E+01   0.8311968418700949E+00
-0.2700744897014097E-01   0.6820976772012091E+00
-0.4051635340815075E+00   0.7336734710288324E+00
-0.4751574969428706E-15   0.2031242543966426E-14
-0.3115711189958823E-14   0.3059024861938382E-14
 0.1572760153187229E-01   0.3026010000091169E+00
 0.1410408743110993E+01   0.1017708037997755E+01
-0.4453763380629252E-14   0.3446637254876825E-14
 0.5116255745052047E-14  -0.9194952254136029E-15
-0.5457835232680341E+00  -0.5762611425931993E+00
 0.8573264569248278E+00  -0.1069071229666097E+01
-0.2766231515121328E-14   0.2408164435797699E-14
-0.8599914499837498E-17  -0.6597994390100609E-15
 0.3297280133706033E+00   0.3005708434351684E+00
 0.3263009937398664E+00   0.1285977348681711E+00
-0.4091014761210416E-14   0.3714114097451306E-14
 0.2545162915800318E-15   0.2518420296093996E-15
 0.6284660792529039E-15  -0.9543507132805501E-15
 0.3057806122565218E-15  -0.1178495615222288E-15
-0.5992393750269476E+00   0.7169289380000499E+00
 0.4533774937126793E+00  -0.5885950679919920E+00
 0.7943189545659348E-13  -0.6233611592705427E-13
-0.7980414468181646E-15   0.6238933012651393E-15
-0.6971048141233265E+01   0.5436882144885952E+01
-0.9473571113646613E-15   0.1242901535636908E-14
 0.1789431662152490E-15  -0.4650087035893814E-15
 0.5751801843907292E-01  -0.2141184431247397E+00
 0.2838534321164158E-05  -0.1056682003396441E-04
 0.7463438198905311E-15   0.2888331890852311E-15
 0.1093117284366354E-16  -0.1265161185226836E-15
 0.7473720134211881E-01   0.2271778661394619E+00
 0.3783558227384120E-03   0.1150084120191730E-02
 0.3082207499569584E-15  -0.1925813971998791E-17
-0.1530152087127067E-15  -0.1124354820906082E-16
 0.4814289714917904E-03   0.9994864134811390E-03
-0.9673393504314179E-01  -0.2008276599943360E+00
 0.2905069210747166E-15   0.2991081603834844E-16
-0.1933492988552928E-15  -0.9686420231516743E-16
-0.7710595205191931E-01  -0.7694398249979546E-01
-0.3119005451605327E-02  -0.3112453636827934E-02
 0.9945191694942816E-01  -0.6047291866763920E-02
 0.2417809350266297E-04  -0.1470177676577372E-05
-0.2731835071203193E-15   0.2169186688224893E-15
-0.1024503765566846E-16   0.1417279597497942E-15
-0.1524779644844571E-16   0.1879946230371589E-16
 0.6993510287131307E-17   0.2443495238735935E-17
 0.2023572809985517E-15  -0.2889130730621301E-16
-0.1044972348339478E+01   0.8790116554489661E+00
 0.2793441712982824E-16   0.1343953635866887E-14
-0.6923249842617972E-15   0.1011245866767800E-14
-0.2838534320849961E-05   0.1056682003340238E-04
 0.5751801843907316E-01  -0.2141184431247387E+00
 0.3044402250952357E-15  -0.2069885925934406E-15
 0.9858155879731733E-16  -0.1548006499172842E-16
 0.3783558227382947E-03   0.1150084120191653E-02
-0.7473720134211839E-01  -0.2271778661394614E+00
-0.4282657202952102E-15  -0.9310707411873678E-15
 0.4768954622269750E-15   0.7504313185604492E-15
 0.9673393504314233E-01   0.2008276599943358E+00
 0.4814289714919899E-03   0.9994864134808075E-03
 0.5795056685947415E-16   0.3901968927142556E-15
 0.1161903811201299E-15   0.1475213749863017E-15
 0.3119005451605992E-02   0.3112453636827668E-02
-0.7710595205191779E-01  -0.7694398249979610E-01
-0.2417809350259062E-04   0.1470177676576302E-05
 0.9945191694942768E-01  -0.6047291866764298E-02
-0.1086224259119144E-15   0.8380679905529511E-16
-0.4028923712936768E-15  -0.8124424663368605E-17
 0.3696639207834334E-15  -0.3236595734968188E-15
-0.1038328150721757E-15   0.1370098760034084E-15
-0.2102822963583332E-14   0.1416369210165118E-14
-0.2321905905603699E-17  -0.1202186665566699E-17
-0.1044972348339472E+01   0.8790116554489611E+00
 0.5734784457442721E-01   0.1989340731715170E+00
-0.1436509917653606E+00   0.2628082576692427E+00
 0.1965022493227032E-15  -0.1897157576760499E-15
-0.4159157970431781E-15   0.1132272957777081E-14
-0.7644422588854463E-02  -0.1274044942730867E-01
 0.2949356538324939E-01   0.2369776614732097E+00
-0.1196097366321993E-14   0.7532776359196043E-15
 0.1103345773064153E-14   0.7725115518108200E-15
-0.1014678622836363E+00  -0.6419634781380582E-01
 0.1290686948337217E+00   0.1581298403953672E+00
-0.7349450438602046E-15  -0.3421807460588336E-15
-0.3438569518505886E-15  -0.5446243805236338E-15
-0.3322110727612653E-01   0.1134453395600746E+00
 0.3653686040799203E-01   0.1944547740622452E+00
-0.6870772279422493E-15   0.1488130474873932E-15
-0.3153547922801362E-15   0.7738445931297464E-15
 0.2047301466768648E-17   0.9243567762820399E-16
-0.2141984600646607E-15   0.5328438866270559E-16
-0.6094253305562881E-01  -0.2613794160948846E-01
-0.1507931027813887E+00  -0.1161030956780297E+00
 0.1233369389989157E-13  -0.7389175419448622E-14
-0.9817460027093818E-16   0.5088728635328386E-16
-0.8990057136972660E+00   0.4915894688909294E+00
 0.1175150442380504E-15   0.9416197714222679E-16
-0.4761610646827032E-15   0.1518695521966907E-16
-0.1281841220571160E+01   0.8509735135088028E+00
 0.2137246933531079E-15   0.2381559869011013E-15
-0.3334582969609764E-16   0.6393645450004603E-16
 0.8603934493253703E-05   0.3158662278485285E-04
-0.1591726751400788E-01  -0.5843521068169995E-01
-0.2040133064285842E-15  -0.2007453402456304E-16
 0.9702149878668569E-16  -0.4790991615106830E-15
 0.5551158593038539E-03   0.1674047243431337E-03
-0.1214355083356294E+00  -0.3662096381819164E-01
-0.3526744955727305E-15  -0.7836374893694364E-16
 0.6551011838042048E-16   0.1911282270980405E-15
 0.1683524891073702E+00   0.1549985397963013E-01
 0.9205582041036287E-03   0.8475382703858423E-04
-0.6053799466140418E-16   0.1779621515315277E-16
 0.4197126361548752E-15  -0.2900702166289324E-15
 0.1595488001166566E-02   0.2826755299671895E-02
-0.3896860489798213E-01  -0.6904139068146618E-01
 0.3277644227284272E-03  -0.2544242616753971E-03
-0.4463606374849142E+00   0.3464835343863152E+00
-0.1710068665025992E-15  -0.2058736381744100E-16
 0.2706932306320757E-15  -0.6412342290618504E-16
-0.4567909604833248E-15  -0.1527466726241348E-15
-0.4767223402382839E-16   0.4013342919424205E-16
-0.2024246599451348E-15  -0.5170155058675975E-15
-0.1566975147711846E-04  -0.5461237638373068E-04
 0.3190157284819062E-01   0.1111836844485442E+00
 0.2367347883482765E-15  -0.3960462504320072E-15
-0.1536033683714846E+01   0.3891724136324514E+00
 0.3242174408981571E-17  -0.3132296667408175E-15
-0.3346741823789529E-16   0.1566550683093262E-15
 0.1591726751400735E-01   0.5843521068170038E-01
 0.8603934492555533E-05   0.3158662278506853E-04
-0.3463541131365861E-15  -0.6191546680083823E-16
-0.1049673466730254E-15  -0.2927230405185864E-15
-0.1214355083356294E+00  -0.3662096381819151E-01
-0.5551158593028708E-03  -0.1674047243434276E-03
-0.1950281874298199E-15   0.7964761235641920E-16
 0.1167811677269549E-15  -0.6682452567907354E-17
-0.9205582041036927E-03  -0.8475382703878012E-04
 0.1683524891073707E+00   0.1549985397962977E-01
 0.2170821329473241E-15  -0.3463823254638374E-15
 0.2016955852216822E-15   0.2435432396607748E-16
 0.3896860489798312E-01   0.6904139068146521E-01
 0.1595488001167413E-02   0.2826755299671785E-02
 0.4463606374849146E+00  -0.3464835343863157E+00
 0.3277644227285009E-03  -0.2544242616754199E-03
-0.1854082744614857E-15  -0.1445795660127875E-15
-0.1936905534022418E-16  -0.7978661609540285E-16
 0.1754586323540823E-16  -0.1030947278632686E-16
-0.9375808103741402E-16   0.1791008417086276E-16
-0.3364521006634371E-16  -0.5564875879137592E-15
-0.3190157284819088E-01  -0.1111836844485444E+00
-0.1566975147716907E-04  -0.5461237638372368E-04
-0.8024049981235995E-16  -0.2220193657060637E-16
-0.2267619696363069E-17  -0.2729126921163555E-17
-0.1536033683714844E+01   0.3891724136324509E+00
 0.5693160820749450E-01  -0.7613140345397877E-01
-0.2928061114164345E-01  -0.7634207998650325E-01
 0.1896060313920205E-14  -0.8876913400015523E-15
 0.1624187154800128E-15  -0.2762061757928688E-15
 0.1343552540523447E-01  -0.7879741821284054E-01
-0.3954490658919096E-01  -0.3623515311805318E+00
 0.7462209534320038E-15  -0.5954520690617873E-15
 0.1526348855691058E-14  -0.2997344523023955E-15
-0.2649946888543888E+00   0.1719957140283328E+00
 0.3208966657424517E-01   0.9605325644249434E-01
-0.2014449407749035E-16  -0.4500806336710319E-15
-0.2500208850004153E-15   0.1061679760491973E-15
 0.2347114146856448E+00  -0.1860954504947618E+00
 0.2904277315500309E+00  -0.1899719915297728E+00
 0.2695167201692245E-16  -0.5183889198726379E-15
 0.3357229897154456E-15  -0.1546951303054456E-15
-0.7540207199119959E-15   0.3968613228367698E-15
 0.4911503593038665E-15  -0.2982643408695052E-15
-0.5690950030231075E-01  -0.6814258796834866E-01
 0.1222135292477716E+00  -0.3033013300408129E-01
 0.2117540215417452E-14   0.1059170426369570E-13
-0.1460256382767479E-16  -0.7058793646998872E-16
-0.1507274855507397E+00  -0.7961517716713233E+00
 0.1553740656004039E-15   0.7292475095922926E-16
-0.4989628682701904E-16  -0.2543376084136697E-15
-0.2753337278803955E-01  -0.6632975644232383E-01
-0.1860666225503528E-15   0.3189887373186503E-16
-0.1801349006162964E-15   0.5697277013368758E-16
-0.1632250443778009E+01   0.3665166789814391E+00
 0.5436372738205514E-01   0.8102936833575497E-01
-0.1653900056379934E-01   0.1452766955157211E+00
 0.2527038581835305E-14  -0.3485041223137360E-15
-0.1040667479031620E-15   0.4262717477602137E-15
-0.1730477352730300E-01   0.3687884532426382E-01
 0.7043712035687066E-01  -0.6390289135931936E-01
 0.6265698391121174E-15   0.2023710228014020E-15
-0.9117671750776302E-15   0.2729581845940281E-15
 0.2538798916315265E+00  -0.1513161792351066E+00
 0.2250104754055127E+00  -0.9688445079593638E-01
 0.1167538154598108E-15   0.1125253122780366E-15
 0.4441294475857158E-15  -0.1584735592252407E-15
-0.2553275656019337E-01  -0.1227998051365960E-01
 0.1656733918770215E+00  -0.7611857501195544E-01
-0.4349800993734351E-15   0.3627057180823931E-15
-0.5512292964052909E-16  -0.1493775941888141E-16
 0.2377809679387132E-15  -0.1150588854210607E-15
 0.2091714288432405E-15  -0.1009080145128451E-15
-0.5237738416085799E-01   0.1344371507792458E+00
 0.1831397645104714E+00  -0.2238429020720628E+00
-0.5004964360671844E-14  -0.5353090678594440E-14
-0.1316531820909163E-15   0.6322255435744441E-16
 0.3979240656292973E+00   0.4010658310909997E+00
-0.1193856923939110E-15   0.2915866451305976E-16
 0.1649560565916472E-15   0.4109922319308288E-15
 0.1364681941307161E+00   0.1386804536201002E+00
-0.4623401301440349E-16   0.6341807659829893E-16
-0.2968019402942639E-15   0.1108833850360855E-15
 0.1260597317587171E+00   0.2168608986928886E-01
-0.1753443078434494E+01   0.2682668534076005E+00
 0.1780333452190885E+01   0.3568749282182112E+01
-0.5666584115562763E+00  -0.4893083398364677E+00
 0.5534197126355328E+00   0.2407857925293579E+01
 0.1170954797102903E-14  -0.2023094734600933E-14
 0.3345532517842820E-15   0.1440143135214641E-14
 0.1259575069747403E+01   0.3107338869477294E+01
-0.6320413596872103E-15  -0.1341706848252108E-14
-0.1431821023329261E-14  -0.3728987955301208E-15
-0.1947659088587066E-15   0.1239632718306669E-15
 0.1259575069747380E+01   0.3107338869477243E+01
 0.1195587162995356E+00  -0.5643763508760169E-01
 0.1321470366454929E+00   0.3968307988350766E+00
-0.1392505597232299E-14  -0.1124228621684434E-14
 0.8511278248619008E-15   0.1105033722509399E-14
-0.2627130316122501E+00   0.1229385560782354E+01
 0.8697402702232394E+00   0.1757855547123071E+01
 0.5436903646298437E+00   0.5699604052257699E+00
 0.2509575777607705E-14   0.7844552223058648E-14
-0.4014424432752972E-15   0.4025431388839223E-14
 0.2573129087352491E+00   0.5632044338880468E+00
 0.3453123265966328E+01   0.1441381005397426E+02
-0.8605195158942037E-15  -0.1071975481797449E-15
 0.6849294984536320E-15   0.7839356925822913E-15
 0.3499851666282771E+00   0.1554630152042112E+00
 0.1789066347365999E-02   0.7947012481740568E-03
-0.1764162955303717E-15   0.3931314361207551E-15
 0.2859608919387405E-14   0.1097927248744827E-14
 0.8074906400049078E+00   0.2411889629348440E+01
-0.1800640589899502E-16  -0.7015768314128072E-15
 0.1810029200026698E-14   0.2523076083736429E-14
 0.1789066347366371E-02   0.7947012481751389E-03
-0.3499851666282728E+00  -0.1554630152042055E+00
-0.4888214161101418E-15  -0.3742394145973470E-15
-0.1331424811561412E-14   0.3541657016583021E-14
 0.2938729988521960E-15   0.3096481404618601E-15
 0.8074906400049089E+00   0.2411889629348441E+01
-0.8624281092968478E-01  -0.3340783403200205E+00
-0.2445033702750596E+00  -0.4014225849157631E+00
 0.6601533972279182E-16  -0.2187214761525214E-16
-0.1751712348440598E-14  -0.1831155488166184E-14
 0.9378557789715725E-01   0.1130955493331298E+00
-0.2593525366291988E+00  -0.8256765028946744E+00
-0.5820361154129232E-15  -0.6193281927994414E-15
 0.6208129454200528E-14   0.5328656371789685E-14
-0.8544178580947454E+00   0.7752487593888943E+00
-0.2107737078683068E+00  -0.1110059230594662E+00
-0.1266419685397587E+00  -0.3493808320522259E+00
-0.4070300035630006E-15   0.1383410747946924E-14
-0.9473878828301318E-15  -0.4196354185538340E-15
 0.1771140881741081E+00   0.1918857513182368E+00
-0.8284647469130971E+00   0.2646283147862196E+01
 0.6065903010484328E-15  -0.1017391557596295E-14
-0.1763807818257483E-14   0.4117508144482525E-15
 0.1292906254789050E+00   0.1601012569049437E-02
-0.3975956878914189E-01   0.3590732791355225E+01
 0.2831308910376276E-15   0.2465364569333847E-15
-0.4426347546581802E-16   0.7657562152705932E-15
 0.6074824072552422E-03   0.1626715608883977E-03
 0.1232844795750149E+00   0.3301310208571076E-01
-0.2257128760018199E-15  -0.8829844294684580E-15
 0.1754759993808394E-14  -0.3066712689857682E-14
-0.8461868793049683E-03   0.3293193615263621E-03
 0.8428515028801851E-01  -0.3280212983428558E-01
-0.3515183198133730E-15  -0.8776968524863950E-15
 0.1081851495588780E-14  -0.1283212347028236E-14
 0.2700267933529488E+00   0.1929247494817317E+01
 0.3001664300971875E-15   0.1655880681238102E-15
-0.1758583701064295E-15  -0.1371047065188687E-16
-0.1232844795750156E+00  -0.3301310208571174E-01
 0.6074824072553652E-03   0.1626715608901716E-03
-0.7979802421189673E-16  -0.1294735456546201E-14
-0.4103156673088890E-15  -0.5788191529243544E-15
 0.8428515028801860E-01  -0.3280212983428485E-01
 0.8461868793048377E-03  -0.3293193615266030E-03
-0.2923688110196095E-15  -0.2982429215481721E-15
-0.2080849869611571E-15   0.3519562405964370E-17
-0.2134523027080837E-16   0.1569382644672768E-16
 0.2700267933529473E+00   0.1929247494817310E+01
 0.1409928413570374E+00   0.1652066862552874E+00
-0.9704827997041328E-01  -0.8185234847675732E-01
-0.1240888882616989E-16   0.2388431365496840E-14
-0.2971821544191318E-15   0.2744280938984262E-15
 0.1481635258354994E+00   0.4521733236648338E+00
 0.2520086148720331E-01   0.1200120628918101E+01
 0.3227441395661310E-15   0.7570281399758944E-16
-0.1660430343875774E-14  -0.1268044293685152E-14
 0.3020513408316405E+00   0.1714415178524992E+00
 0.1062911427843259E+00   0.5288191399588422E+00
-0.1045919664150784E-15  -0.5773788274304842E-15
 0.1531984626643605E-15   0.6508497043714868E-16
-0.4512641807020446E+00   0.1273839173718258E+01
-0.1891548907825669E+00  -0.1807765166355673E+00
 0.6023725957296558E-01   0.1079134388378235E+00
-0.1005490134287584E-14  -0.5200718890827111E-15
-0.1518666230838293E-15   0.3514742299503640E-15
-0.1596620600783846E-01  -0.2997526291417838E-01
-0.6466157575535771E-01   0.1284639746418659E+01
 0.8448691793066309E-16   0.4538335995439461E-15
-0.1454261990591211E-14   0.6595759083822763E-15
 0.1824648571140595E+00  -0.2884258871839477E-01
-0.1412284821308538E+00   0.4614971585548872E+00
-0.5469883241898335E-15  -0.1419089950761148E-14
 0.2936614154446235E-16  -0.6477127079355508E-17
-0.4581314529404563E+00  -0.2198160417829321E+00
-0.5281842793089175E+00   0.1209711273198515E+01
 0.2330957152647380E-15   0.6209519089596433E-15
 0.7580921729338164E-16   0.5775373118329920E-15
 0.2490023836298316E-02  -0.1053859955534381E-01
-0.1006006303779705E-03   0.4257749436422914E-03
 0.2271660881042775E-15  -0.2935722896580927E-15
 0.2887066684770417E-14   0.7058692835681421E-15
 0.1101703380657203E+00  -0.4359691858829756E-02
 0.5015252264597884E-02  -0.1984649847847308E-03
-0.3176150758924640E-15  -0.4879587285286015E-15
 0.1123815058830447E-14  -0.5642505066081842E-15
 0.1004195449252094E-02   0.2311349304005820E-02
 0.2831357339957021E-01   0.6516914433316731E-01
 0.6172111977780061E-15   0.1633505332468434E-15
 0.4617849950443308E-15   0.2038306844191578E-15
 0.1218213131375076E+00   0.1608327985611237E+01
 0.5138238147983595E-16  -0.5043620512999027E-15
-0.2110294126954974E-15  -0.2430510517355771E-15
 0.1006006303780488E-03  -0.4257749436423135E-03
 0.2490023836298304E-02  -0.1053859955534442E-01
 0.8624218968267426E-16   0.9778681782113504E-15
-0.3675933645372752E-15   0.1234739392549888E-14
 0.5015252264598073E-02  -0.1984649847852019E-03
-0.1101703380657190E+00   0.4359691858829911E-02
-0.1498333610925855E-15   0.8373406365656073E-16
-0.7892465466883429E-16   0.8958342790110148E-15
-0.2831357339957113E-01  -0.6516914433316942E-01
 0.1004195449252106E-02   0.2311349304005856E-02
-0.9791800644027945E-15  -0.2861851574734539E-15
-0.6039128300354347E-15  -0.3542742384298113E-15
 0.1060349724690823E-15   0.1548240702309300E-15
 0.1218213131375072E+00   0.1608327985611230E+01
 0.5010166236293892E-15   0.1354044098871936E-15
-0.1080025464160385E-15  -0.3939194582466649E-15
-0.4764981816394955E-01  -0.1124531168594063E+00
 0.9232773926863355E-05   0.2178925849853686E-04
 0.3132068978019587E-15   0.1345904159152491E-15
-0.6440708819437159E-15  -0.1070049208274680E-15
 0.2017736547004226E+00   0.1433884514603138E+00
 0.1070530924209244E-02   0.7607622099657086E-03
-0.9306808937420394E-16   0.1768200189710439E-15
-0.2704160393708057E-15   0.1824937864762237E-15
 0.1270611161347633E-02   0.7315916241790428E-03
-0.2684172038488815E+00  -0.1545490737804829E+00
-0.2598046105778529E-15  -0.1581048305525294E-15
 0.9987279342082538E-16  -0.2840039013297536E-16
 0.2053219202948992E-01   0.5088950071767383E-01
 0.8255459557909597E-03   0.2046134258307799E-02
-0.1131289868562855E+01   0.7230363276551415E+00
-0.1145530072055905E-15   0.4304372904995648E-15
-0.2254704807359110E-16   0.1716275104000040E-15
-0.9232773927192690E-05  -0.2178925849896896E-04
-0.4764981816394950E-01  -0.1124531168594055E+00
-0.4262262403892452E-15  -0.9176875280565653E-16
 0.2184587556983648E-15   0.5170931921716795E-15
 0.1070530924209964E-02   0.7607622099652694E-03
-0.2017736547004225E+00  -0.1433884514603139E+00
-0.6746211633585226E-15  -0.6405012472814821E-15
-0.1732509208838623E-16   0.4166822779297359E-15
 0.2684172038488803E+00   0.1545490737804825E+00
 0.1270611161347562E-02   0.7315916241790753E-03
-0.1003062528772127E-14  -0.1277674426748902E-15
 0.1101720581932008E-15   0.3720815839465909E-15
-0.8255459557912232E-03  -0.2046134258307410E-02
 0.2053219202949354E-01   0.5088950071767539E-01
 0.1258436849735714E-16   0.3558724224594217E-16
-0.1131289868562851E+01   0.7230363276551397E+00
-0.3599618529894444E+00  -0.1170428371197217E+00
 0.8718983454291339E-01   0.3474638736978125E+00
 0.4051098368666228E-15  -0.1462096677571656E-14
 0.2129058475326408E-15   0.1285617997604139E-14
 0.1392582981090312E+00  -0.8698112693902119E-01
 0.6200943596645522E+00  -0.5356597939654559E+00
-0.7151394250288936E-15  -0.5293344277397056E-16
-0.4724219679481973E-15  -0.2012053250243589E-14
 0.2176112854568472E+00   0.1819039221423866E+00
 0.6283865468198200E+00  -0.1676928875815111E+00
-0.7284289056325692E-15   0.5122204560286569E-15
-0.1126928168266570E-15  -0.4360086868454331E-15
 0.6462434458703780E+00   0.4656780038515576E+00
 0.1453175330229712E+00  -0.1136363770652018E+00
-0.3278055088514872E-15   0.6687203200019912E-15
 0.7854586597236291E-15   0.4009534155952358E-15
-0.1599860031486369E-16  -0.4236751552110512E-15
-0.1615202831883246E-15  -0.2136488225492573E-15
-0.3609019204688604E+00   0.1726336261948410E+01
-0.7157961553335944E-01  -0.2555528686173128E-01
-0.7872784355198764E-01  -0.3148144764619661E+00
-0.1097386359154171E-15   0.5374153289448132E-15
-0.1833695446264003E-15  -0.7879122015014533E-15
-0.1255649283057712E-01  -0.2961688417586628E+00
-0.6303215116350916E+00   0.5182284633563621E+00
-0.1198578102787350E-15  -0.5194913967473154E-15
-0.9745754275469236E-15   0.4144333716257623E-15
 0.7257167061293447E-01  -0.7103023921848002E-01
-0.5382544124235398E+00   0.3401629883179942E+00
 0.5937508052235699E-15  -0.7321178778832504E-15
-0.5571910526480706E-15  -0.1959631086791408E-16
-0.5873821631864267E-01   0.1753569681597502E+00
-0.4192206482014155E+00  -0.1629642643214791E+00
 0.3169567180748169E-15  -0.3164273142632137E-15
-0.2138351866527080E-15   0.6503343154895186E-16
 0.3109687995511256E-15  -0.1144032307708431E-15
-0.2948799779857326E-15  -0.6296719573347448E-16
 0.6028337991743023E-01  -0.3194488574839728E+00
-0.1242356823344831E+01   0.8367024219006426E+00
-0.7581949391339540E-14  -0.8986227003090463E-14
-0.1321895634589159E-14  -0.9692160265190948E-14
 0.4860305471174221E-15  -0.2474122501594101E-15
 0.1108949718876396E-16   0.2644581712965731E-15
-0.2875514658165858E-14  -0.4490949190271420E-14
-0.5930680303916550E-13  -0.1310629014186819E-13
-0.2612962756320321E-15   0.2410403521911858E-15
 0.4223613581651090E-16   0.4810324042945813E-15
 0.1039837373257616E-13   0.7610346751288965E-14
-0.1819771070557233E-13   0.1496292592116626E-13
-0.9082042491762228E-16  -0.4010587665579717E-15
-0.1129593064175402E-15  -0.9559851950319330E-17
-0.1028202735937441E-13  -0.3572938319416357E-14
-0.1007070563886477E-13  -0.1553553720901770E-14
 0.1783552441237785E-16  -0.1014235662993235E-15
 0.1411752984872803E-15   0.2093363440936860E-15
 0.2471093662406965E-15  -0.1806289624152451E-15
-0.5260123364613460E-15   0.2688467341695483E-15
 0.7698996002836086E-14  -0.1010906406260764E-13
-0.8036978082715235E-14   0.7944051457167492E-14
-0.9783561012226742E+00   0.8311968418700955E+00
-0.5913414069750604E-17   0.1885788829414371E-15
-0.1199915172432056E-15   0.2309901634529320E-15
-0.2122894755343580E-15   0.1413689375683824E-15
 0.9379781015434583E-16  -0.1116642177783818E-16
-0.1936324132791747E-15   0.1399673179435572E-15
 0.2963225582393794E-15   0.2489295627801401E-15
-0.4450686098565693E-15   0.5738456307295084E-15
-0.2757529351244098E-15  -0.1270235948405378E-15
 0.4227773344690448E-15  -0.5620841439808421E-15
 0.1766435628713037E-15  -0.2157864656721637E-15
-0.1927924016721850E-15   0.2169323274884229E-15
-0.4584514267814278E-15   0.4248629193463902E-15
 0.1257865757828476E-15   0.5458724087094524E-16
-0.2125502298129634E-18   0.2192507531980425E-16
-0.3164939425210342E-18   0.6143473052956485E-16
-0.1420402500381365E-15  -0.4112804883947004E-16
 0.5971012834458253E-16  -0.3339598947838040E-16
 0.2032835653680483E-15  -0.1586974901237285E-15
 0.1431003557982338E-15  -0.8277151794095102E-16
 0.1097368720878513E-15  -0.1409806811028076E-15
-0.3122502256758258E-16   0.3295974604355935E-16
-0.9783561012226736E+00   0.8311968418700949E+00
 0.5851308455662343E+00   0.6820976772012091E+00
 0.8302239036482260E-01   0.7336734710288324E+00
 0.1939980063029744E-14   0.2031242543966426E-14
 0.1780502370467600E-14   0.3059024861938382E-14
 0.2159805032097895E+00   0.3026010000091169E+00
 0.4384629906724340E+01   0.1017708037997755E+01
-0.3048882310152112E-14   0.3446637254876825E-14
 0.4991600761736234E-14  -0.9194952254136029E-15
-0.7918877234626872E+00  -0.5762611425931993E+00
 0.1338822943318490E+01  -0.1069071229666097E+01
-0.2872628946292170E-14   0.2408164435797699E-14
-0.1731467077897107E-15  -0.6597994390100609E-15
 0.7334289921177399E+00   0.3005708434351684E+00
 0.7131991288954261E+00   0.1285977348681711E+00
-0.2928686150450928E-14   0.3714114097451306E-14
 0.8232586729245999E-15   0.2518420296093996E-15
 0.3421228085593787E-15  -0.9543507132805501E-15
 0.4306159279747301E-15  -0.1178495615222288E-15
-0.5882708516712737E+00   0.7169289380000499E+00
 0.5365426228706720E+00  -0.5885950679919920E+00
 0.5507195765447601E-13  -0.6233611592705427E-13
-0.5901491440800566E-15   0.6238933012651393E-15
-0.5058225345273413E+01   0.5436882144885952E+01
-0.7033225002864543E-15   0.1242901535636908E-14
 0.8021190925037110E-16  -0.4650087035893814E-15
 0.3578421476729728E-01  -0.2141184431247397E+00
 0.1765963510835702E-05  -0.1056682003396441E-04
 0.6664821435280590E-15   0.2888331890852311E-15
-0.3208680217036566E-16  -0.1265161185226836E-15
 0.1010631954805608E+00   0.2271778661394619E+00
 0.5116307245648902E-03   0.1150084120191730E-02
 0.2715161519716006E-15  -0.1925813971998791E-17
-0.1065336400344522E-15  -0.1124354820906082E-16
 0.8355270015746784E-03   0.9994864134811390E-03
-0.1678831551135469E+00  -0.2008276599943360E+00
 0.2119981004720820E-15   0.2991081603834844E-16
-0.1654469419536475E-15  -0.9686420231516743E-16
-0.1453984507481689E+00  -0.7694398249979546E-01
-0.5881498749060773E-02  -0.3112453636827934E-02
 0.1582656190350953E+00  -0.6047291866763920E-02
 0.3847649248664175E-04  -0.1470177676577372E-05
-0.9765890275205725E-16   0.2169186688224893E-15
 0.3126779843291138E-16   0.1417279597497942E-15
-0.8509777506507375E-17   0.1879946230371589E-16
 0.1421897358044926E-17   0.2443495238735935E-17
 0.1177724883416814E-15  -0.2889130730621301E-16
-0.9618424365338561E+00   0.8790116554489661E+00
 0.4582251165804768E-15   0.1343953635866887E-14
-0.3852038520125947E-15   0.1011245866767800E-14
-0.1765963510664841E-05   0.1056682003340238E-04
 0.3578421476729725E-01  -0.2141184431247387E+00
 0.1742522557176704E-15  -0.2069885925934406E-15
 0.1047882252607305E-14  -0.1548006499172842E-16
 0.5116307245647448E-03   0.1150084120191653E-02
-0.1010631954805603E+00  -0.2271778661394614E+00
-0.7933727920254783E-15  -0.9310707411873678E-15
 0.9722697802292956E-15   0.7504313185604492E-15
 0.1678831551135475E+00   0.2008276599943358E+00
 0.8355270015748628E-03   0.9994864134808075E-03
 0.1949993158885268E-17   0.3901968927142556E-15
 0.1310390956535678E-15   0.1475213749863017E-15
 0.5881498749061461E-02   0.3112453636827668E-02
-0.1453984507481673E+00  -0.7694398249979610E-01
-0.3847649248657496E-04   0.1470177676576302E-05
 0.1582656190350945E+00  -0.6047291866764298E-02
-0.1408416979102671E-15   0.8380679905529511E-16
-0.3318552549688815E-15  -0.8124424663368605E-17
 0.3364618272223010E-15  -0.3236595734968188E-15
-0.7928866894888371E-16   0.1370098760034084E-15
-0.1339672365176819E-14   0.1416369210165118E-14
-0.8605174801640173E-17  -0.1202186665566699E-17
-0.9618424365338509E+00   0.8790116554489611E+00
 0.1262794018888721E+00   0.1989340731715170E+00
-0.2291890128775508E-01   0.2628082576692427E+00
 0.1629074865879578E-15  -0.1897157576760499E-15
 0.2037289760152577E-15   0.1132272957777081E-14
 0.1678792107533012E-01  -0.1274044942730867E-01
 0.3206052583157312E+00   0.2369776614732097E+00
-0.9666957810190723E-15   0.7532776359196043E-15
 0.1225471877780313E-14   0.7725115518108200E-15
-0.1726504716268039E+00  -0.6419634781380582E-01
 0.2167514702902250E+00   0.1581298403953672E+00
-0.1059130842453317E-14  -0.3421807460588336E-15
-0.3803963290269781E-15  -0.5446243805236338E-15
-0.5176663393385686E-01   0.1134453395600746E+00
-0.1998514097760148E-01   0.1944547740622452E+00
-0.5319554403218330E-15   0.1488130474873932E-15
-0.1186069669307869E-15   0.7738445931297464E-15
 0.5533430922138371E-17   0.9243567762820399E-16
-0.4030518790512854E-15   0.5328438866270559E-16
-0.1367546751213246E+00  -0.2613794160948846E-01
-0.1317422262019135E+00  -0.1161030956780297E+00
 0.7561694364893852E-14  -0.7389175419448622E-14
-0.4118154659508306E-16   0.5088728635328386E-16
-0.5348532213788554E+00   0.4915894688909294E+00
 0.1198135537113734E-15   0.9416197714222679E-16
-0.3752701888285107E-15   0.1518695521966907E-16
-0.1135535899284770E+01   0.8509735135088028E+00
 0.3163679027391878E-15   0.2381559869011013E-15
 0.1737336899918331E-16   0.6393645450004603E-16
 0.2331047378941781E-04   0.3158662278485285E-04
-0.4312434590345927E-01  -0.5843521068169995E-01
-0.2633827669375248E-15  -0.2007453402456304E-16
 0.1765053187125290E-16  -0.4790991615106830E-15
 0.5445800177902388E-03   0.1674047243431337E-03
-0.1191307187164846E+00  -0.3662096381819164E-01
-0.3834350028773800E-15  -0.7836374893694364E-16
 0.1722354219975465E-15   0.1911282270980405E-15
 0.1811419869303298E+00   0.1549985397963013E-01
 0.9904916943045271E-03   0.8475382703858423E-04
-0.3006631847808112E-16   0.1779621515315277E-16
 0.4482526261558980E-15  -0.2900702166289324E-15
 0.2165836230712447E-02   0.2826755299671895E-02
-0.5289893517635263E-01  -0.6904139068146618E-01
 0.3038711535125663E-03  -0.2544242616753971E-03
-0.4138219781941614E+00   0.3464835343863152E+00
-0.1781486930291816E-15  -0.2058736381744100E-16
 0.3566651768817723E-15  -0.6412342290618504E-16
-0.5872233348040722E-15  -0.1527466726241348E-15
-0.3708365757320060E-16   0.4013342919424205E-16
-0.5073178983534209E-15  -0.5170155058675975E-15
-0.6297538969500340E-04  -0.5461237638373068E-04
 0.1282096901748661E+00   0.1111836844485442E+00
 0.4057377158554507E-16  -0.3960462504320072E-15
-0.1446784891551442E+01   0.3891724136324514E+00
-0.1496118956823713E-15  -0.3132296667408175E-15
 0.3706962996684333E-16   0.1566550683093262E-15
 0.4312434590345889E-01   0.5843521068170038E-01
 0.2331047378880449E-04   0.3158662278506853E-04
-0.3198562722572413E-15  -0.6191546680083823E-16
-0.1877485459684218E-15  -0.2927230405185864E-15
-0.1191307187164844E+00  -0.3662096381819151E-01
-0.5445800177893038E-03  -0.1674047243434276E-03
-0.2137988192800536E-15   0.7964761235641920E-16
 0.1090105214583640E-15  -0.6682452567907354E-17
-0.9904916943046208E-03  -0.8475382703878012E-04
 0.1811419869303305E+00   0.1549985397962977E-01
 0.2581882406702033E-15  -0.3463823254638374E-15
 0.1773045038618699E-15   0.2435432396607748E-16
 0.5289893517635348E-01   0.6904139068146521E-01
 0.2165836230713323E-02   0.2826755299671785E-02
 0.4138219781941621E+00  -0.3464835343863157E+00
 0.3038711535126351E-03  -0.2544242616754199E-03
-0.2900864107708552E-15  -0.1445795660127875E-15
-0.1172416659018646E-16  -0.7978661609540285E-16
 0.4739258679563424E-17  -0.1030947278632686E-16
-0.8800419172001581E-16   0.1791008417086276E-16
-0.3158716788993833E-15  -0.5564875879137592E-15
-0.1282096901748665E+00  -0.1111836844485444E+00
-0.6297538969506013E-04  -0.5461237638372368E-04
-0.3119445909780162E-16  -0.2220193657060637E-16
-0.4629782828018499E-17  -0.2729126921163555E-17
-0.1446784891551441E+01   0.3891724136324509E+00
-0.3471347186921129E-01  -0.7613140345397877E-01
-0.1270382099639090E-01  -0.7634207998650325E-01
 0.1543289335572847E-14  -0.8876913400015523E-15
-0.1420427647054211E-15  -0.2762061757928688E-15
 0.1446854148539738E-01  -0.7879741821284054E-01
-0.1839740453611986E+00  -0.3623515311805318E+00
 0.5557127710039363E-15  -0.5954520690617873E-15
 0.1732563130501141E-14  -0.2997344523023955E-15
-0.2873743711804360E+00   0.1719957140283328E+00
 0.2682212329270766E-01   0.9605325644249434E-01
-0.1069098098459745E-15  -0.4500806336710319E-15
-0.2010849740202860E-15   0.1061679760491973E-15
 0.2720500819227644E+00  -0.1860954504947618E+00
 0.2605396772505021E+00  -0.1899719915297728E+00
-0.1234421146422250E-15  -0.5183889198726379E-15
 0.4447183868953112E-15  -0.1546951303054456E-15
-0.6862185524872715E-15   0.3968613228367698E-15
 0.4690415590729393E-15  -0.2982643408695052E-15
-0.1478966012873845E+00  -0.6814258796834866E-01
 0.1900054804886362E+00  -0.3033013300408129E-01
 0.6797080976568458E-14   0.1059170426369570E-13
-0.4469637766727965E-16  -0.7058793646998872E-16
-0.4827398341887065E+00  -0.7961517716713233E+00
 0.2208346706784111E-15   0.7292475095922926E-16
-0.2182095595155536E-16  -0.2543376084136697E-15
 0.3278602791388838E-01  -0.6632975644232383E-01
-0.2700005752464031E-15   0.3189887373186503E-16
-0.2399923761255253E-15   0.5697277013368758E-16
-0.1641283360951721E+01   0.3665166789814391E+00
 0.1087247407095590E-01   0.8102936833575497E-01
 0.9197979232590933E-01   0.1452766955157211E+00
 0.1993845445428320E-14  -0.3485041223137360E-15
 0.1532102639678838E-15   0.4262717477602137E-15
 0.2217681923811628E-01   0.3687884532426382E-01
 0.1824223223441454E+00  -0.6390289135931936E-01
 0.5057783349371164E-15   0.2023710228014020E-15
-0.8328659698599764E-15   0.2729581845940281E-15
 0.1848525400920104E+00  -0.1513161792351066E+00
 0.1734153966710896E+00  -0.9688445079593638E-01
 0.3502387463205765E-16   0.1125253122780366E-15
 0.4257633995877353E-15  -0.1584735592252407E-15
-0.3837310892764748E-02  -0.1227998051365960E-01
 0.3953363890323188E-01  -0.7611857501195544E-01
-0.3222463195537567E-15   0.3627057180823931E-15
 0.2180112449757755E-16  -0.1493775941888141E-16
 0.2552645821074317E-15  -0.1150588854210607E-15
 0.1116071501454371E-15  -0.1009080145128451E-15
-0.1307385890128826E+00   0.1344371507792458E+00
 0.1395716831938503E+00  -0.2238429020720628E+00
-0.4547138123866578E-14  -0.5353090678594440E-14
-0.1086575424257946E-15   0.6322255435744441E-16
 0.3720663653904174E+00   0.4010658310909997E+00
-0.9526370440876796E-16   0.2915866451305976E-16
 0.3466210609309353E-15   0.4109922319308288E-15
 0.2082836455100114E+00   0.1386804536201002E+00
-0.2869688494998253E-16   0.6341807659829893E-16
-0.2080588983438687E-15   0.1108833850360855E-15
 0.1758324083449534E+00   0.2168608986928886E-01
-0.1509179848963114E+01   0.2682668534076005E+00
