-1.3844711131534227e+01
-1.4240219952026152e+01
-1.4488473397851740e+01
-1.4643828362899024e+01
-1.4739365367641492e+01
-1.4796232798476874e+01
-1.4828221697991500e+01
-1.4844139596203375e+01
-1.4849501448267789e+01
-1.4847837787606213e+01
-1.4841515225360324e+01
-1.4832179733932595e+01
-1.4820996308353541e+01
-1.4808792202971407e+01
-1.4796151938558177e+01
-1.4783484237283231e+01
-1.4771070269914798e+01
-1.4759098837279339e+01
-1.4747692375745151e+01
-1.4736925769854144e+01
-1.4726839613792446e+01
-1.4717449212414163e+01
-1.4708750748939236e+01
-1.4700726061176201e+01
-1.4693346643795845e+01
-1.4686577259268249e+01
-1.4680379054475274e+01
-1.4674711911368910e+01
-1.4669536213027417e+01
-1.4664813875607770e+01
-1.4660508927190865e+01
-1.4656587747821812e+01
-1.4653019082303727e+01
-1.4649773976503498e+01
-1.4646825617799879e+01
-1.4644149175600912e+01
-1.4641721640671056e+01
-1.4639521661391903e+01
