 0.9926722566723112E+00 -0.3882907887524194E-14
 0.0000000000000000E+00  0.0000000000000000E+00
 0.2221851247998649E-01  0.5568314158364103E-13
-0.2221851247998640E-01 -0.5568314158364215E-13
 0.0000000000000000E+00  0.0000000000000000E+00
-0.1164835719051322E+00 -0.1180985193988734E-13
 0.0000000000000000E+00  0.0000000000000000E+00
 0.7119909050127050E-03 -0.6056123243915644E-15
 0.0000000000000000E+00  0.0000000000000000E+00
 0.4558332534096635E-02  0.1137564021588685E-14
-0.7119909050128081E-03  0.6056123243914951E-15
 0.0000000000000000E+00  0.0000000000000000E+00
-0.4558332534096539E-02 -0.1137564021588672E-14
 0.0000000000000000E+00  0.0000000000000000E+00
-0.1863633340280701E-02  0.2313776805628168E-15
 0.2087588272794097E-01  0.1527070740310302E-01 -0.4887422018122806E-01 -0.7466087109538223E-17  0.2308611233370129E-14  0.5159327351671796E-14
 0.3212154054079933E-01 -0.8395462586350743E-02 -0.1107442673626615E+00 -0.9429378815128607E-16  0.5791684881006154E-14  0.1000347354640851E-13
 0.4127546456207922E-15 -0.8431160545439914E-15  0.9719398718802527E-15 -0.1352717902147159E-29 -0.5691949329290094E-29 -0.3002904350823804E-28
 0.2044863070387571E-15  0.2911705055468882E-15 -0.1738234471093083E-15  0.8210113710306523E-30  0.8803740692789259E-29  0.2620621373504754E-29
 0.8213913578249316E-02  0.5433183937248055E-02 -0.4919737342307602E-01 -0.8266431136457555E-16  0.1054466100433110E-14  0.4460635777581642E-14
 0.2421892033377834E+00  0.2031538248637278E-01  0.1213091989440272E+00  0.1638139235561810E-15 -0.2561011996606513E-14 -0.1008489197361645E-13
 0.6168231403750635E-15  0.1585997561138471E-15 -0.1943848112319162E-15  0.2237722979230754E-29  0.6400843330047613E-28  0.2023659881653351E-27
-0.5622998506282134E-15  0.8876894586737621E-15  0.1793626241530951E-15  0.5089754091820044E-29  0.4209863435762261E-28  0.1253798503072802E-27
 0.6579700643546610E-01 -0.1157735426823111E+00  0.2565905732986213E-01 -0.4123131277932361E-15 -0.3835284316085620E-14 -0.1890312133183637E-13
 0.6448379962033508E-01  0.8328377508344355E-01 -0.2959404664168379E+00  0.4515030349147799E-15  0.1444897117255658E-13  0.2864019551807888E-13
 0.1959320009629157E-15 -0.3432538912343650E-15  0.2394409438970416E-15 -0.1819093395380587E-29 -0.2043913594357653E-28 -0.1021763547345517E-27
-0.5956988741232199E-16 -0.6588209934627652E-15 -0.5841256892619893E-15 -0.4719260487097886E-29 -0.3811835982481379E-28 -0.2235201983092283E-27
 0.8280258401898400E-02 -0.1349680912554833E-01  0.1504764960213541E+00  0.2740097791408822E-15  0.1030586540228530E-14  0.3762051151622485E-14
 0.2271738190362466E-01 -0.7229088595206890E-01  0.1658253023043096E+00  0.1368486657011250E-15  0.1988464901981048E-14  0.3325160365475649E-14
 0.5507424667955231E-15  0.3981675762504040E-15  0.1126897691089617E-15  0.1422385429006169E-29 -0.1156989038370707E-28 -0.1220347203128282E-27
 0.5223627411266230E-16  0.8571282254340489E-16  0.2388486954562792E-15  0.1067318524034088E-29  0.7911367307276882E-29  0.5045678803696138E-28
-0.2105852864760962E-15 -0.8497524419973242E-15 -0.4824520064278947E-14 -0.1294697290423835E-28 -0.2831643496127743E-28 -0.2908820756325152E-27
-0.6247706365529511E-16 -0.2709717529045047E-15  0.1246895342070986E-14  0.4032912093244370E-29  0.6502964889303232E-28  0.2131880279235378E-27
 0.2413017998853667E-01 -0.4847047171122647E-01  0.1920156529559715E+00 -0.4239847818874154E-15 -0.9935047462007408E-14 -0.2792484428548963E-13
-0.3889923705281760E-03 -0.2302858285122424E+00  0.3452964973992557E-01 -0.2294496119795109E-15  0.6734370439887051E-14  0.2605974814714992E-13
-0.1261472586934337E-13 -0.4720570073005998E-15 -0.1819770591487813E-14 -0.1176862355157641E-28 -0.2282484439741323E-27 -0.2755656737418912E-27
 0.1822657149347625E-15  0.3651365965220829E-15  0.3909237633561008E-15  0.1566585341490442E-29 -0.1227957131797366E-28 -0.1375786943011185E-28
 0.9442865749378297E+00  0.6197700727564781E-01  0.9902760661766931E-01  0.5813415564869193E-15  0.6598271056033954E-14  0.2726398700966273E-15
-0.4745244181824836E-16  0.3712297528307132E-15 -0.3334629151084001E-14  0.1230135541812861E-29  0.1608118019390796E-27  0.5234255946537921E-27
 0.4980779190087757E-15  0.6983609861636634E-15  0.1731004061430601E-14  0.2776366269976663E-29 -0.8822611658222419E-28 -0.2102422158432546E-27
 0.1794151402833304E+00  0.9283114652378849E-01 -0.5927572926425232E+00  0.1627280760436962E-15  0.1962083154575779E-13  0.4060776310361768E-13
-0.5889768575514766E-16  0.3841732454452225E-15  0.2980935829304790E-14  0.7628416011571612E-29  0.1229303423362881E-28  0.1372035165280611E-27
 0.2342566558661437E-16  0.1600048414222960E-14  0.9319140537443521E-14  0.2255206871889609E-28  0.8523248550280652E-29  0.3755999205200676E-27
 0.7001351019393261E-03 -0.1001129644665419E+00 -0.6548494609059016E+00 -0.2381792745714778E-14 -0.2411674431968251E-13 -0.5954639901379071E-13
-0.7929339010058133E-01  0.9463846600262036E+00  0.4210180434640088E-01  0.3273658781072863E-14 -0.4680682189543407E-14 -0.7593664236355730E-14
 0.1179020491935180E-03  0.9348906105397153E-16
-0.2170375539802753E-03 -0.2202770580264694E-16
 0.4338431230048278E-03  0.8928378901202472E-17
-0.9730410480260503E-03 -0.7801946034524708E-17
 0.2530139156926775E-02  0.9281536900271392E-17
 0.2405703941763062E-02 -0.3126018961294002E-17
 0.5280188786684704E+00  0.9671571262614657E-17
 0.2186313076546927E+01 -0.1328029205004111E-16
 0.4840286026811612E+00  0.1123135391216958E-16
-0.2281351650799468E-03  0.7434566413329593E-17
 0.2726253301051024E-02 -0.6592410984115720E-18
-0.1077767994529259E-02 -0.3083906266631943E-18
 0.5077426036806691E-03  0.1665478314025970E-17
-0.2740205950791944E-03 -0.1643328235237985E-17
 0.1640914197282715E-03  0.8801117145106810E-18
-0.1066125860280630E-03 -0.2269679583957836E-17
 0.7399080764539239E-04  0.1960837847949536E-17
-0.5425089523855378E-04 -0.2766150259046824E-17
 0.4169254402648584E-04  0.8748860871662241E-18
-0.3324919570069123E-04  0.7615881208975803E-18
 0.2728106373469671E-04  0.2439567801992383E-18
-0.2295528095033209E-04  0.7310734602272989E-18
 0.1975863182014382E-04  0.1497324438054329E-17
-0.1736390324979248E-04 -0.2510589006580510E-17
 0.1555657613806608E-04  0.8936431874402686E-18
-0.1419304244439762E-04 -0.3152300507327494E-17
 0.1317598884622290E-04  0.1540584072503982E-17
-0.1243953663632554E-04 -0.9729681038059621E-19
 0.1194017753390326E-04  0.3108426283486892E-17
-0.1165134178050348E-04 -0.9438236482903616E-17
 0.1156042610871873E-04  0.8739085680601568E-17
-0.1166770636850716E-04 -0.7591295274807887E-17
 0.1198698072338733E-04  0.1242730940320130E-16
-0.1254816848811560E-04 -0.2940340304907580E-16
 0.1340251725881745E-04  0.7647392157214091E-16
-0.1463149034352550E-04 -0.2427553991446570E-15
 0.1635931268490246E-04  0.1773881888461362E-14
-0.1873983736395473E-04 -0.7965943601044246E-13
