 0.9927202800476037E+00  0.3481725102471998E-06
 0.0000000000000000E+00  0.0000000000000000E+00
 0.2147590227689495E-01  0.4921723116754638E-06
-0.2147590227689448E-01 -0.4921723116755104E-06
 0.0000000000000000E+00  0.0000000000000000E+00
-0.1160310433819820E+00  0.1645495393545012E-05
 0.0000000000000000E+00  0.0000000000000000E+00
 0.6864472435021567E-03 -0.1288447466781889E-06
 0.0000000000000000E+00  0.0000000000000000E+00
 0.4584216773847878E-02 -0.1668030482589846E-06
-0.6864472435021471E-03  0.1288447466781970E-06
 0.0000000000000000E+00  0.0000000000000000E+00
-0.4584216773847905E-02  0.1668030482589858E-06
 0.0000000000000000E+00  0.0000000000000000E+00
-0.1923381023545785E-02  0.2302436959765530E-06
-0.1939477743488077E-02  0.6451029215353024E-04
 0.0000000000000000E+00  0.0000000000000000E+00
-0.5693165230191800E-02  0.3572918041099842E-03
 0.5693165230191840E-02 -0.3572918041099847E-03
 0.0000000000000000E+00  0.0000000000000000E+00
-0.2291557656151215E-02  0.1213690438198132E-03
 0.0000000000000000E+00  0.0000000000000000E+00
-0.1249606277756861E-03 -0.1260609445137526E-04
 0.0000000000000000E+00  0.0000000000000000E+00
-0.9210193272946982E-05  0.2362015309425544E-05
 0.1249606277756861E-03  0.1260609445137526E-04
 0.0000000000000000E+00  0.0000000000000000E+00
 0.9210193272943721E-05 -0.2362015309425552E-05
 0.0000000000000000E+00  0.0000000000000000E+00
-0.1386959333416475E-04  0.1694748360525806E-06
 0.2087026213642062E-01  0.1522089568128693E-01 -0.4780803371215755E-01  0.5409537607061132E-08 -0.3881537840377664E-07  0.9445034601900652E-05
 0.3210720683548381E-01 -0.8611887085636994E-02 -0.1069258495912608E+00 -0.3991908610216440E-07 -0.1642174813492406E-06  0.2368378897557093E-04
 0.4127965849643539E-15 -0.8418859322716901E-15  0.9607510582719046E-15  0.3700822075729591E-21  0.5019276426961792E-22 -0.4613317318017563E-19
 0.2043907497316250E-15  0.2903629833001259E-15 -0.1605144576655263E-15 -0.2267972521183827E-21 -0.4764440798717642E-21  0.1046244811258413E-18
 0.8211011081853507E-02  0.5374036575702178E-02 -0.4669965330413934E-01 -0.1963329292654474E-07 -0.2113719069726437E-06  0.1117485268161414E-04
 0.2422055970788068E+00  0.2038907527291374E-01  0.1230856770428524E+00  0.9244386739487499E-08 -0.2903964901406256E-06  0.6451047226021288E-05
 0.6166827503940193E-15  0.1561228589723089E-15 -0.1864690332637809E-15 -0.1691408015657413E-21  0.4841100845371652E-21 -0.1034725407096941E-19
-0.5623024372158676E-15  0.8864324186044782E-15  0.1843679489754414E-15 -0.2501830697119720E-22 -0.6612518240856775E-21 -0.1079139152682494E-19
 0.6579825960579777E-01 -0.1157640145164747E+00  0.2220768993549894E-01  0.1505968181575827E-08  0.2375151585426404E-06 -0.2445845519853684E-05
 0.6448452404588061E-01  0.8304410114800770E-01 -0.2974652168479472E+00 -0.4167174841253638E-08  0.2956320430030012E-07 -0.1031836632959036E-04
 0.1959531943373333E-15 -0.3419141565259746E-15  0.2407760671238832E-15 -0.6687034688059286E-22 -0.7529146481296334E-21  0.2404348011141646E-19
-0.5944142845408778E-16 -0.6562757814746229E-15 -0.5926976620619125E-15  0.4808128031575017E-22 -0.7541481828236985E-21 -0.4316857508006134E-19
 0.8280052941186607E-02 -0.1353033455891315E-01  0.1507357681148298E+00 -0.1035103481396988E-07 -0.6294311837223150E-07 -0.1720118807010415E-06
 0.2271491389847156E-01 -0.7240589482565560E-01  0.1665298894264137E+00 -0.2175112090144673E-07 -0.1534684275442269E-06  0.4399088707055738E-05
 0.5507668681086920E-15  0.3997524039862098E-15  0.1016586826812367E-15 -0.1749974179194325E-22 -0.1634986285571836E-21  0.4952063758410624E-20
 0.5221705982089370E-16  0.8495646842131489E-16  0.2407366194459284E-15  0.3846583922624148E-22  0.2102387571007747E-21 -0.1933065320959670E-19
-0.2104770833844489E-15 -0.8499802334267782E-15 -0.4751714434070818E-14 -0.4044493679017408E-21 -0.4102461352590541E-20 -0.3951162278599542E-21
-0.6257931662234354E-16 -0.2720017668438576E-15  0.1213700968173239E-14  0.1279942463877238E-21  0.1140745996507586E-20  0.4678225542173116E-20
 0.2412368904373445E-01 -0.4851688674044389E-01  0.2011377559592157E+00 -0.4316924120930577E-07 -0.2985230689575854E-06  0.3377406917352791E-04
-0.3809653352350809E-03 -0.2301906650518339E+00  0.2240691616164897E-01  0.3097461714517425E-07  0.2113281631989693E-06 -0.5507745331525052E-04
-0.1261449307756521E-13 -0.4704975505878677E-15 -0.1828448143954072E-14  0.9832558254625790E-23 -0.8209721539242886E-21 -0.8633785206756858E-20
 0.1822781573533859E-15  0.3653901254800260E-15  0.3893981893444215E-15  0.1956484150508334E-23 -0.1464483355877096E-21 -0.1009120504629312E-22
 0.9442852163772052E+00  0.6204094609136673E-01  0.9854079407886514E-01  0.3815660704367421E-08  0.1175535414237434E-06 -0.2266931978727694E-05
-0.4771395758740757E-16  0.3648614331454337E-15 -0.3244395550049968E-14 -0.3670627126339850E-21  0.4392614547801709E-21 -0.3214604005594562E-19
 0.4981934682466581E-15  0.7012532285225871E-15  0.1669821480505052E-14  0.9113285896384642E-22 -0.9777131793404751E-21  0.2210249941258616E-19
 0.1794054937292769E+00  0.9258562617963263E-01 -0.5940525554278856E+00 -0.1291368513473036E-07 -0.1869567161016839E-06 -0.7025203781748412E-05
-0.5899582007000514E-16  0.3825928777749198E-15  0.2894024225753236E-14  0.2939842754434851E-21  0.4449671452545927E-20  0.6396432624994280E-19
 0.2328404415238246E-16  0.1597524554000390E-14  0.9135270237694427E-14  0.7197187747489123E-21  0.9535717897209709E-20  0.8399700126467791E-19
 0.7124665747954327E-03 -0.9975227093775411E-01 -0.6514298525763369E+00  0.4279920125299229E-08  0.3259126288630018E-07  0.1488581795848217E-04
-0.7928991048368646E-01  0.9464739449261157E+00  0.3987541512772118E-01  0.4981432644712745E-08  0.7038247335646682E-07 -0.8453794747478260E-05
 0.1161014785414452E-03 -0.8745840317797867E-03 -0.5442129296376231E-07  0.8466776415040345E-05
-0.2136824367086052E-03  0.1745121700637808E-02  0.8905446926931524E-07 -0.1249691567050669E-04
 0.4271829702315029E-03 -0.3618387284407619E-02 -0.1655128676631338E-06  0.1345698044030970E-04
-0.9583511315644558E-03  0.7920862457248375E-02  0.3982171177235144E-06  0.7746518044155406E-05
 0.2492481116836321E-02 -0.1808014937705819E-01 -0.1234950531966159E-05 -0.9022195177818420E-04
 0.2769761126385107E-02 -0.5585789601620045E-01  0.4942984231561276E-04 -0.1188874421732653E-01
 0.5292213386573938E+00 -0.2007032396694109E+01  0.2801651614568597E-03 -0.1814215783080317E+00
 0.2185447674995125E+01  0.2463253905843579E+00 -0.1412884935821944E-03  0.5768858279878162E-01
 0.4866148695166352E+00  0.1077104150417283E+01  0.3321384616475719E-03 -0.6218279918278390E-01
-0.1010093493369803E-03  0.1596291772639082E-01  0.4808045917367609E-04  0.1146352268834860E-02
 0.2706727397266565E-02 -0.2479733509523494E-02 -0.1128239819071444E-04 -0.3627330471869129E-02
-0.1068322355884152E-02  0.2419645494618290E-02  0.4337342656372038E-05  0.1622682252961346E-02
 0.5026146909623030E-03 -0.1662963601130198E-02 -0.1980387402613865E-05 -0.7911144247741009E-03
-0.2709983994591873E-03  0.1091963177894186E-02  0.1033142655937761E-05  0.4258814010287383E-03
 0.1621831376534194E-03 -0.7275146908254790E-03 -0.5999761647541252E-06 -0.2511977526549299E-03
-0.1053352794353669E-03  0.4987027049810517E-03  0.3803442308492760E-06  0.1604044131595318E-03
 0.7309272057796071E-04 -0.3520569904796771E-03 -0.2593686841865097E-06 -0.1096731446772518E-03
-0.5359275933522889E-04  0.2550344128198185E-03  0.1881926375054287E-06  0.7956924859657326E-04
 0.4119331360042549E-04 -0.1884961521325300E-03 -0.1441143495204006E-06 -0.6082642222111201E-04
-0.3285930317972878E-04  0.1421507145555312E-03  0.1149842520584116E-06  0.4841230654516589E-04
 0.2696863815519555E-04 -0.1096390442886700E-03 -0.9449999776600300E-07 -0.3968537598336574E-04
-0.2269917985203780E-04  0.8621012071119937E-04  0.7972101101777209E-07  0.3339307584310795E-04
 0.1954437787541387E-04 -0.6891909120161521E-04 -0.6884820854374624E-07 -0.2876689467936732E-04
-0.1718130029339553E-04  0.5587939469549786E-04  0.6074213539363890E-07  0.2531940118265950E-04
 0.1539825816857940E-04 -0.4584628190545965E-04 -0.5466037620899905E-07 -0.2273274975173335E-04
-0.1405356061738026E-04  0.3797586242120395E-04  0.5010901519051105E-07  0.2079533578302478E-04
 0.1305121936869267E-04 -0.3168082865618389E-04 -0.4675575731122800E-07 -0.1936463449363354E-04
-0.1232628570517858E-04  0.2654119498852730E-04  0.4437786763615437E-07  0.1834487406041724E-04
 0.1183591016308043E-04 -0.2224715124878794E-04 -0.4283069217664032E-07 -0.1767348858679110E-04
-0.1155398983138413E-04  0.1856091099069561E-04  0.4202904530027545E-07  0.1731305171516135E-04
 0.1146824723191308E-04 -0.1528961870841152E-04 -0.4193732694963459E-07 -0.1724690632319500E-04
-0.1157917514852911E-04  0.1226403748819153E-04  0.4256638089116338E-07  0.1747761097355077E-04
 0.1190069893715390E-04 -0.9318777565891028E-05 -0.4397661748652322E-07 -0.1802795034809724E-04
-0.1246278478422887E-04  0.6269380892084014E-05  0.4628827220174861E-07  0.1894479900862093E-04
 0.1331664962390134E-04 -0.2878740464107830E-05 -0.4970111837354837E-07 -0.2030669326052698E-04
-0.1454365341144038E-04 -0.1204012119683015E-05  0.5452697930567463E-07  0.2223638257743950E-04
 0.1626790251187924E-04  0.6587860034098843E-05 -0.6123144259568848E-07 -0.2491734521964419E-04
-0.1864354911678182E-04 -0.1478166198736857E-04  0.7033931651179568E-07  0.2856628854195410E-04
