 0.9899809284193253E+00  0.2502655574776808E-06
 0.0000000000000000E+00  0.0000000000000000E+00
 0.1862165056985076E-01  0.1144543821836465E-06
 0.0000000000000000E+00  0.0000000000000000E+00
 0.5342133749334003E-02  0.3283448579390394E-07
-0.1862165056985068E-01 -0.1144543821836846E-06
 0.0000000000000000E+00  0.0000000000000000E+00
-0.5342133749333957E-02 -0.3283448579390964E-07
 0.0000000000000000E+00  0.0000000000000000E+00
-0.1084726468362419E+00  0.3509927959593661E-06
 0.0000000000000000E+00  0.0000000000000000E+00
-0.7403896185850429E-02  0.1161351492041186E-06
 0.7403896185850341E-02 -0.1161351492041197E-06
 0.0000000000000000E+00  0.0000000000000000E+00
-0.8478808978278925E-01 -0.2051553577417655E-07
 0.0000000000000000E+00  0.0000000000000000E+00
 0.5898669240483462E-03 -0.3222828658142270E-07
 0.0000000000000000E+00  0.0000000000000000E+00
 0.1692196101653635E-03 -0.9245574644055948E-08
 0.0000000000000000E+00  0.0000000000000000E+00
 0.0000000000000000E+00  0.0000000000000000E+00
 0.0000000000000000E+00  0.0000000000000000E+00
 0.0000000000000000E+00  0.0000000000000000E+00
 0.9569807378024545E-12  0.2738359730728632E-15
 0.0000000000000000E+00  0.0000000000000000E+00
 0.4132859096252509E-02 -0.3875760597175789E-07
 0.0000000000000000E+00  0.0000000000000000E+00
 0.9758653872778629E-03 -0.1193062600501865E-07
-0.9758653882348268E-03  0.1193062573118253E-07
 0.0000000000000000E+00  0.0000000000000000E+00
 0.1011132538626246E-02 -0.5923513249777692E-09
 0.0000000000000000E+00  0.0000000000000000E+00
 0.6610807358332221E-04  0.7671220856763708E-09
 0.0000000000000000E+00  0.0000000000000000E+00
 0.2304401211254568E-03  0.2674037136582931E-08
-0.5898669240483185E-03  0.3222828658142577E-07
 0.0000000000000000E+00  0.0000000000000000E+00
-0.1692196101654869E-03  0.9245574644052957E-08
 0.0000000000000000E+00  0.0000000000000000E+00
-0.4132859096252461E-02  0.3875760597175857E-07
 0.0000000000000000E+00  0.0000000000000000E+00
-0.9758653882348127E-03  0.1193062573118266E-07
 0.9758653872778449E-03 -0.1193062600501892E-07
 0.0000000000000000E+00  0.0000000000000000E+00
-0.1011132538626252E-02  0.5923513249778476E-09
 0.0000000000000000E+00  0.0000000000000000E+00
 0.9569774506661332E-12  0.2738361497545953E-15
 0.0000000000000000E+00  0.0000000000000000E+00
 0.0000000000000000E+00  0.0000000000000000E+00
 0.0000000000000000E+00  0.0000000000000000E+00
 0.0000000000000000E+00  0.0000000000000000E+00
-0.6610807358331567E-04 -0.7671220856767659E-09
 0.0000000000000000E+00  0.0000000000000000E+00
-0.2304401211254387E-03 -0.2674037136582489E-08
 0.0000000000000000E+00  0.0000000000000000E+00
-0.1836010774642370E-02  0.5446318917537234E-07
 0.0000000000000000E+00  0.0000000000000000E+00
-0.3388679916865620E-03  0.1562169626619165E-07
 0.3388679916865501E-03 -0.1562169626619183E-07
 0.0000000000000000E+00  0.0000000000000000E+00
-0.7519952723759317E-03  0.4490455513183157E-08
 0.0000000000000000E+00  0.0000000000000000E+00
 0.2334792366702714E-04 -0.5898928156789034E-09
 0.0000000000000000E+00  0.0000000000000000E+00
 0.8138641539824858E-04 -0.2056252984109123E-08
-0.2334792366703045E-04  0.5898928156789282E-09
 0.0000000000000000E+00  0.0000000000000000E+00
-0.8138641539825375E-04  0.2056252984109213E-08
 0.0000000000000000E+00  0.0000000000000000E+00
 0.2725852830366066E-03 -0.5577540148702761E-08
-0.2080864623294515E-02  0.1550890911232020E-04
 0.0000000000000000E+00  0.0000000000000000E+00
-0.5580420971910666E-02  0.8183745368198557E-04
 0.0000000000000000E+00  0.0000000000000000E+00
-0.1600896958300140E-02  0.2347732028872245E-04
 0.5580420971910778E-02 -0.8183745368198816E-04
 0.0000000000000000E+00  0.0000000000000000E+00
 0.1600896958300206E-02 -0.2347732028872219E-04
 0.0000000000000000E+00  0.0000000000000000E+00
-0.2007810304042067E-02  0.2505904296114832E-04
 0.0000000000000000E+00  0.0000000000000000E+00
-0.7419744706871668E-03  0.9472199478842798E-05
 0.7419744706871750E-03 -0.9472199478842695E-05
 0.0000000000000000E+00  0.0000000000000000E+00
 0.3657151804842882E-03 -0.5241873972014478E-05
 0.0000000000000000E+00  0.0000000000000000E+00
-0.7104074302651271E-04 -0.3530869585125286E-05
 0.0000000000000000E+00  0.0000000000000000E+00
-0.2037998773760018E-04 -0.1012926868732434E-05
 0.0000000000000000E+00  0.0000000000000000E+00
 0.0000000000000000E+00  0.0000000000000000E+00
 0.0000000000000000E+00  0.0000000000000000E+00
 0.0000000000000000E+00  0.0000000000000000E+00
-0.3555193514204189E-12  0.1484588909518227E-13
 0.0000000000000000E+00  0.0000000000000000E+00
-0.1723127398184623E-04  0.6109231528335782E-06
 0.0000000000000000E+00  0.0000000000000000E+00
 0.1839936474602730E-04 -0.1351663343177224E-06
-0.1839936439050815E-04  0.1351663194718199E-06
 0.0000000000000000E+00  0.0000000000000000E+00
-0.7608958013785379E-04  0.1043310977555618E-05
 0.0000000000000000E+00  0.0000000000000000E+00
 0.6574259917555113E-06  0.1051677399567705E-06
 0.0000000000000000E+00  0.0000000000000000E+00
 0.2291662193702102E-05  0.3665946396528061E-06
 0.7104074302651705E-04  0.3530869585125214E-05
 0.0000000000000000E+00  0.0000000000000000E+00
 0.2037998773760156E-04  0.1012926868732446E-05
 0.0000000000000000E+00  0.0000000000000000E+00
 0.1723127398184897E-04 -0.6109231528335872E-06
 0.0000000000000000E+00  0.0000000000000000E+00
-0.1839936439050900E-04  0.1351663194718356E-06
 0.1839936474602650E-04 -0.1351663343177155E-06
 0.0000000000000000E+00  0.0000000000000000E+00
 0.7608958013785342E-04 -0.1043310977555626E-05
 0.0000000000000000E+00  0.0000000000000000E+00
-0.3555180551258705E-12  0.1484590080277599E-13
 0.0000000000000000E+00  0.0000000000000000E+00
 0.0000000000000000E+00  0.0000000000000000E+00
 0.0000000000000000E+00  0.0000000000000000E+00
 0.0000000000000000E+00  0.0000000000000000E+00
-0.6574259917558786E-06 -0.1051677399567698E-06
 0.0000000000000000E+00  0.0000000000000000E+00
-0.2291662193702540E-05 -0.3665946396527986E-06
 0.0000000000000000E+00  0.0000000000000000E+00
-0.1141656718806481E-04  0.1818134638127374E-07
 0.0000000000000000E+00  0.0000000000000000E+00
-0.3935315362839202E-05  0.1710494027104634E-07
 0.3935315362839551E-05 -0.1710494027104706E-07
 0.0000000000000000E+00  0.0000000000000000E+00
 0.1172237183163163E-05 -0.3653618775479083E-07
 0.0000000000000000E+00  0.0000000000000000E+00
 0.7659422263804216E-06 -0.1142017732324990E-07
 0.0000000000000000E+00  0.0000000000000000E+00
 0.2669928386256323E-05 -0.3980855697213966E-07
-0.7659422263803280E-06  0.1142017732324583E-07
 0.0000000000000000E+00  0.0000000000000000E+00
-0.2669928386257313E-05  0.3980855697214753E-07
 0.0000000000000000E+00  0.0000000000000000E+00
 0.1326228359590468E-05  0.2025369110824394E-08
 0.2084854729959075E-01  0.1465180948401071E-01 -0.4658815633996419E-01 -0.1336509158462574E-01  0.1355543880974591E-08 -0.9230705114226122E-08  0.2409268340568182E-05  0.6911647529064787E-06
 0.3205134401958044E-01 -0.9973080803132394E-02 -0.1027983046311004E+00 -0.2949051578632465E-01 -0.9666470540137591E-08 -0.4111162251845936E-07  0.5996938832016205E-05  0.1720386509094634E-05
 0.2730999600570067E-11  0.5918770605027832E-10  0.8800423821176247E-02 -0.3067659636441050E-01 -0.1144713664348357E-15  0.4773622385163007E-14  0.5725184118284946E-08 -0.1995689952805367E-07
 0.2646424216489837E-11  0.5736008956913066E-10  0.8528517221292574E-02 -0.2972878189741382E-01 -0.1109410183128209E-15  0.4626087491874549E-14  0.5550029725687389E-08 -0.1934634473503256E-07
 0.8188020192675362E-02  0.4778554027304604E-02 -0.4514864767789234E-01 -0.1295212902677322E-01 -0.4728118066979113E-08 -0.5100774221167024E-07  0.2809549950361279E-05  0.8059965180953286E-06
 0.2422524039071665E+00  0.2110563852931437E-01  0.1202212293500046E+00  0.3448876009330189E-01  0.2696017731218414E-08 -0.6688164451892548E-07  0.1526834417338964E-05  0.4380143926135944E-06
-0.5025091465014563E-11 -0.1089348372003680E-09 -0.1619700460798313E-01  0.5645966407614806E-01  0.1415364417136617E-15 -0.9628528065285069E-14 -0.7062581878547329E-08  0.2461878207165555E-07
 0.4820556468233742E-11  0.1045012889088591E-09  0.1553764814165951E-01 -0.5416127338625967E-01 -0.1357716634956310E-15  0.9236721019684188E-14  0.6776549568122577E-08 -0.2362172926676013E-07
 0.6579491992514083E-01 -0.1162958758249702E+00  0.2508913124449002E-01  0.7197505842306620E-02  0.4040762797234934E-09  0.5928845185089124E-07 -0.5170271096326615E-06 -0.1483234205732152E-06
 0.6445279250633902E-01  0.8192071974187030E-01 -0.2917708596742056E+00 -0.8370248081862704E-01 -0.1546186420501423E-08  0.3201097025984021E-09 -0.2643949390623520E-05 -0.7584895082423405E-06
-0.5265603953248733E-11 -0.1141382124570534E-09 -0.1697048770420020E-01  0.5915587839709456E-01  0.6365926112265420E-16 -0.1189455054093861E-13  0.1468119371003406E-07 -0.5117589850552791E-07
 0.5379106101240897E-11  0.1165944496943951E-09  0.1733583894058413E-01 -0.6042942301693633E-01 -0.6502470932452378E-16  0.1215082696411017E-13 -0.1499528949936972E-07  0.5227077775723440E-07
 0.8276498096884714E-02 -0.1317143257066575E-01  0.1451172672058813E+00  0.4163087192768946E-01 -0.2580179777903156E-08 -0.1699907351674478E-07 -0.1181118793902913E-06 -0.3388360039345850E-07
 0.2269620389280038E-01 -0.7239380776616509E-01  0.1604490644970810E+00  0.4602921876624230E-01 -0.5433346900582374E-08 -0.3971001815565931E-07  0.1041114018449950E-05  0.2986721767545675E-06
 0.4613838779715367E-11  0.9999712883886506E-10  0.1486819266258953E-01 -0.5182767946707703E-01 -0.1832466529063570E-15  0.7292462257622696E-14 -0.2392647243594943E-07  0.8340314231001228E-07
 0.4846475110567173E-11  0.1050502067612073E-09  0.1561956548261496E-01 -0.5444682158880439E-01 -0.1925110674837164E-15  0.7661188456507749E-14 -0.2513647914917407E-07  0.8762099608257459E-07
-0.1791514531613825E-10 -0.3883331156761860E-09 -0.5774204217464284E-01  0.2012777290098313E+00  0.1762240686291424E-14 -0.1649650715130960E-14 -0.6851896167721744E-08  0.2388456724632150E-07
-0.1737007776034902E-10 -0.3765205965545410E-09 -0.5598569688963346E-01  0.1951554448472207E+00  0.1708650349697334E-14 -0.1599239379343735E-14 -0.6643926941176414E-08  0.2315962120086730E-07
 0.2417615302310113E-01 -0.4678578647869178E-01  0.1987612349942158E+00  0.5702011669354991E-01 -0.9975248251894580E-08 -0.6469494684011751E-07  0.8457424715056343E-05  0.2426244486986073E-05
-0.5134150555869188E-03 -0.2338282463150168E+00  0.1898938512055631E-01  0.5447625979899107E-02  0.6985330253798535E-08  0.4082536931977906E-07 -0.1382062439675970E-04 -0.3964825518564936E-05
 0.1348286015543650E-03  0.4128423205742527E-02 -0.7063236392937669E-02 -0.2026283255896888E-02 -0.2992391202106171E-10  0.7948586721667640E-09 -0.4593245556614729E-07 -0.1317693592347698E-07
 0.1281631570822909E-04  0.3924337342621255E-03 -0.6714059271488605E-03 -0.1926112213172851E-03 -0.2844363926512760E-11  0.7556100493516534E-10 -0.4365672368068021E-08 -0.1252408222519160E-08
 0.9442973370259149E+00  0.6245355125498651E-01  0.9449858286360827E-01  0.2710951293602946E-01  0.9186854394977681E-09  0.2987083440490646E-07 -0.5794504064648050E-06 -0.1662312198495376E-06
-0.3165629312869457E-10 -0.6861774326860429E-09 -0.1020270231310329E+00  0.3556467132098114E+00  0.1969662586110745E-14 -0.2666700639486082E-13  0.5788500002036623E-07 -0.2017760259354878E-06
-0.3067842482800896E-10 -0.6649927534151512E-09 -0.9887714650947750E-01  0.3446668450034052E+00  0.1908846819209665E-14 -0.2584385541468897E-13  0.5609805082375552E-07 -0.1955470632126280E-06
 0.1793065876448783E+00  0.8982707436633598E-01 -0.5724052517448756E+00 -0.1642101603179635E+00 -0.3565730443021346E-08 -0.5569382244627156E-07 -0.1638893666020829E-05 -0.4701617636499445E-06
-0.4712316250002154E-10 -0.1021439037406184E-08 -0.1518825031079941E+00  0.5294333929072272E+00  0.4956924600279081E-14  0.1312056879493213E-13 -0.3699503792345193E-07  0.1289580783132644E-06
 0.4867241294639310E-10  0.1055023312940765E-08  0.1568760104313512E+00 -0.5468398055657366E+00 -0.5119894199499364E-14 -0.1355192572057369E-13  0.3821137999446773E-07 -0.1331980289887030E-06
 0.8164572166816778E-03 -0.9745680387144777E-01 -0.6198220316604141E+00 -0.1778129657305826E+00  0.1721973904542866E-08  0.2077606085369743E-07  0.3901346900020164E-05  0.1119208305467130E-05
-0.7927344135553485E-01  0.9461599019394243E+00  0.3864174320168860E-01  0.1108544667430149E-01  0.1258550139195822E-08  0.1772020617661138E-07 -0.2178408458299097E-05 -0.6249362679362375E-06
 0.1156743473731170E-03 -0.8702016909194784E-03 -0.1225135526611567E-07  0.1928584087297790E-05
-0.2128317839152763E-03  0.1734674469382932E-02  0.1990880463949861E-07 -0.2816634766681066E-05
 0.4252557974022650E-03 -0.3589927176889890E-02 -0.3690503942682416E-07  0.2994908872177943E-05
-0.9529498942172033E-03  0.7832002686463726E-02  0.8947346556447088E-07  0.1665007819439074E-05
 0.2471438255032197E-02 -0.1776070688043205E-01 -0.2732081301407119E-06 -0.1805531768114326E-04
 0.3254077086150747E-02 -0.6104748201304865E-01  0.1175214493223343E-04 -0.2929941824409328E-02
 0.5360574019344868E+00 -0.2034527994142852E+01  0.6013963956693428E-04 -0.4321213246244319E-01
 0.2184863637211893E+01  0.2708303920310948E+00 -0.3054501474175267E-04  0.1421341068672372E-01
 0.4817275042205318E+00  0.1036206976628046E+01  0.7211340323628505E-04 -0.1646996944346241E-01
-0.3654173366250118E-03  0.1439632952860365E-01  0.1128052864464790E-04  0.2406689262875765E-03
 0.2713385962080560E-02 -0.2765564677877651E-02 -0.2866085427652546E-05 -0.8700988910939734E-03
-0.1068867394487359E-02  0.2508653355854681E-02  0.1107344456026763E-05  0.3884903286955224E-03
 0.5024092393263234E-03 -0.1692991731713979E-02 -0.5069420474836231E-06 -0.1893842573533760E-03
-0.2707411468316325E-03  0.1103317579042636E-02  0.2648432014293294E-06  0.1020020977390066E-03
 0.1619691344333567E-03 -0.7323161119909924E-03 -0.1539219298511560E-06 -0.6019934811133974E-04
-0.1051671151536527E-03  0.5009464300846180E-03  0.9761316484340394E-07  0.3846001618102022E-04
 0.7296001025034230E-04 -0.3532026770401201E-03 -0.6657366363419582E-07 -0.2630556168781069E-04
-0.5348579028661026E-04  0.2556688674198493E-03  0.4830214879205684E-07  0.1908881025369357E-04
 0.4110481059491509E-04 -0.1888763275214269E-03 -0.3698273265406616E-07 -0.1459305110857291E-04
-0.3278447210215272E-04  0.1424073462497581E-03  0.2950043646509190E-07  0.1161414908170670E-04
 0.2690427712872373E-04 -0.1098407941052422E-03 -0.2423852773024838E-07 -0.9519648143758754E-05
-0.2264284433299428E-04  0.8638875036666845E-04  0.2044201785219364E-07  0.8009211193045866E-05
 0.1949419834515470E-04 -0.6908937711625237E-04 -0.1764884503352835E-07 -0.6898528137453097E-05
-0.1713582766845985E-04  0.5604815377448617E-04  0.1556629145794684E-07  0.6070673807835067E-05
 0.1535634540867381E-04 -0.4601659194386899E-04 -0.1400359751294814E-07 -0.5449385565762266E-05
-0.1401427405482394E-04  0.3814908231111419E-04  0.1283382699907855E-07  0.4983878635210378E-05
 0.1301377151495799E-04 -0.3185758026411233E-04 -0.1197155435194712E-07 -0.4639936048820573E-05
-0.1228998235128959E-04  0.2672184413325079E-04  0.1135948870665811E-07  0.4394553841882762E-05
 0.1180010586027997E-04 -0.2243204399930821E-04 -0.1096038101953594E-07 -0.4232690552698906E-05
-0.1151804659520594E-04  0.1875049040217208E-04  0.1075223302284740E-07  0.4145330129076287E-05
 0.1143149130537435E-04 -0.1548448403290477E-04 -0.1072574381625148E-07 -0.4128430098214356E-05
-0.1154084562572384E-04  0.1246497638809225E-04  0.1088348038555449E-07  0.4182543511846081E-05
 0.1185987944064498E-04 -0.9526784787924142E-05 -0.1124064362687462E-07 -0.4313052809846239E-05
-0.1241830403768347E-04  0.6485664987024699E-05  0.1182764295708906E-07  0.4531082632733565E-05
 0.1326692618221382E-04 -0.3104705946608860E-05 -0.1269505419286076E-07 -0.4855291977025237E-05
-0.1448643898931049E-04 -0.9668507033038712E-06  0.1392178518241067E-07  0.5314841726608169E-05
 0.1619984053815461E-04  0.6338215960685046E-05 -0.1562561863327607E-07 -0.5953291983157924E-05
-0.1855950097568526E-04 -0.1452453313348548E-04  0.1795287119607694E-07  0.6823654208755261E-05
