 0.1000000000003811E+01 -0.4669436083258989E-18
 0.2082184419265245E-01  0.1353114085937445E-01 -0.4330729833548114E-33 -0.5427052832262577E-33
 0.3200687592229243E-01 -0.1108216839020587E-01 -0.9429827044593338E-33 -0.5197725926278970E-33
 0.4126849522850611E-15 -0.8401505357547015E-15 -0.1534000652325382E-47  0.4145658472940331E-47
 0.2042625512486727E-15  0.2944861340660169E-15  0.2164715609207041E-47 -0.1367151271823544E-47
 0.8148586937729111E-02  0.3875687450383148E-02 -0.4690119143099663E-33 -0.1934647223046217E-33
 0.2423589598398995E+00  0.2415704034363199E-01  0.4891834561642266E-33 -0.1895371861139995E-34
 0.6128309351035541E-15  0.9050562956906893E-16 -0.2485538737662610E-47 -0.3075356237125525E-48
-0.5636879002442848E-15  0.8439171518449275E-15 -0.3220725657229217E-47  0.4225802226467141E-48
 0.6614543134724141E-01 -0.1082757938922461E+00  0.1443665584687764E-32 -0.1696906204914817E-33
 0.6399180148214062E-01  0.7356909588564568E-01  0.2449222763355318E-32  0.1739457424821684E-33
 0.1974864988869882E-15 -0.3022515845393502E-15 -0.2992719517929687E-47  0.7167873029267482E-48
-0.5430744769941228E-16 -0.5663719724292860E-15 -0.1311313495215796E-48  0.6491320232115946E-48
 0.8228536991260565E-02 -0.1328399389859496E-01 -0.6852027710853189E-33  0.9388756683599260E-34
 0.2268961256338041E-01 -0.7129457554733444E-01 -0.4057904899798017E-33 -0.1346318538732546E-33
 0.5526224307377532E-15  0.4546018009543146E-15 -0.1721572969843293E-47 -0.1857763226544596E-48
 0.5163723923138707E-16  0.6629141318046319E-16  0.7054767800207212E-49 -0.6063479597993439E-48
-0.1998522755510627E-15 -0.7195723187692017E-15 -0.2092966023022599E-47  0.7211157005711725E-48
-0.6708709784142834E-16 -0.3401350823176603E-15 -0.1194564507637826E-47  0.1789958342061332E-48
 0.2454619674739673E-01 -0.4004692612536281E-01 -0.1240675681625115E-32 -0.2323421003387652E-33
-0.6305983240895502E-03 -0.2343096335068016E+00  0.6357192676517115E-33 -0.1569381361069478E-33
-0.1261090934702667E-13 -0.4243820493135537E-15  0.7154057382454872E-47 -0.1780389944067675E-47
 0.1823238840754657E-15  0.3652443232926242E-15  0.1360302943524438E-47  0.6865381264960260E-48
 0.9443731230483409E+00  0.6374947242314893E-01 -0.4283376336929995E-33  0.3009584936138122E-34
-0.5302646216147262E-16  0.2462765155483517E-15 -0.3889043872338075E-48 -0.5222917631323485E-48
 0.5002644495530716E-15  0.7503577444250831E-15  0.3799060895059924E-47  0.2884187674451966E-48
 0.1787997990037978E+00  0.8002446568270949E-01  0.7322124311530454E-33  0.9905678442708918E-35
-0.6316028504649794E-16  0.3030433626531399E-15  0.7826108841766961E-48  0.7926070956699253E-48
 0.1016811297907581E-16  0.1336596354140858E-14  0.3022315256675135E-47 -0.8203742970335238E-48
 0.1168214927096528E-02 -0.8826985798490411E-01  0.1444636705301547E-32  0.3567510853757743E-34
-0.7918843296225593E-01  0.9497030225253303E+00  0.1236161022296231E-33 -0.1260766897455065E-33
 0.1171697225478437E-03  0.1387867976648277E-14
-0.2155538744696686E-03 -0.3268491338017608E-15
 0.4302928088328374E-03  0.1390850061574976E-15
-0.9621174287287772E-03 -0.7870150119537161E-16
 0.2482294022234348E-02  0.5180393903277869E-16
 0.3640223239908558E-02 -0.4377891842392823E-16
 0.5462302827977540E+00  0.4389710318726773E-16
 0.2184618202903179E+01 -0.2270550866626812E-16
 0.4712963053174825E+00  0.4592136983137057E-16
-0.8966907731474399E-03 -0.6992387620679004E-17
 0.2746919733167411E-02  0.1163741469232892E-16
-0.1081035101737573E-02 -0.1420593757895569E-16
 0.5082476146110571E-03  0.1091649097278569E-16
-0.2739700967948193E-03 -0.9847272725211065E-17
 0.1639255910653049E-03  0.1108284074950670E-16
-0.1064351536448679E-03 -0.1016049184469458E-16
 0.7382613119214560E-04  0.1070843528761978E-16
-0.5410240743659528E-04 -0.1114103490322819E-16
 0.4155810908847092E-04  0.9927949025833500E-17
-0.3312686978922867E-04 -0.9819643312247586E-17
 0.2716948999455137E-04  0.1085782828658477E-16
-0.2285269663796245E-04 -0.1075288121077680E-16
 0.1966328794302972E-04  0.1435344449224085E-16
-0.1727419159519897E-04 -0.1684783926527260E-16
 0.1547104417532425E-04  0.2082540097188526E-16
-0.1411036521985134E-04 -0.1985902276243705E-16
 0.1309492434361157E-04  0.2897739699352443E-16
-0.1235887341567926E-04 -0.3956082898055051E-16
 0.1185867543812688E-04  0.4670188259371913E-16
-0.1156766195627399E-04 -0.6596194425842224E-16
 0.1147304264934876E-04  0.9513268844499285E-16
-0.1157478664757481E-04 -0.1417257219440652E-15
 0.1188621277698683E-04  0.2349746204502682E-15
-0.1243649793991079E-04 -0.4680109152662460E-15
 0.1327572593130635E-04  0.1093492144710131E-14
-0.1448348875960147E-04 -0.3634295771089158E-14
 0.1618090806927099E-04  0.2619779242722627E-13
-0.1851734659251978E-04 -0.1179859533920785E-11
