 0.9899348805600762E+00  0.2654225800547512E-13
 0.0000000000000000E+00  0.0000000000000000E+00
 0.1935833366559477E-01 -0.7135357718444466E-12
 0.0000000000000000E+00  0.0000000000000000E+00
 0.5553471519279030E-02 -0.1709557811667135E-12
-0.1935833366559523E-01  0.7135357718444566E-12
 0.0000000000000000E+00  0.0000000000000000E+00
-0.5553471519278964E-02  0.1709557811667097E-12
 0.0000000000000000E+00  0.0000000000000000E+00
-0.1089142024932734E+00  0.8366260426488718E-13
 0.0000000000000000E+00  0.0000000000000000E+00
-0.7525801116727532E-02  0.4599161241905034E-13
 0.7525801116727583E-02 -0.4599161241905053E-13
 0.0000000000000000E+00  0.0000000000000000E+00
-0.8483967990798444E-01  0.4017312260285275E-13
 0.0000000000000000E+00  0.0000000000000000E+00
 0.6153429061912019E-03 -0.3126278050578875E-13
 0.0000000000000000E+00  0.0000000000000000E+00
 0.1765280950211131E-03 -0.9057528485009445E-14
 0.0000000000000000E+00  0.0000000000000000E+00
 0.0000000000000000E+00  0.0000000000000000E+00
 0.0000000000000000E+00  0.0000000000000000E+00
 0.0000000000000000E+00  0.0000000000000000E+00
 0.9630867612425112E-12  0.8400416055354468E-16
 0.0000000000000000E+00  0.0000000000000000E+00
 0.4105085857071105E-02 -0.2346123252468133E-14
 0.0000000000000000E+00  0.0000000000000000E+00
 0.9681701503769614E-03 -0.1306762017766329E-14
-0.9681701513400394E-03  0.1222757857213242E-14
 0.0000000000000000E+00  0.0000000000000000E+00
 0.1007975835112957E-02 -0.7018885924807710E-15
 0.0000000000000000E+00  0.0000000000000000E+00
 0.6453611025675119E-04  0.7934075792287709E-15
 0.0000000000000000E+00  0.0000000000000000E+00
 0.2249605575956653E-03  0.2035782563201941E-14
-0.6153429061910950E-03  0.3126278050578899E-13
 0.0000000000000000E+00  0.0000000000000000E+00
-0.1765280950213063E-03  0.9057528485009270E-14
 0.0000000000000000E+00  0.0000000000000000E+00
-0.4105085857071073E-02  0.2346123252468097E-14
 0.0000000000000000E+00  0.0000000000000000E+00
-0.9681701513400295E-03  0.1222757857213156E-14
 0.9681701503769553E-03 -0.1306762017766254E-14
 0.0000000000000000E+00  0.0000000000000000E+00
-0.1007975835112962E-02  0.7018885924807405E-15
 0.0000000000000000E+00  0.0000000000000000E+00
 0.9630839305655466E-12  0.8400416055363702E-16
 0.0000000000000000E+00  0.0000000000000000E+00
 0.0000000000000000E+00  0.0000000000000000E+00
 0.0000000000000000E+00  0.0000000000000000E+00
 0.0000000000000000E+00  0.0000000000000000E+00
-0.6453611025675473E-04 -0.7934075792287869E-15
 0.0000000000000000E+00  0.0000000000000000E+00
-0.2249605575955801E-03 -0.2035782563201920E-14
 0.0000000000000000E+00  0.0000000000000000E+00
-0.1773757901292092E-02 -0.2873591718527275E-14
 0.0000000000000000E+00  0.0000000000000000E+00
-0.3207550421441346E-03 -0.8340391036194331E-16
 0.3207550421441661E-03  0.8340391036193716E-16
 0.0000000000000000E+00  0.0000000000000000E+00
-0.7476844843408978E-03 -0.4821179991328151E-15
 0.0000000000000000E+00  0.0000000000000000E+00
 0.2260450889590182E-04  0.3635741358376062E-16
 0.0000000000000000E+00  0.0000000000000000E+00
 0.7879501303381892E-04  0.4372467615714544E-15
-0.2260450889590118E-04 -0.3635741358377055E-16
 0.0000000000000000E+00  0.0000000000000000E+00
-0.7879501303382057E-04 -0.4372467615714343E-15
 0.0000000000000000E+00  0.0000000000000000E+00
 0.2670499743910296E-03 -0.5115723855662000E-17
 0.2085478483818291E-01  0.1470392440048119E-01 -0.4781553897340209E-01 -0.1371719998783843E-01 -0.8758169280977799E-15 -0.2699314606292661E-13 -0.5066429486547330E-13 -0.2479720314097166E-13
 0.3206685061092569E-01 -0.9746260598641596E-02 -0.1071025906765480E+00 -0.3072531840210338E-01 -0.2760915343172166E-14 -0.6855711551088105E-13 -0.8635424555458141E-13 -0.4768871130624157E-13
 0.2726976571520356E-11  0.5910322055179932E-10  0.8787370441440803E-02 -0.3063109477614183E-01  0.1255437475477819E-16  0.1585214950882501E-14 -0.1801264429290905E-14 -0.7679267824362411E-14
 0.2642525727305268E-11  0.5727821344688529E-10  0.8515867166379641E-02 -0.2968468622243167E-01  0.1216500735489736E-16  0.1536231583505092E-14 -0.1747167991639462E-14 -0.7437372087164715E-14
 0.8191035382058164E-02  0.4839485240115717E-02 -0.4792436296028189E-01 -0.1374841915615622E-01 -0.5490908746107320E-15 -0.1269962153966318E-13 -0.3574313354691867E-13 -0.2192980858770726E-13
 0.2422336534074962E+00  0.2102541828056860E-01  0.1183544655973847E+00  0.3395322766310346E-01  0.2981607846523053E-14  0.6634474004638245E-13  0.1178923131991907E-12  0.5708631282512104E-13
-0.5012160919262704E-11 -0.1086568214444986E-09 -0.1615472257250822E-01  0.5631227697725821E-01 -0.4853786925658069E-16 -0.3177550897622093E-14 -0.1565657117340455E-13  0.6927471944398297E-13
 0.4808151732074836E-11  0.1042345801244561E-09  0.1549708591351052E-01 -0.5401988120718789E-01  0.4656387079321960E-16  0.3048256801973787E-14  0.1501902133054800E-13 -0.6645395295555458E-13
 0.6579385423453687E-01 -0.1163039465099381E+00  0.2886003696163793E-01  0.8279293668612794E-02  0.1670458156591982E-14  0.5074668895952668E-13  0.2022997306693244E-12  0.6123266065675550E-13
 0.6445120853499013E-01  0.8217785938701888E-01 -0.2901602147330767E+00 -0.8324042310031328E-01 -0.7867911316679829E-14 -0.1737291066000127E-12 -0.2776184269237689E-12 -0.1319195796740637E-12
-0.5251921240849810E-11 -0.1138429243511165E-09 -0.1692543440236155E-01  0.5899883119300256E-01 -0.8201207208580075E-16 -0.3941242006177759E-14 -0.3303329139450348E-13  0.1203623308846609E-12
 0.5365127747879368E-11  0.1162927817826237E-09  0.1728981182074455E-01 -0.6026898126931243E-01  0.8378135303501960E-16  0.4026176402073298E-14  0.3374509853374590E-13 -0.1229551572126450E-12
 0.8276345049269883E-02 -0.1313561187939596E-01  0.1448707431840084E+00  0.4156014974434458E-01 -0.3038715860841038E-15 -0.5164956109585694E-15 -0.4934410620740274E-13  0.1861189516764493E-13
 0.2269839180987588E-01 -0.7227135433076580E-01  0.1596998728421897E+00  0.4581429257297290E-01 -0.1174884882808359E-14 -0.1109382286390706E-13 -0.4396467625402540E-13  0.2437920787448114E-13
 0.4608760899522905E-11  0.9988989992638421E-10  0.1485155279480041E-01 -0.5176967606650580E-01  0.2547084758181770E-16  0.2428824561628393E-14  0.2038463651404726E-13 -0.8323249981028555E-13
 0.4841140382463834E-11  0.1049375548175206E-09  0.1560208414897291E-01 -0.5438588499900635E-01  0.2676028181845736E-16  0.2551681887884169E-14  0.2141473816706023E-13 -0.8743872384282595E-13
-0.1792231634708757E-10 -0.3885070417601537E-09 -0.5776773348524006E-01  0.2013672840110156E+00  0.2861891659820887E-15 -0.5597402403944076E-15  0.5386255274533579E-13 -0.4924072228596437E-13
-0.1737703086588677E-10 -0.3766892453273496E-09 -0.5601060754633334E-01  0.1952422786380391E+00  0.2774870552437715E-15 -0.5426587963403906E-15  0.5222514906193847E-13 -0.4774545152924928E-13
 0.2418318034981630E-01 -0.4674452192990803E-01  0.1888427120280035E+00  0.5417471609103471E-01  0.5967502409502357E-14  0.1214659567981251E-12  0.3009897362521802E-12  0.1208821286037500E-12
-0.5220445211554605E-03 -0.2339189730230426E+00  0.3211762899915799E-01  0.9213823141387054E-02 -0.5381757032413915E-14 -0.6092837155767275E-13 -0.2923863253660961E-12 -0.7737208685033302E-13
 0.1349792191297629E-03  0.4133041657973685E-02 -0.6950541707778975E-02 -0.1993953691633197E-02 -0.1743867456692654E-15 -0.4683355019522043E-14 -0.7664448001864730E-14  0.1244359205661735E-13
 0.1283063329092474E-04  0.3928727617449837E-03 -0.6606928742832780E-03 -0.1895378879955507E-03 -0.1657677320214270E-16 -0.4451897816486633E-15 -0.7285626472185119E-15  0.1182843618717917E-14
 0.9442992663003856E+00  0.6238874353093744E-01  0.9505468906984284E-01  0.2726904726774924E-01  0.2509056714149233E-14  0.4526114600234384E-13  0.4638847621959979E-13  0.3597544295820503E-13
-0.3164544514693447E-10 -0.6859576023128880E-09 -0.1019918233813116E+00  0.3555240136061223E+00  0.1293223306581100E-15 -0.8275432547263371E-14 -0.4549531572096019E-14  0.1838519380515420E-12
-0.3066791131999864E-10 -0.6647797042604270E-09 -0.9884303319060968E-01  0.3445479324901398E+00  0.1253283842050293E-15 -0.8019976480215154E-14 -0.4409874908596498E-14  0.1781782055526975E-12
 0.1793163418072807E+00  0.9007695947636044E-01 -0.5711275862822950E+00 -0.1638436269042580E+00 -0.9676037410354048E-14 -0.2054275045793708E-12 -0.3104615308492801E-12 -0.2100089286601032E-12
-0.4712927121717563E-10 -0.1021595717533257E-08 -0.1519070328329882E+00  0.5295188988429286E+00  0.8353292944958777E-15  0.3652908675640073E-14  0.1306022071786701E-12 -0.8676346362336926E-13
 0.4867872218756850E-10  0.1055185131022804E-08  0.1569013469611941E+00 -0.5469281238690276E+00 -0.8627926100320969E-15 -0.3773003888851238E-14 -0.1348962635696350E-12  0.8961669054985038E-13
 0.8036687771350704E-03 -0.9783873420911195E-01 -0.6234762562176153E+00 -0.1788612803636811E+00  0.6573950025629515E-14  0.2112474348283186E-12  0.6784313999167219E-12  0.4893072701550345E-13
-0.7927696347784263E-01  0.9460701930429672E+00  0.4115224673921338E-01  0.1180565353383973E-01  0.8891658110498276E-14  0.4241272094029079E-13  0.8375710166116528E-13  0.3063613588955266E-13
 0.1176441732776594E-03 -0.1409102883986615E-14
-0.2165141601062416E-03  0.3382271152869962E-15
 0.4325820158378105E-03 -0.1448836083661709E-15
-0.9691132650276554E-03  0.7413316815327891E-16
 0.2512657083763870E-02 -0.4490081268835180E-16
 0.2865080904103983E-02  0.2234781322520724E-16
 0.5348893851734433E+00 -0.3911128577479176E-17
 0.2185717186030381E+01  0.5594985223290872E-17
 0.4791488935414123E+00  0.1508911864938416E-16
-0.4876854900026091E-03  0.1425722434238713E-16
 0.2734686459640096E-02 -0.1527317658163336E-16
-0.1079197666088865E-02  0.1319948432290820E-16
 0.5080145028323629E-03 -0.9638091176304819E-17
-0.2740424486365328E-03  0.6507414544343391E-17
 0.1640525466879203E-03 -0.9918346074679756E-17
-0.1065609336802258E-03  0.1163435770895290E-16
 0.7393943713113485E-04 -0.1057955037861722E-16
-0.5420300569390326E-04  0.8934987950427120E-17
 0.4164835758431310E-04 -0.1265239520870945E-16
-0.3320856413538809E-04  0.1623834596771196E-16
 0.2724380615314364E-04 -0.1566558889970938E-16
-0.2292093432490619E-04  0.1949968213364186E-16
 0.1972666914599635E-04 -0.1543007094218327E-16
-0.1733381136289088E-04  0.1099225883490775E-16
 0.1552787732395640E-04 -0.1580855008856551E-16
-0.1416529298403883E-04  0.2089482785448600E-16
 0.1314876781058955E-04 -0.3174185961217235E-16
-0.1241242992133721E-04  0.3138000647782740E-16
 0.1191275833257137E-04 -0.5329153628471034E-16
-0.1162314661520689E-04  0.7241066372843302E-16
 0.1153092390056402E-04 -0.9213266418162754E-16
-0.1163625599797146E-04  0.1243469970178655E-15
 0.1195276927809379E-04 -0.2133464922593661E-15
-0.1251011647200143E-04  0.4461361018821576E-15
 0.1335912543498313E-04 -0.1072045197373660E-14
-0.1458057735089595E-04  0.3628614733940447E-14
 0.1629749401637900E-04 -0.2651883142626030E-13
-0.1865740880231312E-04  0.1193265521463934E-11
