-1.2857543360954946e+01
-1.3649706121664488e+01
-1.4089014165208299e+01
-1.4339068470099432e+01
-1.4486411381475591e+01
-1.4577574248203126e+01
-1.4637806826007331e+01
-1.4680838810082077e+01
-1.4714061838627542e+01
-1.4741340265888574e+01
-1.4764592155021720e+01
-1.4784710960498954e+01
-1.4802103934473394e+01
-1.4816988984658096e+01
-1.4829538610744319e+01
-1.4839934877077333e+01
-1.4848379740725978e+01
-1.4855087562405169e+01
-1.4860273686348542e+01
-1.4864144914570057e+01
-1.4866893196024474e+01
-1.4868691986166606e+01
-1.4869694553281933e+01
-1.4870034021065292e+01
-1.4869824641415510e+01
-1.4869163748518289e+01
-1.4868133896968946e+01
-1.4866804908835697e+01
-1.4865235719600795e+01
-1.4863475997538135e+01
-1.4861567545174854e+01
-1.4859545502511878e+01
-1.4857439373969536e+01
-1.4855273900520267e+01
-1.4853069801681894e+01
-1.4850844379610532e+01
-1.4848612068927803e+01
-1.4846384859430071e+01
