-7.1596255614778208e+00
-7.4263658474818026e+00
-7.6084393472888801e+00
-7.7344810395437964e+00
-7.8216813160267202e+00
-7.8815353057332054e+00
-7.9220766398614852e+00
-7.9489690109634976e+00
-7.9661878028700750e+00
-7.9765139590321255e+00
-7.9819042753243590e+00
-7.9837534418352387e+00
-7.9830653227429300e+00
-7.9805661708847229e+00
-7.9767842507713436e+00
-7.9721066048298521e+00
-7.9668189199573050e+00
-7.9611333765790508e+00
-7.9552081702615869e+00
-7.9491613011545841e+00
-7.9430805963698514e+00
-7.9370309692928416e+00
-7.9310598060418398e+00
-7.9252011240389351e+00
-7.9194786610865959e+00
-7.9139083501045695e+00
-7.9085002772671986e+00
-7.9032601759229770e+00
-7.8981906115195919e+00
-7.8932918852182841e+00
-7.8885627188644944e+00
-7.8840007335897102e+00
-7.8796028622599916e+00
-7.8753655680078927e+00
-7.8712850348502066e+00
-7.8673573190852686e+00
-7.8635783971081130e+00
-7.8599442623079394e+00
