-1.0642507154252610e+02
-1.0663615999049661e+02
-1.0681349752430705e+02
-1.0696166636123243e+02
-1.0708462718988723e+02
-1.0718581586157852e+02
-1.0726821402077124e+02
-1.0733441040326079e+02
-1.0738665706356140e+02
-1.0742691131370862e+02
-1.0663962794177378e+02
-1.0669676571468101e+02
-1.0674527331835552e+02
-1.0678631226214219e+02
-1.0682089091041993e+02
-1.0684988548738662e+02
-1.0687405595859239e+02
-1.0689406071312389e+02
-1.0691047090133905e+02
-1.0692378138955600e+02
-1.0693442074572167e+02
-1.0694276069723820e+02
-1.0694912341014165e+02
-1.0695378831010258e+02
-1.0695699773777463e+02
-1.0695896215703826e+02
-1.0695986432216976e+02
-1.0695986302044525e+02
-1.0695909631506120e+02
-1.0695768425496691e+02
-1.0695573130340532e+02
-1.0695332831066960e+02
-1.0695055430587416e+02
-1.0694747797366659e+02
-1.0694415905119621e+02
-1.0668981497820363e+02
-1.0670063862108577e+02
-1.0671057522368089e+02
-1.0671969663497832e+02
-1.0672806839497569e+02
-1.0673575020647873e+02
-1.0674279687187571e+02
-1.0674925852685364e+02
-1.0675518118427564e+02
-1.0676060694486227e+02
-1.0676557460817020e+02
-1.0677011982835626e+02
-1.0677427530009540e+02
-1.0677807120959295e+02
-1.0678153533997325e+02
-1.0678469320424063e+02
-1.0678756838255634e+02
-1.0679018257914693e+02
-1.0679255581610401e+02
-1.0679470649983868e+02
-1.0679665165334865e+02
-1.0679840696991680e+02
-1.0679998688553960e+02
-1.0680140475520014e+02
-1.0680267289673351e+02
-1.0680380264980894e+02
-1.0680480450913593e+02
-1.0680568815502741e+02
-1.0680646253349133e+02
-1.0680713589310830e+02
-1.0680771587484270e+02
-1.0680820954174662e+02
-1.0680862341735275e+02
-1.0680896355064468e+02
-1.0680923554151420e+02
-1.0680944457302840e+02
-1.0680959545662439e+02
-1.0680969265409036e+02
-1.0680974030489986e+02
-1.0680974225575444e+02
