-0.5175145096396769E+00   0.2647540821077641E+01
 0.7708353728181139E-15  -0.4049539204190464E-15
 0.5407814014829948E+00   0.3135202507006231E+01
 0.2436764605784075E-14   0.3310466549366365E-14
 0.5238822545802594E-15   0.1172691704485161E-15
 0.5407814014829923E+00   0.3135202507006218E+01
 0.2643087556912783E+00  -0.5123989267547308E+00
-0.9128371230103642E-15   0.2294273363367782E-16
 0.2238140464989720E-15   0.1895661321458765E-14
 0.2243254164815842E-02   0.1254894210159267E+01
-0.1516347856982330E+00  -0.1845467615934364E+01
-0.2350080863170508E-14   0.9859937563755328E-14
-0.1898630890671470E-15   0.5049735102911501E-14
-0.7216946021632115E-02   0.7530201518733510E+00
 0.2488878536848449E+01   0.1454999269597056E+02
 0.1496755668219584E-14  -0.1458450772803002E-14
-0.3016120425339926E-01  -0.6717865478850192E-02
 0.7510599651032204E+00   0.1672850914613628E+00
 0.6470872111813859E-15   0.1951575188798494E-14
 0.3685143917559073E-15   0.7013818248686208E-14
 0.6785478314029403E+00   0.2455260840363076E+01
-0.1416645683556095E-14  -0.1146282343504161E-14
-0.7510599651032192E+00  -0.1672850914613620E+00
-0.3016120425339985E-01  -0.6717865478852117E-02
 0.5681772172606295E-15   0.4165158904828841E-15
 0.1969683205448994E-15   0.3429701943371776E-14
-0.1637145280453112E-15  -0.2951198313505543E-15
 0.6785478314029386E+00   0.2455260840363064E+01
-0.1565826731281229E+00  -0.6040252318635648E+00
 0.3591566172375753E-15   0.5879892264938911E-15
 0.6163860642704748E-15   0.1750554861603982E-14
-0.4209343956015615E+00  -0.2224285982951541E+00
-0.3476874982647183E+00  -0.4855139785905243E+00
-0.6499964374860692E-15  -0.5962272854058922E-15
 0.3165606370050852E-15  -0.6576846150713392E-16
-0.6844047645794540E+00   0.1249982537740875E+01
-0.2011077479594849E+00  -0.8670194055401026E-01
 0.1079564265081034E-14  -0.1766702681226786E-14
 0.3372788574447927E-15   0.1147340404439386E-15
 0.1040478803651515E+00  -0.2468318608413340E+00
-0.9275344204386426E+00  -0.3532588198482714E+01
 0.6617723667019911E-16  -0.2677870412865149E-14
 0.3611472318302311E-15  -0.1115534276727056E-14
 0.3535468969081101E+00   0.1151102717724694E+01
-0.5821231584076341E-01   0.4009932304745208E+01
-0.8872330363550218E-15  -0.1911502521391010E-14
 0.5249694418741352E-03   0.7380462221434137E-03
-0.4615313066295442E-01  -0.6488595527442018E-01
-0.5101078602410680E-15  -0.2863424031224017E-15
 0.1581259468796125E-14   0.6374990613840646E-14
 0.5218923349936959E+00  -0.2923005606940232E-01
-0.1501511800435260E-01   0.8409641447623118E-03
-0.1124097321668452E-14  -0.1104593816898745E-14
 0.6390613383122352E-16  -0.2431351361986866E-14
 0.1119007825918152E+00   0.1977762890031466E+01
 0.8836868223256003E-15   0.6225415269036960E-15
-0.4615313066295582E-01  -0.6488595527442037E-01
-0.5249694418738542E-03  -0.7380462221429801E-03
-0.6754140098386116E-16  -0.2479405300604723E-15
 0.1669378574482317E-14  -0.7126990143224802E-15
-0.1501511800435271E-01   0.8409641447622406E-03
-0.5218923349936930E+00   0.2923005606940083E-01
-0.6708710469978508E-15  -0.5615260782910873E-15
-0.9656496063785501E-15  -0.2955436606308228E-15
 0.3241764495731658E-16   0.1169854144111859E-15
 0.1119007825918144E+00   0.1977762890031450E+01
-0.2136342073437280E+00   0.1232004512741451E+00
 0.1518251884400014E-15  -0.7349740625686208E-15
 0.6042922624316019E-15   0.1983654639914849E-15
-0.3162563017980810E+00  -0.4760502939709931E+00
 0.2864801399274242E+00  -0.1039877895864291E+01
 0.2561517007436991E-15  -0.2583862362119102E-15
 0.4922330311316511E-15   0.1055802230387815E-15
 0.5755851901049608E+00   0.3746694565803873E+00
 0.3677768050278066E-01   0.3055077307214353E+00
 0.9401839248207989E-15  -0.5702139785125219E-15
-0.1808384312464888E-15   0.1332357319050864E-15
-0.8082534768534241E-01   0.1296348415807232E+01
-0.4793754996169142E-01  -0.1242771011711225E+00
-0.6678145648676625E-15   0.1119048357438419E-14
 0.4254307385677314E-15   0.7624603426739174E-15
-0.1008500968486268E+00  -0.2957304041442950E-01
-0.3851574702764526E-01   0.1153170865369062E+01
 0.1778360265321390E-15   0.1003708795474135E-14
-0.5110718029376214E-15   0.7416965873932315E-15
 0.9094719272505128E-01  -0.9742401996498791E-01
 0.1867137286852353E+00  -0.4782798067133553E+00
 0.1118123145510770E-15   0.1157520015509807E-14
-0.7208535739880545E-16  -0.2214781110696083E-15
 0.7092641557560698E+00   0.3131572844790764E+00
-0.2536522250266706E+00   0.1236991923199711E+01
 0.1530984791265291E-15   0.1876466270069522E-14
-0.1322763017718373E-03  -0.3821569681167123E-04
 0.8285764487527388E-01   0.2393824587367876E-01
 0.1845393515771975E-15  -0.1189313435452476E-15
 0.9103908696393330E-15  -0.2944815952564054E-14
 0.2445647820841470E-02   0.7993178045263330E-02
-0.9430242765992361E-04  -0.3082112182967060E-03
 0.8633214095331446E-15  -0.1438079513626514E-15
-0.2724637431776154E-15   0.1192692637051234E-14
-0.3585709176465833E+00   0.3548875748204810E-01
-0.3506073527768316E-02   0.3470058139622648E-03
-0.7810346264659878E-15  -0.5256209254109123E-15
 0.1295639516595390E-14   0.1156990902711001E-14
 0.2615819889918971E+00   0.1610400923884910E+01
-0.2171055946066436E-16  -0.4132807618680811E-16
 0.8285764487527265E-01   0.2393824587367819E-01
 0.1322763017719299E-03   0.3821569681198529E-04
-0.4402660527026038E-16  -0.4100851429390674E-15
 0.2693948275385604E-15   0.4622317180347469E-16
-0.9430242765972891E-04  -0.3082112182965595E-03
-0.2445647820841886E-02  -0.7993178045262568E-02
-0.1803640653344011E-16   0.3095807446305942E-16
-0.6173157531567957E-16  -0.9904427797998324E-16
 0.3506073527768146E-02  -0.3470058139622650E-03
-0.3585709176465804E+00   0.3548875748204938E-01
-0.5015788265213425E-16  -0.8935465001289637E-16
-0.1807491490318507E-16   0.1229756216254762E-15
-0.8615680326291841E-16  -0.5081520057167999E-16
 0.2615819889918949E+00   0.1610400923884903E+01
-0.4991491425391360E+00   0.3819323199714731E+00
-0.1518198734643293E-14   0.2096248943576321E-14
 0.3568047288560150E-14  -0.2728774574406533E-14
 0.3854420792669501E+00   0.9365571350057686E-01
 0.6030786672062215E+00   0.5991001242219933E+00
 0.3574530822782865E-15   0.2656754013151422E-14
-0.5572204290200068E-15   0.2220107671973778E-14
 0.3969891019622054E+00   0.1148521567044356E+00
 0.4045933140031535E+00  -0.3335350208237616E+00
-0.2323223807374347E-14  -0.9539885159778894E-15
 0.2440580221873361E-14   0.9543672201213963E-15
 0.2732111342106315E+00   0.5159574950566818E+00
 0.4190619617137242E-01   0.1170535287331245E+00
 0.1548090514754393E-14   0.1640738777669709E-14
-0.1405199909562942E-14  -0.7052518631617411E-15
-0.3858486382702179E+00   0.1831963504032929E+01
-0.1930999482552853E-14   0.2020229374280730E-14
 0.2453947901414984E+00  -0.1645171420958733E+00
-0.6229968339476827E-02   0.4176684378537709E-02
 0.2848659392471466E-14   0.1032919729127501E-14
 0.4595305582288037E-14   0.4282657156467472E-14
-0.1184215811629592E-02  -0.1186533641375801E-01
-0.1804860084461145E-01  -0.1808392682447067E+00
 0.2963309849350016E-14   0.8740465887927903E-15
 0.3550933175649139E-14  -0.2635847838219747E-14
 0.1096624716928748E-01   0.6655218763850690E-02
-0.2982173532780170E+00  -0.1809827641675053E+00
 0.2150691950381036E-14   0.4139331080166654E-14
 0.7194536877358211E-15   0.1020850512013197E-14
-0.4106306192369498E-02  -0.2643493728553163E-02
 0.1521696423041781E+00   0.9796139797240919E-01
 0.7743789506202311E-14   0.8388272690810280E-14
-0.1314961148542197E+01   0.7457966600040812E+00
 0.5656353814299594E-14  -0.4492643993093686E-14
 0.6229968339476782E-02  -0.4176684378537588E-02
 0.2453947901414975E+00  -0.1645171420958726E+00
-0.4106076548296891E-14  -0.7597473864310484E-15
-0.5243630002669850E-14  -0.6214768063355396E-14
 0.1804860084461086E-01   0.1808392682447073E+00
-0.1184215811628716E-02  -0.1186533641375807E-01
-0.2826611373684046E-14  -0.8933658969665643E-15
-0.4078958634614242E-14   0.4188441789435859E-14
-0.2982173532780183E+00  -0.1809827641675067E+00
-0.1096624716928716E-01  -0.6655218763850388E-02
-0.2052138393813109E-14  -0.4589700972144797E-14
 0.4041819188380060E-15  -0.6613281766942968E-15
 0.1521696423041751E+00   0.9796139797240798E-01
 0.4106306192369566E-02   0.2643493728553948E-02
-0.8868928036219362E-14  -0.1051646491606221E-13
-0.4049504113958424E-15   0.2000320715104642E-15
-0.1314961148542195E+01   0.7457966600040800E+00
 0.4460442917656341E+00  -0.3559409475563411E+00
 0.1232397464370206E-14   0.5078854571433480E-15
-0.1072827860598023E-14   0.4951361262363942E-15
-0.3636203588743539E-01   0.3087175783937453E+00
-0.2221707526094693E+00  -0.4829307918639343E+00
-0.8555630370763102E-16  -0.5842754416551216E-15
 0.1483682964380319E-14  -0.7060353097390543E-15
-0.2508861483760906E+00   0.9592105769733963E-01
 0.5996638495906481E-03   0.4123182262554588E+00
-0.5008285991576158E-15  -0.5580065930663990E-15
-0.1491171074776608E-15  -0.1216036203715778E-15
 0.6222018592087110E-01   0.1404882295723581E+00
 0.3553243598083827E+00   0.1969366150940035E+00
 0.2965180668082874E-16  -0.1008539396595696E-15
 0.2510948757075110E-15  -0.2508678646345754E-15
 0.6586020251030886E+00  -0.3245631661774777E+00
 0.4592657926911911E-14  -0.2209830059623062E-14
-0.6293006183813176E-14   0.3470146785572548E-14
-0.1439482734909192E+01   0.8754416811234575E+00
-0.4005100840485187E-15   0.2729858399020832E-15
-0.2130127100295120E-15   0.1372737556802233E-15
-0.7056038274841291E-16   0.4433668651329237E-16
 0.5388341215496913E-16  -0.3186653502261589E-16
 0.4084454023345103E-15  -0.2856378324831523E-15
-0.1704295267948220E-16   0.1183600506560776E-16
-0.2799405467670229E-15   0.1971791849513185E-15
-0.3676039557393850E-15   0.2597700628621106E-15
 0.2011267163455545E-17   0.7472817648181018E-18
-0.8698298928667865E-16   0.5849319567498552E-16
-0.4523494049248355E-16   0.3200192368862652E-16
-0.1363679444824974E-15   0.9568699918160188E-16
-0.7888001677545810E-17   0.5205689715375175E-17
 0.1959737374789353E-16  -0.1418492220156046E-16
-0.2000816681984701E-17   0.8140365390995849E-18
 0.1001033508750625E-15  -0.6899199287543515E-16
-0.4165697404410566E-16   0.3022255303507136E-16
 0.2070867291143651E-16  -0.1492927336180175E-16
-0.3259191933746534E-16   0.2213319797183442E-16
-0.1181789163456950E+01   0.8313274496398101E+00
-0.8457122901886578E-15   0.1038040625278535E-14
-0.5987163434684978E-15   0.5264667452546867E-15
-0.9238629158288818E-16   0.5748900150635394E-16
 0.9257894328826354E-16  -0.2027105134610143E-15
 0.1758035959868909E-14  -0.4524500544101297E-15
-0.9897874969184325E-16   0.1091724784772411E-15
-0.2773018697175106E-15   0.5127773541863316E-15
-0.3519980838448743E-15  -0.4410643114497289E-15
-0.1233714981354390E-15  -0.8535276137124376E-15
-0.1843247922111703E-15   0.7646327968428617E-16
 0.1133510322418909E-15   0.4177762193646455E-15
 0.2132022230017003E-15   0.1768567143813701E-16
 0.4969400981173709E-16   0.5326477506760640E-16
 0.2380488274680536E-16  -0.4669417893926604E-16
 0.9822546331872105E-16   0.1902846788133638E-15
 0.3256825910664708E-16   0.4343891789826951E-15
 0.2574384767099202E-15  -0.9357271558059937E-16
-0.1057971034237544E-15   0.7320892914823942E-16
 0.2110887929311956E-15  -0.3292635406085744E-15
-0.5571206850659452E-16   0.4043133172349238E-16
-0.1181789163456947E+01   0.8313274496398076E+00
 0.1651831797528501E+00  -0.1228467317369046E+01
-0.9026393642438426E-14   0.6195523707437870E-14
 0.4098967728850987E-15   0.2088718466612079E-14
-0.1445418048110500E+00   0.3904417494453319E+00
-0.3747348008128886E+01   0.1150994541489502E+01
-0.2891710059397117E-14   0.7015142715125479E-15
-0.1874963203450246E-14   0.5285429594211451E-15
 0.7520211409666087E+00   0.9673126714724846E+00
 0.1242238222376929E+01   0.1027794078753676E+01
-0.4870013295792582E-15  -0.7301478124916483E-15
 0.2859688672330192E-14  -0.1336112769243070E-14
 0.1526149755885680E+00  -0.4980260844704916E+00
-0.3362457448806876E+00   0.1003432682203409E+00
 0.8178001349700375E-15  -0.1379868594100746E-14
 0.1653852376700712E-15  -0.2847051182583710E-15
-0.8019205806391731E-01  -0.8377692074044856E+00
 0.1723127363944991E-15  -0.6764403615346869E-14
 0.4972226875975001E-15   0.8933941853458797E-14
 0.1697840205797046E+00   0.6028222075459446E+00
 0.2979995443594842E-17  -0.1155185973961224E-17
 0.2004930116002811E-14  -0.1943678111900491E-14
-0.6141706781706064E+01   0.5159903416641797E+01
-0.3129357433283657E-15  -0.1088586027497581E-15
-0.2398224413201797E+00   0.2087610275367868E+00
-0.9723620682283414E-03   0.8464233096107596E-03
-0.5388542219960568E-15   0.2473561383418605E-15
-0.1581102400567851E-14   0.6771151501684302E-15
-0.4753442085125285E-02   0.8969337887148005E-02
-0.1316823274674097E+00   0.2484732679329901E+00
 0.6770678739423807E-16   0.2893885884730128E-15
 0.8645324916451939E-15  -0.2296700876274607E-15
 0.7053744332602180E-04  -0.1694347207029214E-02
-0.9636699279016600E-02   0.2314786833549618E+00
-0.2395483266795973E-15   0.1243234460320985E-15
-0.2018145637384613E-15   0.2122033351703672E-15
 0.1746847456284330E-03   0.1354672024825952E-03
 0.7106599064779397E-01   0.5511134306599749E-01
-0.5887101655103160E-17  -0.2544716976390864E-15
 0.4762056194662956E-01   0.1651760281194156E-02
 0.1402190883820822E-02   0.4863620070571026E-04
-0.3019665459503211E-15   0.3368338915222440E-15
 0.4815778569434748E-16  -0.3374667774350895E-16
-0.1322148115530452E-14   0.9360545939511503E-15
-0.1309175221685968E-14   0.1310990754500561E-14
-0.1253474857098918E+01   0.8799508932992552E+00
-0.1177733866649829E-14  -0.1826529178006465E-15
 0.9723620682286084E-03  -0.8464233096109582E-03
-0.2398224413201798E+00   0.2087610275367865E+00
-0.1078492569771974E-15   0.1013138910718177E-15
-0.4006769126719499E-14   0.1250849352630645E-14
 0.1316823274674109E+00  -0.2484732679329910E+00
-0.4753442085125201E-02   0.8969337887147755E-02
 0.1040758617826108E-14   0.7193930457788836E-15
 0.1531826224481045E-14   0.9863790800131346E-15
-0.9636699279017323E-02   0.2314786833549620E+00
-0.7053744332590736E-04   0.1694347207029324E-02
 0.1116405133201454E-15  -0.4603824375569861E-15
-0.1828661549250772E-15   0.3310580656888865E-15
 0.7106599064779408E-01   0.5511134306599707E-01
-0.1746847456288454E-03  -0.1354672024822312E-03
 0.7536358829499142E-15  -0.4829224142627373E-15
-0.1402190883820962E-02  -0.4863620070552756E-04
 0.4762056194662942E-01   0.1651760281193955E-02
 0.5099502155620117E-15   0.4740634877331975E-15
-0.1846291344077993E-16   0.1291592769765096E-16
 0.4605087141549000E-16  -0.3475157360958054E-16
-0.4946162466826286E-14   0.3810557947316421E-14
 0.1308632022190004E-15  -0.5242117503967416E-16
-0.1253474857098913E+01   0.8799508932992524E+00
 0.2121292673291487E+00  -0.4817018541982554E+00
-0.3174057752608799E-14   0.1694789264703717E-14
-0.5070569593428809E-15   0.1036782829476466E-14
-0.1316208814073038E+00   0.4453548115223716E-01
-0.1030034733059818E+01   0.3625491754856053E+00
-0.8923400333346632E-15   0.4861900725212775E-15
-0.7247816217632318E-15   0.3126033886644141E-15
 0.3530503722456815E+00   0.1255350828121895E+00
 0.5712917237311612E+00  -0.6255942035871402E-01
-0.3122016209425907E-16  -0.3479421090570214E-15
 0.1630421979732309E-14  -0.9758064649315133E-15
 0.8133571194430771E-01  -0.1785904578249279E+00
-0.1684356734652115E+00   0.2042588311082414E+00
 0.6685149451045458E-15  -0.7357403748021557E-15
-0.2295787199786835E-16  -0.4239563081210468E-16
 0.6264285135989382E-01  -0.6126272095723502E-01
 0.3402795101864146E-15  -0.2762690174021343E-15
-0.8187128716452487E-15   0.8360598585474663E-15
 0.8930383299216661E-01   0.1970240985511468E+00
-0.3621959494176620E-16   0.2555293143002026E-16
 0.6837773882638616E-15  -0.5373381602796264E-15
-0.1637774221421783E+01   0.1021429646658819E+01
-0.5804530850687036E-15   0.4164161392476626E-15
-0.1650598182863352E-14   0.8360202431065777E-15
-0.1812510725779885E+01   0.1044499538803912E+01
 0.4719477128954400E-16  -0.5759390454336254E-15
 0.2089937266120699E-01  -0.1134154165669737E-01
 0.1588535902286889E+00  -0.8620567899814401E-01
-0.4522140862217359E-15   0.2334580837811134E-15
 0.1005089802255781E-14   0.2665692584951700E-15
 0.6625498287357854E-02   0.5622135707709176E-01
-0.1143786358448692E-02  -0.9705718496818377E-02
 0.2893332800806915E-15   0.3148200439888485E-16
 0.6131009995721519E-15  -0.1635469831002685E-15
-0.1616664173768360E+00  -0.2792842379672548E-01
-0.2314294850359269E-01  -0.3998023115756959E-02
 0.3782848466077339E-15  -0.1287750718344562E-15
-0.2395014739464360E-15   0.1686395986755390E-16
-0.3994935816928673E-01  -0.7995391927521391E-01
-0.5320780853059683E-02  -0.1064891408277066E-01
-0.5296016016615572E-14   0.3202517451467354E-14
-0.5984769514116564E-01   0.3708351359816532E-01
-0.5655465767301557E+00   0.3504304404555599E+00
 0.5057017522839259E-15  -0.1234689158906630E-15
 0.6004523191551565E-16  -0.4262139781582628E-16
 0.4023397129417703E-16  -0.4867986744868712E-16
-0.5041968949121597E-15   0.9334772586359980E-15
 0.1853485938157120E-01  -0.1750491509449815E-01
 0.1365964569748123E+00  -0.1290060707949445E+00
-0.3676591402704992E-15   0.4274106876135813E-15
-0.1745155288543991E+01   0.4029542470383716E+00
 0.2118643465075125E-14  -0.6423876220940210E-15
 0.1588535902286907E+00  -0.8620567899814456E-01
-0.2089937266120698E-01   0.1134154165669738E-01
-0.4913890395381870E-16   0.3573274789498239E-16
 0.4090227980550628E-16  -0.4389886525651884E-17
-0.1143786358447974E-02  -0.9705718496818319E-02
-0.6625498287358267E-02  -0.5622135707709132E-01
 0.2229177752233364E-15  -0.5244883932220577E-16
 0.4051150677160247E-15  -0.8108067440035301E-16
 0.2314294850359291E-01   0.3998023115756507E-02
-0.1616664173768339E+00  -0.2792842379672592E-01
 0.1853050576038644E-15  -0.9208953319101705E-16
 0.2950903007077754E-15  -0.5017050563694876E-16
 0.5320780853058506E-02   0.1064891408277045E-01
-0.3994935816928535E-01  -0.7995391927521470E-01
 0.5090427420619253E-14  -0.3155139532723746E-14
-0.5655465767301560E+00   0.3504304404555597E+00
 0.5984769514116452E-01  -0.3708351359816518E-01
 0.2149805161904668E-15  -0.1380318432960658E-15
-0.4796074544503515E-16   0.3451456462263470E-16
 0.9309300025390846E-15  -0.5258451523378962E-15
 0.4123845979487673E-15  -0.1729947219677782E-15
 0.1365964569748127E+00  -0.1290060707949452E+00
-0.1853485938157126E-01   0.1750491509449801E-01
-0.1087945946404288E-15   0.5083509443986237E-16
 0.1729302465114380E-15   0.1783512573738655E-16
-0.1745155288543992E+01   0.4029542470383718E+00
-0.5794116320914980E-01  -0.1463475459977726E+00
-0.6496450246532791E-15   0.1169663048902247E-14
-0.3926482652389385E-16   0.2626002918178095E-15
-0.8342550159144931E-02   0.8976017004122337E-01
-0.4462968563586697E+00   0.3744667555799269E+00
-0.6063294774922832E-15   0.1890424001122428E-15
-0.1091771533510476E-14   0.3287766239282564E-15
-0.2163296195893274E+00   0.1830129421387593E+00
 0.2360816167822408E+00   0.3961743700070937E-01
-0.4164382588669773E-15   0.6297761873272912E-16
-0.1308901833452655E-15  -0.1886049754749788E-15
 0.2564271797313394E+00  -0.2101671847401831E+00
-0.2263594394266570E+00   0.1834563321162540E+00
 0.8101483119384642E-15  -0.3963378108779154E-15
-0.2601094932014550E-15   0.1366860749861528E-15
-0.1272169001521012E+00  -0.7501867715907923E-01
-0.9593744666045023E-15  -0.6836946029568846E-15
 0.1908826694861812E-14   0.5897515086403221E-15
 0.2592438906264978E+00  -0.3242497193793370E-01
 0.4745904738494835E-16  -0.3355915701309915E-16
-0.4240136216320054E-15  -0.3304731219090448E-15
 0.5543612427923421E-02   0.7305126223113049E+00
 0.2342887913575747E-16   0.1195846928646754E-15
-0.1864582075954516E-16   0.7233032847004012E-15
 0.9460703086857752E-01   0.1426031811697183E+00
-0.2634554601574130E-15   0.5944868006174591E-16
 0.6124073307775368E-16  -0.1558715252794460E-16
-0.1637835030900706E+01   0.3558168582159574E+00
 0.2223803206754751E+00  -0.1862268300915149E+00
 0.2631338980867000E-14   0.3407939624969922E-15
-0.1217538254637320E-14   0.4436332654784877E-15
-0.1404199736993345E+00   0.4702901184541512E-01
 0.1613832418337544E-01  -0.5005500469304819E-01
-0.1122643945508854E-15   0.3926419840710143E-17
 0.2845622698448671E-15  -0.1502587575923229E-15
-0.3263889984339894E+00   0.1817432467989988E+00
-0.5355008162423371E-03   0.6565518811226093E-01
-0.6605308364920292E-15   0.1147652350561053E-15
 0.1739681692586367E-15  -0.2215621763711770E-15
 0.7828741401780605E-01  -0.2501579500190890E-01
 0.7392883586384223E-01  -0.7668678140781181E-01
 0.7340162495520929E-15  -0.1780877320398855E-15
-0.6997045859856045E-16  -0.6987496418120997E-16
 0.2948142597391467E+00  -0.1544265541815443E+00
 0.1966907039238238E-14  -0.1096234119825560E-14
-0.2506650245711694E-14   0.1531277934918927E-14
-0.6995699081057452E+00   0.2312829532612159E+00
 0.1950567597711219E-16  -0.1393659768298161E-16
 0.2738908973154768E-15  -0.2837937581906183E-15
 0.6934652060686333E+00   0.3706659188149547E+00
-0.8472522840036629E-15   0.3325972493512562E-15
 0.7114259389971013E-15   0.4300672701427908E-15
 0.2315040780188153E+00   0.1831867922277116E+00
 0.1194576970642919E-15  -0.3537926692778467E-16
 0.1586200055321519E-15  -0.3647471281548631E-16
-0.9925637818632889E-01  -0.2804799993903539E-01
-0.2158086531964422E+01   0.2691976839652046E+00
-0.1868648164118411E+00   0.2647540821077641E+01
 0.1555189057561272E-14  -0.4049539204190464E-15
 0.6626470612744887E+00   0.3135202507006231E+01
 0.1985781977517807E-14   0.3310466549366365E-14
 0.3992072633156622E-15   0.1172691704485161E-15
 0.6626470612744876E+00   0.3135202507006218E+01
 0.1000779544922354E+00  -0.5123989267547308E+00
-0.9871719377710168E-15   0.2294273363367782E-16
 0.5355766710126644E-15   0.1895661321458765E-14
 0.4681601321776686E-01   0.1254894210159267E+01
-0.2458942192401200E+00  -0.1845467615934364E+01
 0.3138518168583251E-15   0.9859937563755328E-14
 0.4680114214866472E-15   0.5049735102911501E-14
 0.9651175428793604E-01   0.7530201518733510E+00
 0.3677433083660182E+01   0.1454999269597056E+02
 0.9630152964519995E-15  -0.1458450772803002E-14
-0.2363556676852424E-01  -0.6717865478850192E-02
 0.5885616437335086E+00   0.1672850914613628E+00
 0.6496985617157018E-15   0.1951575188798494E-14
 0.1303810672366947E-14   0.7013818248686208E-14
 0.6864385424234659E+00   0.2455260840363076E+01
-0.8760112997562201E-15  -0.1146282343504161E-14
-0.5885616437335086E+00  -0.1672850914613620E+00
-0.2363556676852490E-01  -0.6717865478852117E-02
 0.3932743829413545E-15   0.4165158904828841E-15
 0.5789947496709646E-15   0.3429701943371776E-14
-0.1615461237003402E-15  -0.2951198313505543E-15
 0.6864385424234649E+00   0.2455260840363064E+01
-0.1548793947700245E+00  -0.6040252318635648E+00
-0.1172292972186154E-15   0.5879892264938911E-15
 0.5994488717998077E-15   0.1750554861603982E-14
-0.3869059913392729E+00  -0.2224285982951541E+00
-0.3302944025098286E+00  -0.4855139785905243E+00
-0.6359168765626001E-15  -0.5962272854058922E-15
 0.1357385581012750E-15  -0.6576846150713392E-16
-0.7020066470505580E+00   0.1249982537740875E+01
-0.3209672231797520E-01  -0.8670194055401026E-01
 0.1841869468057669E-15  -0.1766702681226786E-14
 0.1180378728434089E-15   0.1147340404439386E-15
 0.2523664085075182E-01  -0.2468318608413340E+00
-0.1275098291199763E+01  -0.3532588198482714E+01
-0.1853134995314021E-15  -0.2677870412865149E-14
 0.1999495257553713E-15  -0.1115534276727056E-14
 0.3694202861732339E+00   0.1151102717724694E+01
-0.1110345298664622E+00   0.4009932304745208E+01
-0.7583552180429041E-15  -0.1911502521391010E-14
-0.1026963478030646E-02   0.7380462221434137E-03
 0.9028635918018517E-01  -0.6488595527442018E-01
-0.3099158974990938E-15  -0.2863424031224017E-15
 0.2283237688856945E-14   0.6374990613840646E-14
 0.4494122715226795E+00  -0.2923005606940232E-01
-0.1292982831334102E-01   0.8409641447623118E-03
-0.1014904689539332E-14  -0.1104593816898745E-14
 0.1416602963597718E-15  -0.2431351361986866E-14
 0.4806217967207945E-01   0.1977762890031466E+01
 0.6853685837512080E-15   0.6225415269036960E-15
 0.9028635918018373E-01  -0.6488595527442037E-01
 0.1026963478030899E-02  -0.7380462221429801E-03
-0.1044869200643537E-15  -0.2479405300604723E-15
 0.9882932378087516E-15  -0.7126990143224802E-15
-0.1292982831334120E-01   0.8409641447622406E-03
-0.4494122715226767E+00   0.2923005606940083E-01
-0.4263548364218515E-15  -0.5615260782910873E-15
-0.7039628933110941E-15  -0.2955436606308228E-15
 0.6613633252161577E-16   0.1169854144111859E-15
 0.4806217967207836E-01   0.1977762890031450E+01
-0.1911924591707589E+00   0.1232004512741451E+00
-0.1050734446001349E-15  -0.7349740625686208E-15
 0.3893267790993557E-15   0.1983654639914849E-15
-0.3276187849638592E+00  -0.4760502939709931E+00
 0.1635227311335039E+00  -0.1039877895864291E+01
 0.2283027589306125E-15  -0.2583862362119102E-15
 0.4775685538558609E-15   0.1055802230387815E-15
 0.5392477435973690E+00   0.3746694565803873E+00
 0.1386439256171336E+00   0.3055077307214353E+00
 0.8026841248760286E-15  -0.5702139785125219E-15
-0.3422713846885982E-16   0.1332357319050864E-15
-0.1325787124822260E+00   0.1296348415807232E+01
-0.7215782603847457E-01  -0.1242771011711225E+00
-0.2256070109814122E-15   0.1119048357438419E-14
 0.6186196412676801E-15   0.7624603426739174E-15
-0.1010054851814280E+00  -0.2957304041442950E-01
 0.7121573853640904E-01   0.1153170865369062E+01
 0.2059012889217950E-15   0.1003708795474135E-14
-0.3820891055008249E-15   0.7416965873932315E-15
 0.1125586071037089E+00  -0.9742401996498791E-01
 0.1034405975206225E+00  -0.4782798067133553E+00
 0.1853121854192968E-15   0.1157520015509807E-14
-0.2730089452236493E-15  -0.2214781110696083E-15
 0.7042152932027168E+00   0.3131572844790764E+00
-0.3216155798460493E+00   0.1236991923199711E+01
 0.3935295339892026E-15   0.1876466270069522E-14
-0.2001286368274147E-03  -0.3821569681167123E-04
 0.1253602292889305E+00   0.2393824587367876E-01
 0.6275662757392558E-16  -0.1189313435452476E-15
 0.4615205524936818E-15  -0.2944815952564054E-14
-0.5400544252198128E-01   0.7993178045263330E-02
 0.2082411168632640E-02  -0.3082112182967060E-03
 0.8826285668345276E-15  -0.1438079513626514E-15
-0.3453158247235085E-16   0.1192692637051234E-14
-0.3904687455115370E+00   0.3548875748204810E-01
-0.3817967561463580E-02   0.3470058139622648E-03
-0.6361976417427743E-15  -0.5256209254109123E-15
 0.1185950271831191E-14   0.1156990902711001E-14
 0.1441396192403328E+00   0.1610400923884910E+01
-0.4690318602059065E-17  -0.4132807618680811E-16
 0.1253602292889298E+00   0.2393824587367819E-01
 0.2001286368274630E-03   0.3821569681198529E-04
-0.5381833829008025E-16  -0.4100851429390674E-15
 0.1914665364913516E-15   0.4622317180347469E-16
 0.2082411168632792E-02  -0.3082112182965595E-03
 0.5400544252198113E-01  -0.7993178045262568E-02
-0.4483918032082006E-16   0.3095807446305942E-16
-0.2516106929750325E-16  -0.9904427797998324E-16
 0.3817967561463475E-02  -0.3470058139622650E-03
-0.3904687455115338E+00   0.3548875748204938E-01
-0.4984224198015849E-16  -0.8935465001289637E-16
-0.2372134390860634E-16   0.1229756216254762E-15
-0.7431867079209231E-16  -0.5081520057167999E-16
 0.1441396192403309E+00   0.1610400923884903E+01
-0.2918652591710854E+00   0.3819323199714731E+00
-0.3679506440438700E-15   0.2096248943576321E-14
 0.1687360735224106E-14  -0.2728774574406533E-14
 0.3063982066118357E+00   0.9365571350057686E-01
 0.5609559896245528E+00   0.5991001242219933E+00
 0.7470645409492121E-15   0.2656754013151422E-14
-0.1426056023083797E-15   0.2220107671973778E-14
 0.2781828211846062E+00   0.1148521567044356E+00
 0.5318589505910718E+00  -0.3335350208237616E+00
-0.2689650546974093E-14  -0.9539885159778894E-15
 0.2530538662182754E-14   0.9543672201213963E-15
 0.2052168595609275E+00   0.5159574950566818E+00
 0.1138092745748917E+00   0.1170535287331245E+00
 0.1357002312711469E-14   0.1640738777669709E-14
-0.1288002093414246E-14  -0.7052518631617411E-15
-0.4979384652973955E+00   0.1831963504032929E+01
-0.6527508772278951E-15   0.2020229374280730E-14
 0.1262846613141242E+00  -0.1645171420958733E+00
-0.3206056009970204E-02   0.4176684378537709E-02
 0.2333023635006003E-14   0.1032919729127501E-14
 0.4339260609177911E-14   0.4282657156467472E-14
-0.3664976284298628E-02  -0.1186533641375801E-01
-0.5585780346002845E-01  -0.1808392682447067E+00
 0.2099299567613895E-14   0.8740465887927903E-15
 0.4605111184623732E-14  -0.2635847838219747E-14
 0.1087967710779777E-01   0.6655218763850690E-02
-0.2958631573336764E+00  -0.1809827641675053E+00
 0.1552569927650216E-14   0.4139331080166654E-14
 0.1234092513659161E-14   0.1020850512013197E-14
-0.3717052310661158E-02  -0.2643493728553163E-02
 0.1377448475689153E+00   0.9796139797240919E-01
 0.6190972005839690E-14   0.8388272690810280E-14
-0.1249919640662358E+01   0.7457966600040812E+00
 0.3267767788871728E-14  -0.4492643993093686E-14
 0.3206056009970220E-02  -0.4176684378537588E-02
 0.1262846613141232E+00  -0.1645171420958726E+00
-0.3352941242013946E-14  -0.7597473864310484E-15
-0.4922433142488519E-14  -0.6214768063355396E-14
 0.5585780346002828E-01   0.1808392682447073E+00
-0.3664976284297745E-02  -0.1186533641375807E-01
-0.1710961537316961E-14  -0.8933658969665643E-15
-0.5412311082635328E-14   0.4188441789435859E-14
-0.2958631573336775E+00  -0.1809827641675067E+00
-0.1087967710779750E-01  -0.6655218763850388E-02
-0.1374152469847510E-14  -0.4589700972144797E-14
-0.3922513447351568E-15  -0.6613281766942968E-15
 0.1377448475689126E+00   0.9796139797240798E-01
 0.3717052310661177E-02   0.2643493728553948E-02
-0.7056490509483485E-14  -0.1051646491606221E-13
-0.3807757734438494E-15   0.2000320715104642E-15
-0.1249919640662355E+01   0.7457966600040800E+00
 0.1886981733194081E+00  -0.3559409475563411E+00
 0.6594217887448064E-15   0.5078854571433480E-15
-0.3814354971431774E-15   0.4951361262363942E-15
 0.5918162993713177E-01   0.3087175783937453E+00
-0.1314457371839722E+00  -0.4829307918639343E+00
-0.6343783155961714E-16  -0.5842754416551216E-15
 0.1284477354777164E-14  -0.7060353097390543E-15
-0.1710522500705447E+00   0.9592105769733963E-01
-0.4297663404828371E-02   0.4123182262554588E+00
-0.2789752190932435E-15  -0.5580065930663990E-15
 0.3368135280707112E-16  -0.1216036203715778E-15
 0.2574126082126640E-01   0.1404882295723581E+00
 0.3109376503311320E+00   0.1969366150940035E+00
-0.8080875879321343E-16  -0.1008539396595696E-15
 0.2559860800676181E-15  -0.2508678646345754E-15
 0.4870019868723980E+00  -0.3245631661774777E+00
 0.3294562432037935E-14  -0.2209830059623062E-14
-0.4651942747814967E-14   0.3470146785572548E-14
-0.1306583792338014E+01   0.8754416811234575E+00
-0.3777043363178750E-15   0.2729858399020832E-15
-0.1983990908411196E-15   0.1372737556802233E-15
-0.6556388325999884E-16   0.4433668651329237E-16
 0.4950277641316483E-16  -0.3186653502261589E-16
 0.3871477064017422E-15  -0.2856378324831523E-15
-0.1605184743553161E-16   0.1183600506560776E-16
-0.2656888285743836E-15   0.1971791849513185E-15
-0.3491819627439410E-15   0.2597700628621106E-15
 0.1323479923016578E-17   0.7472817648181018E-18
-0.8184503434444248E-16   0.5849319567498552E-16
-0.4293453473225064E-16   0.3200192368862652E-16
-0.1294114480743208E-15   0.9568699918160188E-16
-0.7348857463816128E-17   0.5205689715375175E-17
 0.1872595669568013E-16  -0.1418492220156046E-16
-0.1773586969867210E-17   0.8140365390995849E-18
 0.9461919787816781E-16  -0.6899199287543515E-16
-0.3982944827585919E-16   0.3022255303507136E-16
 0.1976551459976592E-16  -0.1492927336180175E-16
-0.3072880503670426E-16   0.2213319797183442E-16
-0.1121686976828517E+01   0.8313274496398101E+00
-0.9358387111505951E-15   0.1038040625278535E-14
-0.2936587149431354E-15   0.5264667452546867E-15
-0.1124897224294183E-15   0.5748900150635394E-16
 0.8779789292313075E-16  -0.2027105134610143E-15
 0.1229581363780059E-14  -0.4524500544101297E-15
-0.7731686134716650E-16   0.1091724784772411E-15
-0.1356053495516755E-15   0.5127773541863316E-15
-0.2576204409448690E-15  -0.4410643114497289E-15
 0.2374733731704529E-15  -0.8535276137124376E-15
-0.1700398325636558E-15   0.7646327968428617E-16
 0.6185322953785295E-16   0.4177762193646455E-15
 0.2317650494081293E-15   0.1768567143813701E-16
-0.2060601359177206E-16   0.5326477506760640E-16
 0.2948209640308951E-16  -0.4669417893926604E-16
 0.2445954527421570E-16   0.1902846788133638E-15
-0.1187668019292530E-15   0.4343891789826951E-15
 0.1282642205233685E-15  -0.9357271558059937E-16
-0.9456907946760460E-16   0.7320892914823942E-16
 0.2993382929391479E-15  -0.3292635406085744E-15
-0.5319099326827310E-16   0.4043133172349238E-16
-0.1121686976828514E+01   0.8313274496398076E+00
 0.5515901413387505E+00  -0.1228467317369046E+01
-0.8432043583882398E-14   0.6195523707437870E-14
-0.2586945431073577E-15   0.2088718466612079E-14
-0.1698636526662298E+00   0.3904417494453319E+00
-0.2527055628141802E+01   0.1150994541489502E+01
-0.1739070830816192E-14   0.7015142715125479E-15
-0.1267450346651589E-14   0.5285429594211451E-15
 0.4503068164767360E+00   0.9673126714724846E+00
 0.3502591411257445E+00   0.1027794078753676E+01
 0.6683841591146627E-15  -0.7301478124916483E-15
 0.2934411744230543E-14  -0.1336112769243070E-14
 0.9098206475230770E-01  -0.4980260844704916E+00
-0.1507201485092441E+00   0.1003432682203409E+00
 0.6229678547428104E-15  -0.1379868594100746E-14
 0.2678599211717057E-15  -0.2847051182583710E-15
 0.3040852110592162E+00  -0.8377692074044856E+00
 0.3041701511028979E-14  -0.6764403615346869E-14
-0.3470237717402838E-14   0.8933941853458797E-14
-0.1551219393142086E+00   0.6028222075459446E+00
 0.2563192172182420E-17  -0.1155185973961224E-17
 0.2457325258115523E-14  -0.1943678111900491E-14
-0.6838397646161761E+01   0.5159903416641797E+01
-0.2111428395628668E-15  -0.1088586027497581E-15
-0.9810965209046695E-01   0.2087610275367868E+00
-0.3977863943619981E-03   0.8464233096107596E-03
-0.5087949484230668E-15   0.2473561383418605E-15
-0.1198360077038780E-14   0.6771151501684302E-15
-0.2379812300169177E-02   0.8969337887148005E-02
-0.6592679936134764E-01   0.2484732679329901E+00
-0.7716400009101775E-16   0.2893885884730128E-15
 0.7004201520140401E-15  -0.2296700876274607E-15
 0.2165469023224483E-03  -0.1694347207029214E-02
-0.2958425028015606E-01   0.2314786833549618E+00
-0.3135065640489495E-15   0.1243234460320985E-15
-0.6622085723257241E-16   0.2122033351703672E-15
 0.9131632521492138E-04   0.1354672024825952E-03
 0.3714969552931018E-01   0.5511134306599749E-01
 0.2552760101972807E-15  -0.2544716976390864E-15
-0.8959699236782935E-02   0.1651760281194156E-02
-0.2638189907476584E-03   0.4863620070571026E-04
-0.2399832552949270E-15   0.3368338915222440E-15
 0.4569825668567632E-16  -0.3374667774350895E-16
-0.1262407847171216E-14   0.9360545939511503E-15
-0.1485613675133947E-14   0.1310990754500561E-14
-0.1198294379804613E+01   0.8799508932992552E+00
-0.3887418205159123E-15  -0.1826529178006465E-15
 0.3977863943621850E-03  -0.8464233096109582E-03
-0.9810965209046779E-01   0.2087610275367865E+00
-0.1083708111033465E-15   0.1013138910718177E-15
-0.2675539431855235E-14   0.1250849352630645E-14
 0.6592679936134870E-01  -0.2484732679329910E+00
-0.2379812300169070E-02   0.8969337887147755E-02
 0.7126920474656419E-15   0.7193930457788836E-15
 0.7254729203650890E-15   0.9863790800131346E-15
-0.2958425028015692E-01   0.2314786833549620E+00
-0.2165469023223006E-03   0.1694347207029324E-02
 0.3083453774744297E-16  -0.4603824375569861E-15
 0.5828086708031208E-16   0.3310580656888865E-15
 0.3714969552931017E-01   0.5511134306599707E-01
-0.9131632521534370E-04  -0.1354672024822312E-03
 0.3265575556071971E-15  -0.4829224142627373E-15
 0.2638189907474857E-03  -0.4863620070552756E-04
-0.8959699236782897E-02   0.1651760281193955E-02
 0.2043757172646377E-15   0.4740634877331975E-15
-0.1750994031290937E-16   0.1291592769765096E-16
 0.4285914129132072E-16  -0.3475157360958054E-16
-0.5550259896850796E-14   0.3810557947316421E-14
 0.1135701775678566E-15  -0.5242117503967416E-16
-0.1198294379804610E+01   0.8799508932992524E+00
 0.2385197017196539E+00  -0.4817018541982554E+00
-0.3286955938352461E-14   0.1694789264703717E-14
-0.6968803012224894E-15   0.1036782829476466E-14
-0.9809319428321987E-01   0.4453548115223716E-01
-0.6359966165340588E+00   0.3625491754856053E+00
-0.5407285344615968E-15   0.4861900725212775E-15
-0.7113970179478966E-15   0.3126033886644141E-15
 0.2007039840058495E+00   0.1255350828121895E+00
 0.3726197521863354E+00  -0.6255942035871402E-01
 0.1619653074533764E-15  -0.3479421090570214E-15
 0.1823501618731330E-14  -0.9758064649315133E-15
 0.3629154726715917E-02  -0.1785904578249279E+00
-0.5479014667348331E-01   0.2042588311082414E+00
 0.4994662686222262E-15  -0.7357403748021557E-15
 0.6527392327017982E-17  -0.4239563081210468E-16
-0.4343391840292803E-02  -0.6126272095723502E-01
-0.1787427196364328E-15  -0.2762690174021343E-15
-0.1188052324017156E-15   0.8360598585474663E-15
 0.3289293870921515E-01   0.1970240985511468E+00
-0.3438570804838050E-16   0.2555293143002026E-16
 0.7293303864779825E-15  -0.5373381602796264E-15
-0.1747170945330384E+01   0.1021429646658819E+01
-0.7469821590209608E-15   0.4164161392476626E-15
-0.1893691321517945E-14   0.8360202431065777E-15
-0.1875874967799589E+01   0.1044499538803912E+01
-0.2071866630257582E-15  -0.5759390454336254E-15
 0.6386067733454396E-02  -0.1134154165669737E-01
 0.4853972429449344E-01  -0.8620567899814401E-01
-0.4631411541476562E-15   0.2334580837811134E-15
 0.1021946730931396E-14   0.2665692584951700E-15
 0.4931889000433872E-01   0.5622135707709176E-01
-0.8514117905430321E-02  -0.9705718496818377E-02
 0.1913538704688874E-15   0.3148200439888485E-16
 0.5020503756839184E-15  -0.1635469831002685E-15
-0.1395829391561003E+00  -0.2792842379672548E-01
-0.1998164383973413E-01  -0.3998023115756959E-02
 0.3490443863922964E-15  -0.1287750718344562E-15
-0.2374460034650891E-15   0.1686395986755390E-16
-0.1398020623226631E-01  -0.7995391927521391E-01
-0.1861997715389631E-02  -0.1064891408277066E-01
-0.4619486155767632E-14   0.3202517451467354E-14
-0.5334111147258246E-01   0.3708351359816532E-01
-0.5040608986051111E+00   0.3504304404555599E+00
 0.4188949561462474E-15  -0.1234689158906630E-15
 0.5708535888075899E-16  -0.4262139781582628E-16
 0.3285193839237023E-16  -0.4867986744868712E-16
-0.4337062284773049E-15   0.9334772586359980E-15
 0.1179845178999997E-01  -0.1750491509449815E-01
 0.8695111622505992E-01  -0.1290060707949445E+00
-0.2811705276147384E-15   0.4274106876135813E-15
-0.1667625767900969E+01   0.4029542470383716E+00
 0.1994499253222556E-14  -0.6423876220940210E-15
 0.4853972429449500E-01  -0.8620567899814456E-01
-0.6386067733454495E-02   0.1134154165669738E-01
-0.2620505624500378E-16   0.3573274789498239E-16
 0.6357836803346618E-16  -0.4389886525651884E-17
-0.8514117905429594E-02  -0.9705718496818319E-02
-0.4931889000433894E-01  -0.5622135707709132E-01
 0.2427752502147735E-15  -0.5244883932220577E-16
 0.3878740839108520E-15  -0.8108067440035301E-16
 0.1998164383973432E-01   0.3998023115756507E-02
-0.1395829391560983E+00  -0.2792842379672592E-01
 0.1719884209539464E-15  -0.9208953319101705E-16
 0.2692032518057296E-15  -0.5017050563694876E-16
 0.1861997715388489E-02   0.1064891408277045E-01
-0.1398020623226507E-01  -0.7995391927521470E-01
 0.4562194297393851E-14  -0.3155139532723746E-14
-0.5040608986051116E+00   0.3504304404555597E+00
 0.5334111147258144E-01  -0.3708351359816518E-01
 0.1806148354013664E-15  -0.1380318432960658E-15
-0.4561950326329681E-16   0.3451456462263470E-16
 0.8003370099618728E-15  -0.5258451523378962E-15
 0.3938558553811453E-15  -0.1729947219677782E-15
 0.8695111622506010E-01  -0.1290060707949452E+00
-0.1179845179000000E-01   0.1750491509449801E-01
-0.6424174345231569E-16   0.5083509443986237E-16
 0.1686747529844324E-15   0.1783512573738655E-16
-0.1667625767900969E+01   0.4029542470383718E+00
 0.1457382190542327E-01  -0.1463475459977726E+00
-0.4032404030540036E-15   0.1169663048902247E-14
-0.8124155665680276E-16   0.2626002918178095E-15
-0.2169391403048419E-01   0.8976017004122337E-01
-0.3450615036209167E+00   0.3744667555799269E+00
-0.5191585491222310E-15   0.1890424001122428E-15
-0.9831859424739722E-15   0.3287766239282564E-15
-0.2204503125777993E+00   0.1830129421387593E+00
 0.1448717333534597E+00   0.3961743700070937E-01
-0.2908047077362097E-15   0.6297761873272912E-16
-0.2261076251090664E-15  -0.1886049754749788E-15
 0.2837744805256735E+00  -0.2101671847401831E+00
-0.2491483213961439E+00   0.1834563321162540E+00
 0.8386987721709421E-15  -0.3963378108779154E-15
-0.2572162639011315E-15   0.1366860749861528E-15
-0.3440745557806425E-01  -0.7501867715907923E-01
-0.2598105966715107E-15  -0.6836946029568846E-15
 0.9061850095491301E-15   0.5897515086403221E-15
 0.2117067684980281E+00  -0.3242497193793370E-01
 0.4509007664481850E-16  -0.3355915701309915E-16
-0.4316852923240854E-15  -0.3304731219090448E-15
 0.1581224267575850E-01   0.7305126223113049E+00
 0.4695652683142726E-16   0.1195846928646754E-15
 0.6078034882717160E-16   0.7233032847004012E-15
 0.1090877148481152E+00   0.1426031811697183E+00
-0.3301936156684285E-15   0.5944868006174591E-16
 0.6043834936986792E-16  -0.1558715252794460E-16
-0.1644689130613566E+01   0.3558168582159574E+00
 0.4158731324132743E-01  -0.1862268300915149E+00
 0.2051226795386613E-14   0.3407939624969922E-15
-0.8113731523907947E-15   0.4436332654784877E-15
-0.6354188401992474E-01   0.4702901184541512E-01
 0.6837008555888781E-01  -0.5005500469304819E-01
-0.1612935447295276E-15   0.3926419840710143E-17
-0.1029330363136516E-17  -0.1502587575923229E-15
-0.2989147574331007E+00   0.1817432467989988E+00
 0.9216156416942881E-01   0.6565518811226093E-01
-0.6648326026674246E-15   0.1147652350561053E-15
 0.4757319577184193E-15  -0.2215621763711770E-15
 0.1037573133978757E-01  -0.2501579500190890E-01
 0.1069783747023504E+00  -0.7668678140781181E-01
 0.5605820557451086E-15  -0.1780877320398855E-15
-0.9857892973820866E-16  -0.6987496418120997E-16
 0.3405921439878245E-01  -0.1544265541815443E+00
 0.3546201114769699E-16  -0.1096234119825560E-14
 0.8638948309145134E-16   0.1531277934918927E-14
-0.4949238495797023E+00   0.2312829532612159E+00
 0.1856003031652062E-16  -0.1393659768298161E-16
 0.2604239975306958E-15  -0.2837937581906183E-15
 0.5509598542848596E+00   0.3706659188149547E+00
-0.9122800962848123E-15   0.3325972493512562E-15
 0.4160211932430232E-15   0.4300672701427908E-15
 0.1000751543372294E+00   0.1831867922277116E+00
 0.1022212674385664E-15  -0.3537926692778467E-16
 0.1545758167361906E-15  -0.3647471281548631E-16
-0.8082395865827804E-01  -0.2804799993903539E-01
-0.2069970418369901E+01   0.2691976839652046E+00
 0.4528857412641751E-01   0.2647540821077641E+01
 0.8708797013569712E-15  -0.4049539204190464E-15
 0.9186124999891278E+00   0.3135202507006231E+01
 0.2425797673363548E-14   0.3310466549366365E-14
 0.2322623633677599E-15   0.1172691704485161E-15
 0.9186124999891238E+00   0.3135202507006218E+01
-0.8035533830889287E-01  -0.5123989267547308E+00
-0.7181751984391742E-15   0.2294273363367782E-16
 0.9333951204103124E-15   0.1895661321458765E-14
 0.3299949254076880E-01   0.1254894210159267E+01
-0.1061452030249298E+01  -0.1845467615934364E+01
 0.5301291008104684E-14   0.9859937563755328E-14
 0.2153041349742531E-14   0.5049735102911501E-14
 0.3369208755711067E+00   0.7530201518733510E+00
 0.5318254461826609E+01   0.1454999269597056E+02
-0.8414611223721016E-16  -0.1458450772803002E-14
-0.1639627722164366E-01  -0.6717865478850192E-02
 0.4082922980942567E+00   0.1672850914613628E+00
 0.7610327068042366E-15   0.1951575188798494E-14
 0.2258467652520216E-14   0.7013818248686208E-14
 0.6586760995366497E+00   0.2455260840363076E+01
-0.5541570924577512E-15  -0.1146282343504161E-14
-0.4082922980942566E+00  -0.1672850914613620E+00
-0.1639627722164419E-01  -0.6717865478852117E-02
 0.2704463919217604E-15   0.4165158904828841E-15
 0.1029937595569510E-14   0.3429701943371776E-14
-0.1138412281109780E-15  -0.2951198313505543E-15
 0.6586760995366469E+00   0.2455260840363064E+01
-0.6176944646908836E-01  -0.6040252318635648E+00
-0.2096354937781225E-15   0.5879892264938911E-15
 0.5498596033351393E-15   0.1750554861603982E-14
-0.3345913014473754E+00  -0.2224285982951541E+00
 0.3674797139195227E-01  -0.4855139785905243E+00
-0.2632373191780404E-15  -0.5962272854058922E-15
 0.1005479552884147E-15  -0.6576846150713392E-16
-0.7562138618309077E+00   0.1249982537740875E+01
 0.2560505198047605E+00  -0.8670194055401026E-01
-0.1512137133326115E-14  -0.1766702681226786E-14
-0.4272625016144633E-15   0.1147340404439386E-15
-0.1022148659197553E+00  -0.2468318608413340E+00
-0.5947555794814807E+00  -0.3532588198482714E+01
 0.1141859966394922E-15  -0.2677870412865149E-14
 0.3038333133248609E-15  -0.1115534276727056E-14
 0.2357118777239051E+00   0.1151102717724694E+01
-0.1399838296046333E+00   0.4009932304745208E+01
-0.1285690749060527E-14  -0.1911502521391010E-14
 0.5934651539879802E-05   0.7380462221434137E-03
-0.5217498888550239E-03  -0.6488595527442018E-01
-0.3068879195260685E-15  -0.2863424031224017E-15
 0.2002068062615817E-14   0.6374990613840646E-14
 0.2524539569651089E+00  -0.2923005606940232E-01
-0.7263233621820853E-02   0.8409641447623118E-03
-0.8732859289223441E-15  -0.1104593816898745E-14
 0.6248577503466902E-15  -0.2431351361986866E-14
 0.2121260652650801E+00   0.1977762890031466E+01
 0.5679530471932744E-15   0.6225415269036960E-15
-0.5217498888559040E-03  -0.6488595527442037E-01
-0.5934651539639546E-05  -0.7380462221429801E-03
-0.1183828649428871E-15  -0.2479405300604723E-15
-0.2102188602283519E-15  -0.7126990143224802E-15
-0.7263233621820993E-02   0.8409641447622406E-03
-0.2524539569651071E+00   0.2923005606940083E-01
-0.2013076604325451E-15  -0.5615260782910873E-15
 0.2397441013680189E-15  -0.2955436606308228E-15
 0.7199102425303749E-16   0.1169854144111859E-15
 0.2121260652650783E+00   0.1977762890031450E+01
-0.1257951876766512E+00   0.1232004512741451E+00
-0.5752793131086357E-15  -0.7349740625686208E-15
 0.5525473314982964E-15   0.1983654639914849E-15
-0.3494767261170369E+00  -0.4760502939709931E+00
-0.1924640027840375E+00  -0.1039877895864291E+01
 0.2616152130204204E-15  -0.2583862362119102E-15
 0.5028001337924737E-15   0.1055802230387815E-15
 0.5213138846086812E+00   0.3746694565803873E+00
 0.5824769602841731E-01   0.3055077307214353E+00
 0.4456210402130993E-15  -0.5702139785125219E-15
 0.4831201881376026E-16   0.1332357319050864E-15
-0.1952947102133177E+00   0.1296348415807232E+01
-0.2746792021049308E+00  -0.1242771011711225E+00
 0.8276488752582134E-16   0.1119048357438419E-14
 0.9715972837594909E-15   0.7624603426739174E-15
-0.1167426532684686E+00  -0.2957304041442950E-01
 0.2145915579202538E+00   0.1153170865369062E+01
 0.1019279374238687E-15   0.1003708795474135E-14
-0.2526894845037011E-15   0.7416965873932315E-15
 0.1814119804434419E+00  -0.9742401996498791E-01
 0.1535825542346634E+00  -0.4782798067133553E+00
 0.3367473400376416E-15   0.1157520015509807E-14
-0.4314660458696003E-15  -0.2214781110696083E-15
 0.5417869619509437E+00   0.3131572844790764E+00
-0.6469428274744317E+00   0.1236991923199711E+01
 0.1282566352401448E-15   0.1876466270069522E-14
 0.4133871057663105E-04  -0.3821569681167123E-04
-0.2589449625274307E-01   0.2393824587367876E-01
-0.3448586738585633E-15  -0.1189313435452476E-15
-0.5223643291885168E-15  -0.2944815952564054E-14
-0.1861993111497981E+00   0.7993178045263330E-02
 0.7179712025732287E-02  -0.3082112182967060E-03
 0.8472188400626184E-15  -0.1438079513626514E-15
 0.8645485242120563E-16   0.1192692637051234E-14
-0.2092269733690225E+00   0.3548875748204810E-01
-0.2045802145469143E-02   0.3470058139622648E-03
-0.3815632207940430E-15  -0.5256209254109123E-15
 0.9393492317250281E-15   0.1156990902711001E-14
-0.4733022647194837E-01   0.1610400923884910E+01
-0.1511357652434364E-16  -0.4132807618680811E-16
-0.2589449625274318E-01   0.2393824587367819E-01
-0.4133871057666912E-04   0.3821569681198529E-04
 0.4800390653160835E-16  -0.4100851429390674E-15
 0.5269127595091203E-16   0.4622317180347469E-16
 0.7179712025732388E-02  -0.3082112182965595E-03
 0.1861993111497976E+00  -0.7993178045262568E-02
-0.4267188895929086E-16   0.3095807446305942E-16
 0.7436084916499365E-16  -0.9904427797998324E-16
 0.2045802145469130E-02  -0.3470058139622650E-03
-0.2092269733690203E+00   0.3548875748204938E-01
 0.3936831000046808E-16  -0.8935465001289637E-16
-0.1376049399619932E-16   0.1229756216254762E-15
-0.3526028752830201E-16  -0.5081520057167999E-16
-0.4733022647194893E-01   0.1610400923884903E+01
-0.1079855759090799E+00   0.3819323199714731E+00
 0.7336077348692711E-15   0.2096248943576321E-14
 0.2693346830722684E-15  -0.2728774574406533E-14
 0.1813731105041216E+00   0.9365571350057686E-01
-0.1131856416890830E+00   0.5991001242219933E+00
 0.1024324625518849E-14   0.2656754013151422E-14
 0.2807154398237692E-15   0.2220107671973778E-14
 0.3093876063484356E+00   0.1148521567044356E+00
 0.5888473318171150E+00  -0.3335350208237616E+00
-0.3310642587224860E-14  -0.9539885159778894E-15
 0.2437547608432589E-14   0.9543672201213963E-15
 0.2891707889103704E+00   0.5159574950566818E+00
-0.1574443529917888E-01   0.1170535287331245E+00
 0.9566432780925528E-15   0.1640738777669709E-14
-0.7616133054394030E-15  -0.7052518631617411E-15
-0.5142027088348928E+00   0.1831963504032929E+01
 0.4950764691416443E-15   0.2020229374280730E-14
 0.1741101291893195E-01  -0.1645171420958733E+00
-0.4420226655202841E-03   0.4176684378537709E-02
 0.1392731662655576E-14   0.1032919729127501E-14
-0.9783333830572685E-15   0.4282657156467472E-14
-0.7176771039770812E-02  -0.1186533641375801E-01
-0.1093809714225327E+00  -0.1808392682447067E+00
 0.2417513014076316E-14   0.8740465887927903E-15
 0.4827477842583566E-14  -0.2635847838219747E-14
 0.1161286256897775E-01   0.6655218763850690E-02
-0.3158014848508039E+00  -0.1809827641675053E+00
 0.2147632474646834E-14   0.4139331080166654E-14
-0.4903063960571484E-17   0.1020850512013197E-14
-0.2032208589604064E-02  -0.2643493728553163E-02
 0.7530866907640101E-01   0.9796139797240919E-01
 0.5458136786264067E-14   0.8388272690810280E-14
-0.1184934182837111E+01   0.7457966600040812E+00
 0.9576838912046012E-15  -0.4492643993093686E-14
 0.4420226655202073E-03  -0.4176684378537588E-02
 0.1741101291893184E-01  -0.1645171420958726E+00
-0.2135703501016809E-14  -0.7597473864310484E-15
 0.2101486769584445E-14  -0.6214768063355396E-14
 0.1093809714225333E+00   0.1808392682447073E+00
-0.7176771039769829E-02  -0.1186533641375807E-01
-0.2023622310582019E-14  -0.8933658969665643E-15
-0.6065825586251261E-14   0.4188441789435859E-14
-0.3158014848508052E+00  -0.1809827641675067E+00
-0.1161286256897734E-01  -0.6655218763850388E-02
-0.2292505698168377E-14  -0.4589700972144797E-14
 0.5861317906667879E-15  -0.6613281766942968E-15
 0.7530866907639860E-01   0.9796139797240798E-01
 0.2032208589604057E-02   0.2643493728553948E-02
-0.6278259842851386E-14  -0.1051646491606221E-13
-0.3990811612856397E-15   0.2000320715104642E-15
-0.1184934182837109E+01   0.7457966600040800E+00
-0.5209874914658991E-01  -0.3559409475563411E+00
 0.4183544619487493E-15   0.5078854571433480E-15
 0.3655996637534887E-15   0.4951361262363942E-15
 0.9944816986774570E-01   0.3087175783937453E+00
 0.2324409571254880E+00  -0.4829307918639343E+00
 0.2783342472847689E-15  -0.5842754416551216E-15
 0.1327041582739505E-14  -0.7060353097390543E-15
-0.1067689379372352E+00   0.9592105769733963E-01
-0.3543729670280666E+00   0.4123182262554588E+00
 0.2743217613176536E-15  -0.5580065930663990E-15
 0.4484995400953540E-16  -0.1216036203715778E-15
-0.6556258466020576E-01   0.1404882295723581E+00
 0.1201118453521361E+00   0.1969366150940035E+00
-0.2784015491494073E-15  -0.1008539396595696E-15
 0.3317981233024458E-15  -0.2508678646345754E-15
 0.3573133711336507E+00  -0.3245631661774777E+00
 0.2169638546434851E-14  -0.2209830059623062E-14
-0.3625372980095512E-14   0.3470146785572548E-14
-0.1390006675528005E+01   0.8754416811234575E+00
-0.3452814923982618E-15   0.2729858399020832E-15
-0.1753157283287857E-15   0.1372737556802233E-15
-0.5733687150810948E-16   0.4433668651329237E-16
 0.4179987896844665E-16  -0.3186653502261589E-16
 0.3590701814063716E-15  -0.2856378324831523E-15
-0.1466946464191350E-16   0.1183600506560776E-16
-0.2473336653344251E-15   0.1971791849513185E-15
-0.3257997399722857E-15   0.2597700628621106E-15
-0.2980197186014565E-18   0.7472817648181018E-18
-0.7431596144471454E-16   0.5849319567498552E-16
-0.3981110048619468E-16   0.3200192368862652E-16
-0.1203868358246286E-15   0.9568699918160188E-16
-0.6509040852705218E-17   0.5205689715375175E-17
 0.1774834408255408E-16  -0.1418492220156046E-16
-0.1198132682800380E-17   0.8140365390995849E-18
 0.8705908307650027E-16  -0.6899199287543515E-16
-0.3776527822915503E-16   0.3022255303507136E-16
 0.1868116616899535E-16  -0.1492927336180175E-16
-0.2806256594560042E-16   0.2213319797183442E-16
-0.1044188774787064E+01   0.8313274496398101E+00
-0.7977528250065421E-15   0.1038040625278535E-14
-0.2747412231266449E-15   0.5264667452546867E-15
-0.1055252038414066E-15   0.5748900150635394E-16
-0.1264189639433326E-17  -0.2027105134610143E-15
-0.5993527726417683E-15  -0.4524500544101297E-15
-0.3926424062384438E-16   0.1091724784772411E-15
 0.1247852400948978E-15   0.5127773541863316E-15
-0.1137388649600920E-15  -0.4410643114497289E-15
 0.8889569659130480E-15  -0.8535276137124376E-15
-0.1820530449029012E-15   0.7646327968428617E-16
 0.3049345716346924E-15   0.4177762193646455E-15
 0.4013358534628987E-15   0.1768567143813701E-16
-0.2403111482724375E-15   0.5326477506760640E-16
 0.2459404990741051E-16  -0.4669417893926604E-16
 0.7567885081486693E-16   0.1902846788133638E-15
-0.2736528499775000E-15   0.4343891789826951E-15
-0.7086799875400559E-16  -0.9357271558059937E-16
-0.8011002087414207E-16   0.7320892914823942E-16
 0.4319393702789490E-15  -0.3292635406085744E-15
-0.5034722528815504E-16   0.4043133172349238E-16
-0.1044188774787061E+01   0.8313274496398076E+00
 0.3265040298449435E+00  -0.1228467317369046E+01
-0.5405010628009894E-14   0.6195523707437870E-14
 0.1442619152986511E-15   0.2088718466612079E-14
 0.2248750433802471E-01   0.3904417494453319E+00
 0.1448847247758285E+01   0.1150994541489502E+01
 0.1220354141783376E-14   0.7015142715125479E-15
 0.1007214628425197E-15   0.5285429594211451E-15
 0.9487026301309530E-01   0.9673126714724846E+00
-0.1190823363762430E+01   0.1027794078753676E+01
 0.2910336797253027E-14  -0.7301478124916483E-15
 0.2725877565364866E-14  -0.1336112769243070E-14
-0.2576712237899054E+00  -0.4980260844704916E+00
 0.2962813345503635E+00   0.1003432682203409E+00
-0.4360597261258761E-15  -0.1379868594100746E-14
 0.4368694809034598E-15  -0.2847051182583710E-15
 0.6702277200116076E+00  -0.8377692074044856E+00
 0.5624923570311688E-14  -0.6764403615346869E-14
-0.7109943694494536E-14   0.8933941853458797E-14
-0.5043523675924605E+00   0.6028222075459446E+00
 0.1699509434145343E-17  -0.1155185973961224E-17
 0.2590125795031435E-14  -0.1943678111900491E-14
-0.6648467103261245E+01   0.5159903416641797E+01
-0.1420289786743612E-15  -0.1088586027497581E-15
-0.8214766679114430E-01   0.2087610275367868E+00
-0.3330683931889781E-03   0.8464233096107596E-03
-0.3734928394396089E-15   0.2473561383418605E-15
-0.2511998773714718E-15   0.6771151501684302E-15
 0.2030195064012500E-02   0.8969337887148005E-02
 0.5624152066112395E-01   0.2484732679329901E+00
-0.2023559162078595E-15   0.2893885884730128E-15
-0.4519029133063953E-16  -0.2296700876274607E-15
-0.6512224322393194E-03  -0.1694347207029214E-02
 0.8896884331649410E-01   0.2314786833549618E+00
-0.2308245373221998E-15   0.1243234460320985E-15
 0.1203886619031126E-15   0.2122033351703672E-15
 0.1552268692843730E-03   0.1354672024825952E-03
 0.6315005469519219E-01   0.5511134306599749E-01
 0.1107263152773993E-14  -0.2544716976390864E-15
-0.9965134540178167E-01   0.1651760281194156E-02
-0.2934241058294600E-02   0.4863620070571026E-04
-0.3132230177693893E-16   0.3368338915222440E-15
 0.4256277439631118E-16  -0.3374667774350895E-16
-0.1038341194103691E-14   0.9360545939511503E-15
-0.1348035137253403E-14   0.1310990754500561E-14
-0.1060792449188538E+01   0.8799508932992552E+00
-0.4615336394026693E-15  -0.1826529178006465E-15
 0.3330683931890053E-03  -0.8464233096109582E-03
-0.8214766679114544E-01   0.2087610275367865E+00
-0.6969064630858809E-16   0.1013138910718177E-15
 0.9915080040851692E-15   0.1250849352630645E-14
-0.5624152066112313E-01  -0.2484732679329910E+00
 0.2030195064012562E-02   0.8969337887147755E-02
 0.2849138299266020E-15   0.7193930457788836E-15
-0.9620178366220021E-15   0.9863790800131346E-15
 0.8896884331649341E-01   0.2314786833549620E+00
 0.6512224322395137E-03   0.1694347207029324E-02
-0.2689388400710131E-15  -0.4603824375569861E-15
 0.5414665332416940E-15   0.3310580656888865E-15
 0.6315005469519197E-01   0.5511134306599707E-01
-0.1552268692848031E-03  -0.1354672024822312E-03
-0.2165352206445909E-15  -0.4829224142627373E-15
 0.2934241058294448E-02  -0.4863620070552756E-04
-0.9965134540178150E-01   0.1651760281193955E-02
-0.1110248172019417E-16   0.4740634877331975E-15
-0.1625992848578552E-16   0.1291592769765096E-16
 0.2449158576442717E-16  -0.3475157360958054E-16
-0.5392798172292842E-14   0.3810557947316421E-14
 0.1050862955681576E-15  -0.5242117503967416E-16
-0.1060792449188535E+01   0.8799508932992524E+00
 0.1682362733984861E+00  -0.4817018541982554E+00
-0.2158317610795049E-14   0.1694789264703717E-14
-0.6066917733982017E-15   0.1036782829476466E-14
-0.7186361870970569E-02   0.4453548115223716E-01
 0.2356714528343109E+00   0.3625491754856053E+00
 0.2788269218285130E-15   0.4861900725212775E-15
-0.5414925911007640E-15   0.3126033886644141E-15
 0.5842037956512191E-01   0.1255350828121895E+00
-0.2875541750521482E+00  -0.6255942035871402E-01
 0.7819868507179312E-15  -0.3479421090570214E-15
 0.1419233994321721E-14  -0.9758064649315133E-15
 0.9786779588340216E-03  -0.1785904578249279E+00
 0.7840759436777160E-01   0.2042588311082414E+00
 0.2426565976658108E-15  -0.7357403748021557E-15
-0.3176467073828868E-17  -0.4239563081210468E-16
 0.1493314355899928E+00  -0.6126272095723502E-01
 0.1160336772732550E-14  -0.2762690174021343E-15
-0.1580576643462299E-14   0.8360598585474663E-15
 0.9136498135210276E-01   0.1970240985511468E+00
-0.3203879837571097E-16   0.2555293143002026E-16
 0.6739020358590913E-15  -0.5373381602796264E-15
-0.1582650643270620E+01   0.1021429646658819E+01
-0.5748651760778055E-15   0.4164161392476626E-15
-0.1663639238272409E-14   0.8360202431065777E-15
-0.1621337247281699E+01   0.1044499538803912E+01
-0.4203682858242389E-15  -0.5759390454336254E-15
 0.6574095698912189E-03  -0.1134154165669737E-01
 0.4996890199570340E-02  -0.8620567899814401E-01
-0.3612778508123930E-15   0.2334580837811134E-15
 0.1336572695783067E-14   0.2665692584951700E-15
 0.1175166576229392E+00   0.5622135707709176E-01
-0.2028737221713146E-01  -0.9705718496818377E-02
 0.1552271325590888E-15   0.3148200439888485E-16
 0.4145477233470590E-15  -0.1635469831002685E-15
-0.1825585599382399E+00  -0.2792842379672548E-01
-0.2613371051387016E-01  -0.3998023115756959E-02
 0.3088342859821383E-15  -0.1287750718344562E-15
-0.2730201826066791E-15   0.1686395986755390E-16
-0.7119206926221066E-02  -0.7995391927521391E-01
-0.9481939544941845E-03  -0.1064891408277066E-01
-0.4032055744487354E-14   0.3202517451467354E-14
-0.4665498230764713E-01   0.3708351359816532E-01
-0.4408785579671683E+00   0.3504304404555599E+00
 0.3351902093414628E-15  -0.1234689158906630E-15
 0.5339993430736057E-16  -0.4262139781582628E-16
 0.1788400602854923E-16  -0.4867986744868712E-16
-0.4505575077501357E-16   0.9334772586359980E-15
-0.4036404770156132E-02  -0.1750491509449815E-01
-0.2974711483744627E-01  -0.1290060707949445E+00
-0.1409007828842245E-15   0.4274106876135813E-15
-0.1552002219519285E+01   0.4029542470383716E+00
 0.1839077874874980E-14  -0.6423876220940210E-15
 0.4996890199571809E-02  -0.8620567899814456E-01
-0.6574095698912249E-03   0.1134154165669738E-01
-0.6050702867442157E-16   0.3573274789498239E-16
 0.4072943223210049E-16  -0.4389886525651884E-17
-0.2028737221713080E-01  -0.9705718496818319E-02
-0.1175166576229394E+00  -0.5622135707709132E-01
 0.2353462359355441E-15  -0.5244883932220577E-16
 0.4215847357404440E-15  -0.8108067440035301E-16
 0.2613371051387030E-01   0.3998023115756507E-02
-0.1825585599382379E+00  -0.2792842379672592E-01
 0.1088704169462858E-15  -0.9208953319101705E-16
 0.2397044525485246E-15  -0.5017050563694876E-16
 0.9481939544930492E-03   0.1064891408277045E-01
-0.7119206926220065E-02  -0.7995391927521470E-01
 0.3989346997514519E-14  -0.3155139532723746E-14
-0.4408785579671686E+00   0.3504304404555597E+00
 0.4665498230764610E-01  -0.3708351359816518E-01
 0.1367600187807713E-15  -0.1380318432960658E-15
-0.4273866746043774E-16   0.3451456462263470E-16
 0.5210545315097476E-15  -0.5258451523378962E-15
 0.3455850529372483E-15  -0.1729947219677782E-15
-0.2974711483744640E-01  -0.1290060707949452E+00
 0.4036404770156049E-02   0.1750491509449801E-01
-0.1262078093892956E-16   0.5083509443986237E-16
 0.1997371452261421E-15   0.1783512573738655E-16
-0.1552002219519285E+01   0.4029542470383718E+00
-0.1965982447255232E-01  -0.1463475459977726E+00
-0.8041966075903965E-16   0.1169663048902247E-14
-0.1775658125413276E-16   0.2626002918178095E-15
-0.1328885200392725E-01   0.8976017004122337E-01
 0.3656196898722415E-01   0.3744667555799269E+00
-0.3194857251705229E-15   0.1890424001122428E-15
-0.8642807960845682E-15   0.3287766239282564E-15
-0.2240999314537770E+00   0.1830129421387593E+00
 0.1327445014998383E+00   0.3961743700070937E-01
-0.1357420105015309E-15   0.6297761873272912E-16
-0.2025475789176673E-15  -0.1886049754749788E-15
 0.2522964965091106E+00  -0.2101671847401831E+00
-0.2931995733562863E+00   0.1834563321162540E+00
 0.7996243735374585E-15  -0.3963378108779154E-15
-0.2612395654252768E-15   0.1366860749861528E-15
-0.6520494046250210E-01  -0.7501867715907923E-01
-0.6064973632852705E-15  -0.6836946029568846E-15
 0.1135484056932614E-14   0.5897515086403221E-15
 0.1292134713056619E+00  -0.3242497193793370E-01
 0.4209300633963505E-16  -0.3355915701309915E-16
-0.5490608479405056E-15  -0.3304731219090448E-15
 0.1999592649533840E+00   0.7305126223113049E+00
 0.5277835099691978E-17   0.1195846928646754E-15
 0.2165197521999760E-15   0.7233032847004012E-15
 0.6422574894362421E-01   0.1426031811697183E+00
-0.4169443707301006E-15   0.5944868006174591E-16
 0.6772893163939380E-16  -0.1558715252794460E-16
-0.1643363307007770E+01   0.3558168582159574E+00
 0.2446044593847402E-01  -0.1862268300915149E+00
 0.1974355218223250E-14   0.3407939624969922E-15
-0.7447012396740073E-15   0.4436332654784877E-15
-0.1647410268517911E-01   0.4702901184541512E-01
 0.5285771298221819E-01  -0.5005500469304819E-01
-0.1392159810384274E-15   0.3926419840710143E-17
-0.1901526225345846E-15  -0.1502587575923229E-15
-0.3122567027730156E+00   0.1817432467989988E+00
-0.1261581433136065E+00   0.6565518811226093E-01
-0.4087389169167146E-15   0.1147652350561053E-15
 0.3469318027047139E-15  -0.2215621763711770E-15
 0.6852159100610637E-01  -0.2501579500190890E-01
 0.1713766066729452E+00  -0.7668678140781181E-01
 0.5196032340155986E-15  -0.1780877320398855E-15
-0.1526087636051757E-15  -0.6987496418120997E-16
 0.4796857322212954E-01  -0.1544265541815443E+00
 0.4008866751858853E-15  -0.1096234119825560E-14
-0.5974603767902704E-16   0.1531277934918927E-14
-0.1813107003310882E+00   0.2312829532612159E+00
 0.1740636219777124E-16  -0.1393659768298161E-16
 0.2672351304419009E-15  -0.2837937581906183E-15
 0.4120025949871698E+00   0.3706659188149547E+00
-0.7132360399090429E-15   0.3325972493512562E-15
 0.4123117074859286E-15   0.4300672701427908E-15
 0.1811133446702882E+00   0.1831867922277116E+00
 0.2694733859636311E-16  -0.3537926692778467E-16
 0.1342330792942464E-15  -0.3647471281548631E-16
-0.1270422053628667E+00  -0.2804799993903539E-01
-0.1791670449197623E+01   0.2691976839652046E+00
 0.5718431393045631E+00   0.2647540821077641E+01
 0.1025721611962643E-15  -0.4049539204190464E-15
 0.1180037355413571E+01   0.3135202507006231E+01
 0.2171283552313474E-14   0.3310466549366365E-14
 0.1994281899586311E-15   0.1172691704485161E-15
 0.1180037355413565E+01   0.3135202507006218E+01
-0.1987186686771116E+00  -0.5123989267547308E+00
-0.6889894647803561E-15   0.2294273363367782E-16
 0.1707198315031999E-14   0.1895661321458765E-14
-0.2500044805166128E+00   0.1254894210159267E+01
-0.1284366189602354E+01  -0.1845467615934364E+01
 0.7162389914781830E-14   0.9859937563755328E-14
 0.2170295773266328E-14   0.5049735102911501E-14
 0.3616216542435307E+00   0.7530201518733510E+00
 0.4240540561789834E+01   0.1454999269597056E+02
 0.2845024960222124E-16  -0.1458450772803002E-14
-0.1514274372280477E-01  -0.6717865478850192E-02
 0.3770774030262816E+00   0.1672850914613628E+00
 0.1233438009346910E-14   0.1951575188798494E-14
 0.1481445792503665E-14   0.7013818248686208E-14
 0.7769740943067588E+00   0.2455260840363076E+01
-0.5247887011051710E-15  -0.1146282343504161E-14
-0.3770774030262812E+00  -0.1672850914613620E+00
-0.1514274372280535E-01  -0.6717865478852117E-02
 0.2754276010440635E-15   0.4165158904828841E-15
 0.7248145237323368E-15   0.3429701943371776E-14
-0.1797607201980967E-15  -0.2951198313505543E-15
 0.7769740943067548E+00   0.2455260840363064E+01
-0.2783284722960664E+00  -0.6040252318635648E+00
 0.1163818380521889E-15   0.5879892264938911E-15
 0.1086932468396799E-14   0.1750554861603982E-14
-0.1807430085974075E+00  -0.2224285982951541E+00
 0.4627870349526767E+00  -0.4855139785905243E+00
-0.2099094008801191E-15  -0.5962272854058922E-15
 0.2165967500821730E-15  -0.6576846150713392E-16
-0.6556444424812936E+00   0.1249982537740875E+01
 0.2274272431627049E-01  -0.8670194055401026E-01
-0.1509401829854813E-14  -0.1766702681226786E-14
 0.5418210264187638E-15   0.1147340404439386E-15
-0.1810766959683176E+00  -0.2468318608413340E+00
 0.5115185056604377E+00  -0.3532588198482714E+01
 0.7978840080914854E-15  -0.2677870412865149E-14
 0.6516381034277932E-15  -0.1115534276727056E-14
 0.2753261478890591E+00   0.1151102717724694E+01
-0.4266321266446350E+00   0.4009932304745208E+01
-0.1277650947265398E-14  -0.1911502521391010E-14
 0.1288113077244949E-02   0.7380462221434137E-03
-0.1132455461608165E+00  -0.6488595527442018E-01
-0.1882631203805419E-15  -0.2863424031224017E-15
 0.8628761879348975E-15   0.6374990613840646E-14
 0.1065839132733783E+00  -0.2923005606940232E-01
-0.3066475454529731E-02   0.8409641447623118E-03
-0.8122104556783021E-15  -0.1104593816898745E-14
 0.1369711857172499E-14  -0.2431351361986866E-14
 0.2496356757141617E+00   0.1977762890031466E+01
 0.8014408919417896E-15   0.6225415269036960E-15
-0.1132455461608170E+00  -0.6488595527442037E-01
-0.1288113077244792E-02  -0.7380462221429801E-03
-0.3799378199169659E-16  -0.2479405300604723E-15
-0.1111504654890534E-14  -0.7126990143224802E-15
-0.3066475454529929E-02   0.8409641447622406E-03
-0.1065839132733773E+00   0.2923005606940083E-01
-0.3596529520132903E-15  -0.5615260782910873E-15
 0.4873482234059285E-15  -0.2955436606308228E-15
 0.4141652298894627E-16   0.1169854144111859E-15
 0.2496356757141609E+00   0.1977762890031450E+01
-0.1736030531482100E-01   0.1232004512741451E+00
-0.7989660387320536E-15  -0.7349740625686208E-15
 0.5143653579319743E-16   0.1983654639914849E-15
-0.1798625316216167E+00  -0.4760502939709931E+00
-0.2116891175746818E+00  -0.1039877895864291E+01
-0.2445970358446461E-15  -0.2583862362119102E-15
 0.5929437241106383E-15   0.1055802230387815E-15
 0.3944036770065622E+00   0.3746694565803873E+00
 0.1370424800862380E-01   0.3055077307214353E+00
 0.9601473876065320E-17  -0.5702139785125219E-15
 0.6973947965947687E-16   0.1332357319050864E-15
-0.4011175934628192E+00   0.1296348415807232E+01
-0.4809752434906212E-01  -0.1242771011711225E+00
 0.3575993879235405E-15   0.1119048357438419E-14
 0.2576088861047061E-15   0.7624603426739174E-15
-0.5138404654099507E-01  -0.2957304041442950E-01
-0.8309384873649867E-02   0.1153170865369062E+01
 0.7414162172136930E-16   0.1003708795474135E-14
-0.5661491734246140E-15   0.7416965873932315E-15
-0.2756608285008330E-01  -0.9742401996498791E-01
 0.2203400946999352E+00  -0.4782798067133553E+00
 0.1377078625886695E-15   0.1157520015509807E-14
-0.2963428015275342E-15  -0.2214781110696083E-15
 0.4751833868552168E+00   0.3131572844790764E+00
-0.5064804169684832E+00   0.1236991923199711E+01
 0.3545193073486433E-15   0.1876466270069522E-14
-0.8619000482737576E-04  -0.3821569681167123E-04
 0.5398926879672796E-01   0.2393824587367876E-01
-0.1293370705960209E-15  -0.1189313435452476E-15
-0.9656033819282978E-15  -0.2944815952564054E-14
 0.8775191785257896E-01   0.7993178045263330E-02
-0.3383651077959184E-02  -0.3082112182967060E-03
 0.6442181058548754E-15  -0.1438079513626514E-15
 0.1096266979754077E-15   0.1192692637051234E-14
 0.1457714955939189E-01   0.3548875748204810E-01
 0.1425340306901840E-03   0.3470058139622648E-03
-0.7026298874548250E-15  -0.5256209254109123E-15
 0.9683515357489272E-15   0.1156990902711001E-14
 0.6849090704927425E-01   0.1610400923884910E+01
 0.2066597685536632E-15  -0.4132807618680811E-16
 0.5398926879672741E-01   0.2393824587367819E-01
 0.8619000482758535E-04   0.3821569681198529E-04
-0.3957601025679619E-16  -0.4100851429390674E-15
-0.5828187704961772E-16   0.4622317180347469E-16
-0.3383651077958999E-02  -0.3082112182965595E-03
-0.8775191785257831E-01  -0.7993178045262568E-02
-0.8870783378139150E-17   0.3095807446305942E-16
 0.1552205738249884E-15  -0.9904427797998324E-16
-0.1425340306902753E-03  -0.3470058139622650E-03
 0.1457714955939254E-01   0.3548875748204938E-01
 0.6312857753161966E-16  -0.8935465001289637E-16
-0.1102770945308056E-15   0.1229756216254762E-15
 0.2388632911257131E-17  -0.5081520057167999E-16
 0.6849090704927338E-01   0.1610400923884903E+01
 0.2173944741986721E-01   0.3819323199714731E+00
 0.7859853672990670E-15   0.2096248943576321E-14
-0.1628143802880390E-15  -0.2728774574406533E-14
-0.1282853352402787E+00   0.9365571350057686E-01
-0.6267704692045463E+00   0.5991001242219933E+00
 0.1860155900444890E-14   0.2656754013151422E-14
 0.1052969126751718E-14   0.2220107671973778E-14
 0.5108667116054636E+00   0.1148521567044356E+00
 0.6532706315554221E+00  -0.3335350208237616E+00
-0.3049171971469717E-14  -0.9539885159778894E-15
 0.2012622196673922E-14   0.9543672201213963E-15
 0.5790871944282877E+00   0.5159574950566818E+00
-0.1559086111032052E+00   0.1170535287331245E+00
 0.1376061264751621E-14   0.1640738777669709E-14
-0.6719333930192432E-15  -0.7052518631617411E-15
-0.4513512573673268E+00   0.1831963504032929E+01
 0.1487475736797053E-14   0.2020229374280730E-14
-0.2079601122000613E-01  -0.1645171420958733E+00
 0.5279594216868703E-03   0.4176684378537709E-02
-0.1176705952633550E-14   0.1032919729127501E-14
-0.4923038539875069E-14   0.4282657156467472E-14
-0.1306843492745313E-01  -0.1186533641375801E-01
-0.1991756598358210E+00  -0.1808392682447067E+00
 0.4015211485434481E-14   0.8740465887927903E-15
 0.5132425808624761E-14  -0.2635847838219747E-14
 0.1069388403348084E-01   0.6655218763850690E-02
-0.2908106796697282E+00  -0.1809827641675053E+00
 0.4534603799218592E-14   0.4139331080166654E-14
-0.9217283987346736E-15   0.1020850512013197E-14
-0.2200324727795266E-02  -0.2643493728553163E-02
 0.8153864107937925E-01   0.9796139797240919E-01
 0.5285779987540885E-14   0.8388272690810280E-14
-0.1123554427119190E+01   0.7457966600040812E+00
-0.4989532071682198E-15  -0.4492643993093686E-14
-0.5279594216869105E-03  -0.4176684378537588E-02
-0.2079601122000620E-01  -0.1645171420958726E+00
 0.1056285745127194E-14  -0.7597473864310484E-15
 0.7287578432670263E-14  -0.6214768063355396E-14
 0.1991756598358214E+00   0.1808392682447073E+00
-0.1306843492745222E-01  -0.1186533641375807E-01
-0.4155593310722292E-14  -0.8933658969665643E-15
-0.6691390009609568E-14   0.4188441789435859E-14
-0.2908106796697301E+00  -0.1809827641675067E+00
-0.1069388403348035E-01  -0.6655218763850388E-02
-0.5288358094509968E-14  -0.4589700972144797E-14
 0.2028481170622743E-14  -0.6613281766942968E-15
 0.8153864107937675E-01   0.9796139797240798E-01
 0.2200324727795345E-02   0.2643493728553948E-02
-0.6301404396769762E-14  -0.1051646491606221E-13
-0.3851858504837289E-15   0.2000320715104642E-15
-0.1123554427119187E+01   0.7457966600040800E+00
-0.9507954795587867E-01  -0.3559409475563411E+00
 0.5969871211175892E-15   0.5078854571433480E-15
 0.7093269299439860E-15   0.4951361262363942E-15
 0.1051429998074184E-01   0.3087175783937453E+00
 0.5865085297347039E+00  -0.4829307918639343E+00
 0.6204946046239037E-15  -0.5842754416551216E-15
 0.1304836145386118E-14  -0.7060353097390543E-15
-0.1106987401154627E+00   0.9592105769733963E-01
-0.6141001767566774E+00   0.4123182262554588E+00
 0.6475325859127457E-15  -0.5580065930663990E-15
 0.2387101318527602E-15  -0.1216036203715778E-15
 0.5890759421491793E-02   0.1404882295723581E+00
 0.3879243380378039E+00   0.1969366150940035E+00
-0.5835087297902255E-15  -0.1008539396595696E-15
 0.3246537848640141E-15  -0.2508678646345754E-15
 0.9702570310583247E-01  -0.3245631661774777E+00
 0.1529329010314845E-15  -0.2209830059623062E-14
-0.9564304393147135E-15   0.3470146785572548E-14
-0.1289788422468200E+01   0.8754416811234575E+00
-0.3205345249264988E-15   0.2729858399020832E-15
-0.1567171305197152E-15   0.1372737556802233E-15
-0.5063174275505177E-16   0.4433668651329237E-16
 0.3535577012136098E-16  -0.3186653502261589E-16
 0.3384833099944867E-15  -0.2856378324831523E-15
-0.1361852855611043E-16   0.1183600506560776E-16
-0.2341486038776171E-15   0.1971791849513185E-15
-0.3090312912779522E-15   0.2597700628621106E-15
-0.1782295270536397E-17   0.7472817648181018E-18
-0.6848621050555973E-16   0.5849319567498552E-16
-0.3755369845277569E-16   0.3200192368862652E-16
-0.1138387299237244E-15   0.9568699918160188E-16
-0.5834497426674018E-17   0.5205689715375175E-17
 0.1710483699044743E-16  -0.1418492220156046E-16
-0.6564011746044037E-18   0.8140365390995849E-18
 0.8138068639449243E-16  -0.6899199287543515E-16
-0.3638080077214142E-16   0.3022255303507136E-16
 0.1795429382357760E-16  -0.1492927336180175E-16
-0.2602268658736150E-16   0.2213319797183442E-16
-0.9881088660553112E+00   0.8313274496398101E+00
-0.4216298174187230E-15   0.1038040625278535E-14
-0.2602092578101237E-15   0.5264667452546867E-15
-0.1010563354217940E-15   0.5748900150635394E-16
-0.1266122511633163E-15  -0.2027105134610143E-15
-0.1894180432093659E-14  -0.4524500544101297E-15
-0.3209269530741885E-16   0.1091724784772411E-15
 0.1594156943911992E-15   0.5127773541863316E-15
-0.1046357858841196E-15  -0.4410643114497289E-15
 0.1164018141568121E-14  -0.8535276137124376E-15
-0.1889691982086205E-15   0.7646327968428617E-16
 0.4646627624292942E-15   0.4177762193646455E-15
 0.6083380938277906E-15   0.1768567143813701E-16
-0.4241354961715541E-15   0.5326477506760640E-16
 0.1292729896437273E-16  -0.4669417893926604E-16
 0.2029792832386252E-15   0.1902846788133638E-15
-0.2671391103982298E-15   0.4343891789826951E-15
-0.1888070677526476E-15  -0.9357271558059937E-16
-0.7214984811533316E-16   0.7320892914823942E-16
 0.4537786093353865E-15  -0.3292635406085744E-15
-0.4845869299023728E-16   0.4043133172349238E-16
-0.9881088660553082E+00   0.8313274496398076E+00
-0.4513559705939164E+00  -0.1228467317369046E+01
-0.1902499546800940E-14   0.6195523707437870E-14
 0.2162800320373631E-14   0.2088718466612079E-14
 0.2613672979558946E+00   0.3904417494453319E+00
 0.4097458068422064E+01   0.1150994541489502E+01
 0.2861186433220508E-14   0.7015142715125479E-15
 0.1138475454428258E-14   0.5285429594211451E-15
 0.8655208843436885E-01   0.9673126714724846E+00
-0.1794839090290293E+01   0.1027794078753676E+01
 0.3775133899465415E-14  -0.7301478124916483E-15
 0.2063564283924409E-14  -0.1336112769243070E-14
-0.6220895511894902E+00  -0.4980260844704916E+00
 0.6274853574397444E+00   0.1003432682203409E+00
-0.1499300554817050E-14  -0.1379868594100746E-14
 0.4328902837597318E-15  -0.2847051182583710E-15
 0.6449633715127160E+00  -0.8377692074044856E+00
 0.5245971392457427E-14  -0.6764403615346869E-14
-0.6641596543891826E-14   0.8933941853458797E-14
-0.5645092205610794E+00   0.6028222075459446E+00
 0.9351558770878452E-18  -0.1155185973961224E-17
 0.2039040411248069E-14  -0.1943678111900491E-14
-0.5043039015863635E+01   0.5159903416641797E+01
-0.3258977476248420E-15  -0.1088586027497581E-15
-0.6877745838584426E-01   0.2087610275367868E+00
-0.2788587728296163E-03   0.8464233096107596E-03
-0.2939574494442751E-15   0.2473561383418605E-15
 0.4357083723010168E-15   0.6771151501684302E-15
 0.2733494157729432E-02   0.8969337887148005E-02
 0.7572467831990132E-01   0.2484732679329901E+00
-0.1086305139690740E-15   0.2893885884730128E-15
-0.2140723088201450E-15  -0.2296700876274607E-15
-0.1228560305871486E-02  -0.1694347207029214E-02
 0.1678437104540491E+00   0.2314786833549618E+00
-0.2370445696797652E-15   0.1243234460320985E-15
 0.7796409414570533E-16   0.2122033351703672E-15
 0.3016842943988886E-03   0.1354672024825952E-03
 0.1227324868420413E+00   0.5511134306599749E-01
 0.1634726745544614E-14  -0.2544716976390864E-15
-0.1539999975799977E+00   0.1651760281194156E-02
-0.4534541044625132E-02   0.4863620070571026E-04
-0.6593723027373421E-17   0.3368338915222440E-15
 0.4026745720505159E-16  -0.3374667774350895E-16
-0.9112169914842658E-15   0.9360545939511503E-15
-0.8102454414182773E-15   0.1310990754500561E-14
-0.9799236205151287E+00   0.8799508932992552E+00
-0.1178558557430924E-14  -0.1826529178006465E-15
 0.2788587728295854E-03  -0.8464233096109582E-03
-0.6877745838584523E-01   0.2087610275367865E+00
 0.5831221619227351E-16   0.1013138910718177E-15
 0.3470546787912073E-14   0.1250849352630645E-14
-0.7572467831990083E-01  -0.2484732679329910E+00
 0.2733494157729449E-02   0.8969337887147755E-02
 0.3167973863628565E-15   0.7193930457788836E-15
-0.1521856220227319E-14   0.9863790800131346E-15
 0.1678437104540483E+00   0.2314786833549620E+00
 0.1228560305871689E-02   0.1694347207029324E-02
-0.6128802984147888E-15  -0.4603824375569861E-15
 0.7768610977337176E-15   0.3310580656888865E-15
 0.1227324868420407E+00   0.5511134306599707E-01
-0.3016842943993160E-03  -0.1354672024822312E-03
-0.6832730305384529E-15  -0.4829224142627373E-15
 0.4534541044624997E-02  -0.4863620070552756E-04
-0.1539999975799977E+00   0.1651760281193955E-02
-0.1607635774158638E-15   0.4740634877331975E-15
-0.1534689583766495E-16   0.1291592769765096E-16
 0.1355591021934565E-16  -0.3475157360958054E-16
-0.3912600313735535E-14   0.3810557947316421E-14
 0.1019150042136375E-15  -0.5242117503967416E-16
-0.9799236205151249E+00   0.8799508932992524E+00
-0.8849318938105019E-01  -0.4817018541982554E+00
-0.1143541182328216E-14   0.1694789264703717E-14
 0.6514695005701511E-16   0.1036782829476466E-14
 0.5182206376265433E-01   0.4453548115223716E-01
 0.8337786773772998E+00   0.3625491754856053E+00
 0.7120350975024343E-15   0.4861900725212775E-15
-0.2899691844146352E-15   0.3126033886644141E-15
 0.1058093178329164E+00   0.1255350828121895E+00
-0.4705384970976148E+00  -0.6255942035871402E-01
 0.1004312750767320E-14  -0.3479421090570214E-15
 0.9755912408510994E-15  -0.9758064649315133E-15
-0.2155802787409985E-01  -0.1785904578249279E+00
 0.5112686314276430E-01   0.2042588311082414E+00
 0.7049718389210291E-16  -0.7357403748021557E-15
-0.4656352278625336E-16  -0.4239563081210468E-16
 0.2293033396745540E+00  -0.6126272095723502E-01
 0.1773906375276865E-14  -0.2762690174021343E-15
-0.2296579927831606E-14   0.8360598585474663E-15
 0.6331878582458901E-01   0.1970240985511468E+00
-0.3034653523762213E-16   0.2555293143002026E-16
 0.4417605904109326E-15  -0.5373381602796264E-15
-0.1070113401293654E+01   0.1021429646658819E+01
-0.3542664842995244E-15   0.4164161392476626E-15
-0.1129073331183444E-14   0.8360202431065777E-15
-0.1366220026385158E+01   0.1044499538803912E+01
-0.5973441608365202E-15  -0.5759390454336254E-15
-0.3760490408321565E-02  -0.1134154165669737E-01
-0.2858303031703962E-01  -0.8620567899814401E-01
-0.3313252137471766E-15   0.2334580837811134E-15
 0.1365604522760466E-14   0.2665692584951700E-15
 0.1199147631086021E+00   0.5622135707709176E-01
-0.2070136679107253E-01  -0.9705718496818377E-02
 0.1511514754750367E-15   0.3148200439888485E-16
 0.4297133801116429E-15  -0.1635469831002685E-15
-0.2023283487501901E+00  -0.2792842379672548E-01
-0.2896380480200791E-01  -0.3998023115756959E-02
 0.3523757105222322E-15  -0.1287750718344562E-15
-0.2839772122519761E-15   0.1686395986755390E-16
-0.2130132626623514E-01  -0.7995391927521391E-01
-0.2837084101874713E-02  -0.1064891408277066E-01
-0.3792445729306211E-14   0.3202517451467354E-14
-0.4310453562720756E-01   0.3708351359816532E-01
-0.4073276758279429E+00   0.3504304404555599E+00
 0.4048872918520142E-15  -0.1234689158906630E-15
 0.5078682853394491E-16  -0.4262139781582628E-16
 0.6351814136896905E-17  -0.4867986744868712E-16
 0.4607283210800694E-15   0.9334772586359980E-15
-0.1642168200635083E-01  -0.1750491509449815E-01
-0.1210229618393968E+00  -0.1290060707949445E+00
-0.1205914756766158E-16   0.4274106876135813E-15
-0.1462075917728061E+01   0.4029542470383716E+00
 0.1722002301158915E-14  -0.6423876220940210E-15
-0.2858303031703833E-01  -0.8620567899814456E-01
 0.3760490408321565E-02   0.1134154165669738E-01
-0.7567232113123499E-16   0.3573274789498239E-16
 0.6795600324544399E-17  -0.4389886525651884E-17
-0.2070136679107194E-01  -0.9705718496818319E-02
-0.1199147631086020E+00  -0.5622135707709132E-01
 0.2111198002677562E-15  -0.5244883932220577E-16
 0.4236853703011036E-15  -0.8108067440035301E-16
 0.2896380480200799E-01   0.3998023115756507E-02
-0.2023283487501884E+00  -0.2792842379672592E-01
 0.6882676678003063E-16  -0.9208953319101705E-16
 0.2338678872758750E-15  -0.5017050563694876E-16
 0.2837084101873550E-02   0.1064891408277045E-01
-0.2130132626623427E-01  -0.7995391927521470E-01
 0.3679940999176867E-14  -0.3155139532723746E-14
-0.4073276758279435E+00   0.3504304404555597E+00
 0.4310453562720667E-01  -0.3708351359816518E-01
 0.1170496314739618E-15  -0.1380318432960658E-15
-0.4070228326863986E-16   0.3451456462263470E-16
 0.3033905207534226E-15  -0.5258451523378962E-15
 0.2986184709854238E-15  -0.1729947219677782E-15
-0.1210229618393971E+00  -0.1290060707949452E+00
 0.1642168200635068E-01   0.1750491509449801E-01
 0.2674205668229574E-16   0.5083509443986237E-16
 0.2194696247653782E-15   0.1783512573738655E-16
-0.1462075917728061E+01   0.4029542470383718E+00
-0.3130603129066267E-01  -0.1463475459977726E+00
 0.2912028975541001E-15   0.1169663048902247E-14
-0.1677553670415081E-16   0.2626002918178095E-15
-0.1531511016094073E-01   0.8976017004122337E-01
 0.1591124587550715E+00   0.3744667555799269E+00
-0.2441364522512730E-15   0.1890424001122428E-15
-0.9491458563163803E-15   0.3287766239282564E-15
-0.2411861838198509E+00   0.1830129421387593E+00
 0.1464532629347726E+00   0.3961743700070937E-01
-0.1309113658075835E-15   0.6297761873272912E-16
-0.1699082328673235E-15  -0.1886049754749788E-15
 0.2846448315255197E+00  -0.2101671847401831E+00
-0.2610500821596643E+00   0.1834563321162540E+00
 0.8136673336111725E-15  -0.3963378108779154E-15
-0.2816572681067479E-15   0.1366860749861528E-15
-0.1671792155527769E+00  -0.7501867715907923E-01
-0.1400082572248292E-14  -0.6836946029568846E-15
 0.2164076232864433E-14   0.5897515086403221E-15
 0.1865454509240085E+00  -0.3242497193793370E-01
 0.3994829324317563E-16  -0.3355915701309915E-16
-0.7292365253077209E-15  -0.3304731219090448E-15
 0.4877457895482683E+00   0.7305126223113049E+00
-0.1844246017948669E-16   0.1195846928646754E-15
 0.4237434669150686E-15   0.7233032847004012E-15
 0.3357961215805640E-01   0.1426031811697183E+00
-0.4971274229618088E-15   0.5944868006174591E-16
 0.7301117055906852E-16  -0.1558715252794460E-16
-0.1649572389673665E+01   0.3558168582159574E+00
-0.8576922930616482E-01  -0.1862268300915149E+00
 0.1875007582064665E-14   0.3407939624969922E-15
-0.4051064652049788E-15   0.4436332654784877E-15
 0.2706797053145130E-01   0.4702901184541512E-01
 0.1468393227590176E+00  -0.5005500469304819E-01
-0.1098848992446209E-15   0.3926419840710143E-17
-0.1574090862125189E-15  -0.1502587575923229E-15
-0.2393302301447949E+00   0.1817432467989988E+00
-0.1044737258538815E+00   0.6565518811226093E-01
-0.3170709862957299E-15   0.1147652350561053E-15
 0.1552715065100202E-15  -0.2215621763711770E-15
 0.4145388155512541E-01  -0.2501579500190890E-01
 0.4592794335209435E-01  -0.7668678140781181E-01
 0.5411230114515260E-15  -0.1780877320398855E-15
-0.1464219886638720E-15  -0.6987496418120997E-16
 0.1360169604561956E+00  -0.1544265541815443E+00
 0.1125813445267148E-14  -0.1096234119825560E-14
-0.9975873165143573E-15   0.1531277934918927E-14
-0.1256268612945699E+00   0.2312829532612159E+00
 0.1659784020571532E-16  -0.1393659768298161E-16
 0.2411121383313934E-15  -0.2837937581906183E-15
 0.3742851350829191E+00   0.3706659188149547E+00
-0.5431668958275927E-15   0.3325972493512562E-15
 0.4886277060900978E-15   0.4300672701427908E-15
 0.2519370865760272E+00   0.1831867922277116E+00
-0.3898735593824253E-16  -0.3537926692778467E-16
 0.1158704459621514E-15  -0.3647471281548631E-16
-0.1796020028092100E+00  -0.2804799993903539E-01
-0.1558350350944564E+01   0.2691976839652046E+00
