-8.2462383984473309e-01
-8.8149964139882042e-01
-9.2861997814323893e-01
-9.6771708716558036e-01
-1.0001654948764402e+00
-1.0270676363566724e+00
-1.0493162450694324e+00
-1.0676405268170066e+00
-1.0826407632801125e+00
-1.0948145342185336e+00
-1.1045768082144123e+00
-1.1122755145330885e+00
-1.1182037585837610e+00
-1.1226095189392113e+00
-1.1257034293852435e+00
-1.1276650817714020e+00
-1.1286481672891766e+00
-1.1287846916220421e+00
-1.1281884425085229e+00
-1.1269578485384413e+00
-1.1251783396545290e+00
-1.1229242988983688e+00
-1.1202606788674481e+00
-1.1172443435467456e+00
-1.1139251856867878e+00
-1.1103470928753247e+00
-1.1065486076790259e+00
-1.1025637766755967e+00
-1.0984225947998241e+00
-1.0941515200028471e+00
-1.0897738922393512e+00
-1.0853102979801634e+00
-1.0807788893429837e+00
-1.0761956649985067e+00
-1.0715747184877151e+00
-1.0669284584074092e+00
-1.0622678040233418e+00
-1.0576023591951202e+00
-1.0529405669943237e+00
-1.0482898470252051e+00
-1.0436567171798377e+00
-1.0390469013496049e+00
-1.0344654244514362e+00
-1.0299166959957275e+00
-1.0254045833134409e+00
-1.0209324754679163e+00
-1.0165033387979643e+00
-1.0121197649730052e+00
-1.0077840123857729e+00
-1.0034980416630843e+00
-9.9926354603680101e-01
-9.9508197728280046e-01
-9.9095456790131853e-01
-9.8688235017330594e-01
-9.8286617268155863e-01
-9.7890671483010139e-01
-9.7500449983082671e-01
-9.7115990655385842e-01
-9.6737318056097288e-01
-9.6364444456339449e-01
-9.5997370847107011e-01
-9.5636087913356960e-01
-9.5280576981660992e-01
-9.4930810941436128e-01
-9.4586755136683665e-01
-9.4248368223297541e-01
-9.3915602986248981e-01
-9.3588407111026828e-01
-9.3266723904452498e-01
-9.2950492961125797e-01
-9.2639650773111515e-01
-9.2334131281856791e-01
-9.2033866372663509e-01
-9.1738786313180132e-01
-9.1448820138349185e-01
-9.1163895984975540e-01
-9.0883941379608268e-01
-9.0608883483759972e-01
-9.0338649300645679e-01
-9.0073165847644054e-01
-8.9812360298602334e-01
-8.9556160099918780e-01
-8.9304493064125812e-01
-8.9057287444405420e-01
-8.8814471993189992e-01
-8.8575976007682522e-01
-8.8341729364836463e-01
-8.8111662548007974e-01
-8.7885706667241759e-01
-8.7663793474823903e-01
-8.7445855377510928e-01
-8.7231825446585565e-01
-8.7021637426660459e-01
-8.6815225743961766e-01
-8.6612525514624084e-01
-8.6413472553376236e-01
-8.6218005046659185e-01
-8.6026056877482837e-01
-8.5837567709506557e-01
-8.5652476252302712e-01
-8.5470721967688956e-01
-8.5292245082099050e-01
-8.5116986599091193e-01
-8.4944888311760292e-01
-8.4775892814815579e-01
-8.4609943516081398e-01
-8.4446984647202117e-01
-8.4286961273346295e-01
-8.4129819301730691e-01
-8.3975505488820479e-01
-8.3823967446075953e-01
-8.3675153644173705e-01
-8.3529013415634257e-01
-8.3385496955839633e-01
-8.3244555322436597e-01
-8.3106140433159692e-01
-8.2970205062113722e-01
-8.2836702834593945e-01
-8.2705588220519777e-01
-8.2576816526574359e-01
-8.2450343887160760e-01
-8.2326127254272230e-01
-8.2204124386395028e-01
-8.2084293836549371e-01
-8.1966594939579318e-01
-8.1850987798797847e-01
-8.1737433272086635e-01
-8.1625892957550361e-01
-8.1516329178809621e-01
-8.1408704970026446e-01
-8.1302984060730810e-01
-8.1199130860530655e-01
-8.1097110443763287e-01
-8.0996888534158296e-01
-8.0898431489564571e-01
-8.0801706286796460e-01
-8.0706680506648365e-01
-8.0613322319118230e-01
-8.0521600468894028e-01
-8.0431484261127095e-01
-8.0342943547541679e-01
-8.0255948712906278e-01
-8.0170470661900084e-01
-8.0086480806401028e-01
-8.0003951053223221e-01
-7.9922853792316795e-01
-7.9843161885459524e-01
-7.9764848655443199e-01
-7.9687887875774799e-01
-7.9612253760889717e-01
-7.9537920956889019e-01
-7.9464864532793833e-01
-7.9393059972311120e-01
-7.9322483166106350e-01
-7.9253110404567106e-01
-7.9184918371040269e-01
-7.9117884135526395e-01
-7.9051985148806303e-01
-7.8987199236976835e-01
-7.8923504596365490e-01
-7.8860879788796989e-01
-7.8799303737186266e-01
-7.8738755721401599e-01
-7.8679215374420353e-01
-7.8620662678675191e-01
-7.8563077962610928e-01
-7.8506441897403245e-01
-7.8450735968365692e-01
-7.8395940565915501e-01
-7.8342037853358004e-01
-7.8289009842171609e-01
-7.8236838871578129e-01
-7.8185507605653926e-01
-7.8134999030428864e-01
-7.8085296450950792e-01
-7.8036383488306815e-01
-7.7988244076583357e-01
-7.7940862459760751e-01
-7.7894223188526590e-01
-7.7848311117005609e-01
-7.7803111399403968e-01
-7.7758609486559527e-01
-7.7714791122400528e-01
-7.7671642340313030e-01
-7.7629149459418989e-01
-7.7587299080765371e-01
-7.7546078083432946e-01
-7.7505473620566057e-01
-7.7465473115328420e-01
-7.7426064256797322e-01
-7.7387234995808452e-01
-7.7348973540678156e-01
-7.7311268353034734e-01
-7.7274108143452236e-01
-7.7237481867137614e-01
-7.7201378719582059e-01
-7.7165788132196955e-01
-7.7130699767943645e-01
-7.7096103516963299e-01
-7.7061989492217298e-01
