 0.2818965363429266E+01   0.4047292931283063E+01
 0.2983377433984913E-13   0.3959506333917062E-13
 0.3353227628482484E+00   0.7315990106910197E+00
 0.5105185000070287E-14   0.6052566802999585E-14
 0.1750567445549003E-14   0.5625965867594105E-14
 0.3965891764737204E+00   0.1036886933004574E+01
 0.1744498959260850E-14   0.1853962037253856E-14
 0.7751827051421094E-18   0.2719714711879229E-17
 0.9619041674291395E-15   0.1398187121637307E-14
 0.3965891764737146E+00   0.1036886933004560E+01
 0.6258882301324321E-14   0.8259452149994573E-14
-0.6186009121243061E+00  -0.8322649748764611E+00
 0.6876201561200030E-14   0.8908973024454365E-14
-0.5876223146402945E-15  -0.5534996579848441E-15
 0.1167732871720840E+01   0.1982400519856774E+01
 0.1271708729964822E-14   0.2072724438682967E-14
-0.1653098417702664E-14  -0.2181832276788908E-14
 0.1772887392448297E-14   0.2403676216400363E-14
 0.1387778780781446E-15  -0.3348016308635238E-15
 0.2812765648414513E-14   0.4078778730953473E-14
 0.1738948412366844E+01   0.2778418645196527E+01
-0.8895054679848424E-15  -0.1582389420296834E-14
 0.2178585164568884E-14   0.3268803047917253E-14
 0.3890117394877990E-15   0.3970619406185039E-15
-0.1019150042136374E-14  -0.1445349916140426E-14
-0.3097184127330756E-14  -0.4884585253233321E-14
 0.6879262784420526E-16   0.3267378772056628E-15
 0.1738948412366837E+01   0.2778418645196514E+01
-0.5069057452582300E+00  -0.8134873626032542E+00
 0.1317279618717748E-12   0.1654995585020913E-12
-0.1494449446181097E-14  -0.1879027744663606E-14
-0.9164640302380370E-15  -0.7019553648569039E-15
-0.2550182287563985E-12  -0.3648852053839136E-12
 0.2399293003192126E-14   0.2958697096989300E-14
-0.1159902753220014E-14  -0.1675989920585775E-14
 0.7516939280606860E+00   0.1457134536671855E+01
 0.1889248306408131E-12   0.3051361247008444E-12
 0.3555930233949064E+00   0.4514010816208743E+00
-0.4131389723383926E-14  -0.5323831472626441E-14
-0.2506180599782828E-15  -0.6685001777116104E-15
-0.6603455450554879E+00  -0.9462797701479704E+00
 0.3671845351718269E-14   0.3661781488735862E-14
-0.2496008338749612E-14  -0.2264716561150631E-14
-0.2122087228162428E-13   0.7518291544883482E-13
 0.6907462068320462E+00   0.1645218048414637E+01
 0.1630692236582368E-15   0.3417311289253178E-15
-0.4547574199411813E-15  -0.9124216433902672E-15
 0.9334438604013950E-15   0.1120306104829272E-14
-0.5091413401991929E-15  -0.1025004733867796E-14
 0.2408627574566938E-15   0.2556497304105218E-15
 0.4603967635187012E-03   0.1374417459452474E-02
-0.1186332562405947E+00  -0.3541545718146242E+00
 0.2281142396326779E-15   0.4878357456853157E-15
 0.2018973195639069E-15   0.8498689869353156E-15
 0.5105095804046660E+00   0.1258770505017879E+01
 0.1673146293653193E-15   0.2009044211610988E-15
-0.3459907247108552E-16  -0.1696149871138076E-15
 0.1188285581044113E-15   0.1387778780781446E-16
 0.9159339953157541E-15   0.1554312234475219E-14
-0.7227872787022778E-16  -0.5628432937905559E-16
-0.1186332562405946E+00  -0.3541545718146242E+00
-0.4603967635187359E-03  -0.1374417459452723E-02
-0.5015483742931097E-15  -0.1037414670058639E-14
-0.4630798916870816E-15  -0.1429740125856266E-14
-0.2249719507907422E-15  -0.3758928932007244E-15
 0.5105095804046628E+00   0.1258770505017872E+01
-0.2090341788552053E-14  -0.5247538514829847E-15
 0.1625987754854230E+00   0.1053875471150899E+00
-0.4093638475298546E-14  -0.4531163009905387E-14
-0.4959770118515611E-15  -0.8525135710763802E-15
 0.4798630222828819E+00   0.8264323565164505E+00
-0.1778523381672564E-15   0.3196019362487508E-15
-0.6032020854493880E-15  -0.1406272574924248E-14
-0.2371713936355491E-13  -0.9568561221140470E-13
-0.5376421111406653E-01  -0.2364438898788033E+00
-0.1739503502815470E-15  -0.4104851694617112E-15
 0.1463881839293761E-15   0.3014888537276784E-15
 0.8104046965637823E+00   0.1654327461352133E+01
-0.9347565186839868E-01  -0.2932710166600677E+00
-0.1207367539279861E-14  -0.4890185478778622E-14
 0.4602155900567621E-15  -0.2550879629297030E-15
 0.1855759859205168E-14   0.1707026179829666E-14
 0.3202299536653186E-14   0.3814656923672999E-14
-0.2429879923494459E-14  -0.2657927617464127E-14
 0.1143474525471226E-14   0.1900852897076945E-14
 0.5372382140975233E+00   0.5271587515472447E+00
-0.2069629190248889E-12  -0.2034102053460884E-12
-0.6043819021264973E-15  -0.9325349917689449E-15
 0.1648327506471060E-15  -0.6299965571170454E-16
 0.4172009959724221E-15  -0.4336808689942020E-16
 0.5658202033623501E+00   0.1586876854829671E+01
 0.1584824737887858E-15   0.1149354376049294E-14
 0.1256943845450316E-14   0.1686282868387360E-14
 0.5380436170140166E-01   0.7439671223689320E-01
 0.4279566313498239E+00   0.5917469391997920E+00
-0.5361396560972172E-16  -0.1956591751434137E-16
 0.5724587470723463E-15   0.2055647319032516E-14
 0.1320151670272662E-15   0.2228577565543954E-15
-0.2440485599450860E-14  -0.2532900422252561E-14
-0.1692274097456874E-15  -0.5609977975857165E-15
-0.4916856852221763E-16  -0.1149796403920877E-15
 0.1047772979489991E-14   0.1373900992973631E-14
-0.2276692074759704E-15  -0.2642528680310642E-15
 0.2734765945948804E-14   0.2801754928265799E-14
 0.1153097385711740E+01   0.2129063387155065E+01
 0.4385231855877966E-15   0.2159435513489696E-15
-0.5851620791727826E-14  -0.7318015226661804E-14
-0.4279566313498274E+00  -0.5917469391997964E+00
 0.5380436170140069E-01   0.7439671223689114E-01
-0.1496656532809692E-14  -0.2588736801240835E-14
-0.4083376432123531E-16  -0.3187147811292701E-15
-0.1100248788154764E-14  -0.1723153641192024E-14
 0.3717272132916473E-15   0.1054813301324357E-15
-0.1087587838265294E-15   0.3981846450625943E-15
-0.2648167194427634E-14  -0.4084598700666419E-14
-0.3159365130622760E-15  -0.4196404508605145E-15
 0.5781610280276764E-15   0.5425352263943582E-15
-0.8551345350930497E-15  -0.6188531417937005E-15
 0.1846531825014375E-15   0.1135159674592323E-15
 0.1153097385711741E+01   0.2129063387155067E+01
 0.7067460904936555E-01  -0.2531950816393947E+00
 0.4718447854656927E-15  -0.3191891195797325E-14
-0.5426263641994071E-15  -0.4384876785463126E-15
-0.6210847243051722E-15   0.2140097289311697E-15
 0.1526556658859590E-14   0.3490263633665336E-14
-0.9983254299088085E-15  -0.2690636521941629E-14
 0.7038048770901155E-15   0.1380301734031728E-14
 0.2780765221514733E+00   0.6714378161144829E+00
-0.1072059108153667E-12  -0.2587374758888927E-12
 0.1928199159582081E-15  -0.1383777003833087E-15
-0.3437981307182889E-15   0.1659063749687233E-15
-0.1089406342913435E-14  -0.7840950111415168E-15
 0.6064493520158913E+00   0.4627504383985662E+00
-0.2486731960381635E-14  -0.2001991532554779E-14
 0.1197369479990282E-14   0.9153292493318935E-15
 0.9734723263160996E-01   0.1311608145359706E+01
-0.3265372952817793E-16  -0.1064069332638825E-14
 0.9900612846879895E-15   0.2968231196697490E-14
 0.9748844753872925E-01   0.3197159150574583E+00
-0.7675563564120321E-02  -0.2517221158444895E-01
 0.5621880591660178E-16   0.2082126365520250E-15
-0.5643949934144854E-16  -0.5727026925611556E-15
-0.3720265054338637E-15  -0.1059972795029295E-14
-0.5629582425095231E-15  -0.1760537988855167E-15
 0.1150763601657447E-15   0.6621857091622081E-15
-0.5452342611146459E-15  -0.3889575293791747E-17
-0.9927226141820400E-16  -0.3383794980327259E-15
 0.1748414448601877E-15  -0.4516281822990189E-15
 0.7514715681311919E-15   0.1627108774359644E-14
-0.5397794653843893E-02   0.5361192810780700E-02
 0.1160062088567303E+00  -0.1152195837026962E+00
 0.1889175427533199E-15   0.6205095242519573E-15
 0.3609189871590397E+00   0.1629397981417863E+01
 0.2725678056588571E-15   0.5813705000931227E-15
-0.4123088507947013E-16  -0.1603300706010794E-15
-0.7675563564120169E-02  -0.2517221158444923E-01
-0.9748844753872911E-01  -0.3197159150574577E+00
-0.7464644969846887E-16   0.4233109263125502E-16
 0.2146720301521299E-16   0.7875644580934704E-15
-0.2752196392877618E-15  -0.1422744300844103E-15
-0.1687452771849045E-15  -0.2258170715716270E-15
 0.3844234246642539E-16   0.2634999988043558E-15
-0.6355389847202686E-15  -0.9498153132059262E-15
-0.2458970527197124E-15  -0.4718447854656915E-15
-0.3681748960527047E-16   0.2541756050729162E-16
 0.5247045071058234E-15  -0.5892990465429851E-15
 0.1160062088567299E+00  -0.1152195837026962E+00
 0.5397794653844159E-02  -0.5361192810779788E-02
-0.1656537699159368E-15  -0.1471955779778527E-17
 0.3930232875259954E-16   0.1421931149214739E-15
 0.3609189871590390E+00   0.1629397981417860E+01
-0.1482648362338064E+00   0.1228185313181743E+00
-0.1901256929670517E-14   0.1222980050563466E-14
-0.3752596375944623E-15  -0.2133598889257717E-15
 0.7097998990763915E-16  -0.7148772839463727E-15
 0.8465450562766846E-15   0.2003605614753132E-15
-0.1013090476428938E-14  -0.4068176214120935E-15
-0.1211353275953793E-13  -0.3858291280773620E-14
 0.2610149912180904E+00   0.1533288432964435E+00
-0.1004127336834415E-12  -0.5988758751060419E-13
-0.2423296931880072E-13  -0.3621322531396890E-13
-0.5545298220024005E-15  -0.1194718833023989E-14
 0.6279698983036045E-15   0.8873110579621360E-15
-0.3000053463226858E+00  -0.4469447484880599E+00
 0.1140447190071640E-14   0.1641075333815686E-14
-0.1506984804452692E-15  -0.5213304925416429E-15
-0.1766056034972031E+00  -0.6594495706309019E+00
-0.3459709998820876E-17  -0.8586464787221762E-15
-0.2265957210895669E-16  -0.2795633878380853E-15
 0.2019729852811391E+00   0.1300350595623350E+01
-0.6410578018434415E-14   0.5922073185804662E-14
-0.4863514971062088E-15  -0.7020257209846614E-15
-0.3934569683949896E-15  -0.8526165884426007E-15
-0.8040443311152501E-15  -0.8673617379884035E-15
 0.4782042017439543E-15   0.3458557980521252E-15
 0.8552012435740431E-02   0.2473248833936746E-02
 0.2763329241844676E+00   0.7991570260837705E-01
 0.1142976905347641E-13   0.6966796136158327E-14
-0.8787919603223970E-15   0.4386435934141540E-15
 0.5417033237096330E+00   0.8162478849226980E+00
 0.1886928481216316E-01   0.2843256288785093E-01
-0.6007887470162289E-15  -0.1414500888481495E-14
-0.1376802556660728E-13  -0.2071439740796639E-13
 0.7382061541910678E-16  -0.3334463781479169E-15
 0.1099127104774362E-14   0.1029487655741139E-14
-0.7779994992354002E-14  -0.2916020161275238E-13
-0.5166900978251232E-16  -0.3692318261035166E-15
 0.1713039432527097E-16   0.3318742849978129E-15
-0.6344406436609295E-14  -0.6347423234108650E-16
 0.3453032551370444E+00   0.1300031832037246E+01
-0.1174565318482054E-15  -0.1191438380489775E-16
-0.2139987921793703E-15  -0.1679276324907388E-15
 0.2862293735361732E-15   0.3469446951953614E-16
 0.5551115123125783E-16   0.0000000000000000E+00
 0.1054748688025764E-15   0.1208841042722389E-16
 0.2763329241844675E+00   0.7991570260837606E-01
-0.8552012435741009E-02  -0.2473248833937847E-02
 0.9074956087507879E-15   0.4700714480456230E-15
 0.1053460745628489E-14   0.2592662106301454E-15
-0.1886928481216316E-01  -0.2843256288785126E-01
 0.5417033237096305E+00   0.8162478849226941E+00
-0.1841510728213426E-16   0.8427147553693374E-16
 0.1421715273376850E-15   0.3865391945585107E-15
-0.8300651832549022E-15  -0.1623701173514291E-14
 0.1600553457131726E-15   0.3762046013253140E-15
 0.7184771322473775E-16   0.7076423698539678E-17
-0.7589415207398531E-17  -0.2580401170515501E-16
 0.3295974604355933E-16   0.2359223927328458E-15
 0.1611880629638707E-15   0.4399415228636959E-15
 0.3079134169858833E-16  -0.5312590645178972E-17
 0.3453032551370429E+00   0.1300031832037241E+01
 0.4062722380737681E-14   0.3150257832373883E-14
-0.2216698055702290E+00  -0.1572217899796323E+00
 0.2581771448173727E-14   0.1519733548010307E-14
 0.2058582812095452E-15  -0.6831885039737252E-15
 0.3595821587786219E+00   0.1783849038102193E+00
-0.3370468959969156E-16  -0.1871514642780313E-14
-0.5863036974461120E-15   0.1538374620859043E-14
-0.2561839629322549E-13   0.1386113446244508E-12
-0.6408343549189559E-01   0.3613015714789024E+00
-0.9741781760995476E-15  -0.1106334816966619E-14
-0.1448113288279660E-16  -0.3134413126438127E-15
-0.2450057016684218E+00  -0.5523615277529832E+00
-0.6453171330633721E-15  -0.8951173136040327E-15
 0.3997452996528643E-16  -0.3151274472394650E-15
 0.5327362397264535E-15   0.1825920822710238E-14
 0.1058181320345852E-15   0.6938893903907259E-17
-0.1743235644485490E-15  -0.7887753924993472E-15
 0.1886021931252528E-18  -0.1638307060208738E-15
 0.5204170427928914E-17  -0.1960237527853757E-15
-0.3474316081826907E-15   0.4328886002259846E-15
 0.3558431913760546E-16   0.6934828037940744E-16
 0.1631193576471376E+00   0.1446165119466104E+01
-0.9874952595020835E-01   0.2556968491968734E-01
-0.1332267629550186E-14  -0.5551115123125970E-16
 0.1484346556879208E-15  -0.6259500949297791E-15
 0.1146856908979637E-14  -0.9961540903718427E-15
 0.1276756478318930E-14  -0.1249000902703302E-15
-0.8037527715750338E-15  -0.2865651844802679E-15
 0.2022167671206369E-15   0.1278402003364478E-15
 0.2571924246658043E+00   0.1162817862069870E-02
-0.9869882688917642E-13  -0.6938893903907228E-15
-0.1934103831676141E-15   0.2130815552402075E-15
 0.2849733366251579E-15  -0.5686473266808298E-15
 0.5551115123125784E-16  -0.6938893903907228E-15
-0.6086553052159359E-01   0.3045211379270997E+00
-0.7028233483417850E-17  -0.1156257632671547E-14
-0.4075083066451499E-15   0.4359445075112361E-15
 0.3696413908345896E+00  -0.2357428660363826E+00
 0.1701373435434434E-15  -0.1269350972948842E-14
 0.2816747362449476E-15  -0.1658063275654900E-15
-0.5787298490757368E-01   0.4135916108675684E+00
-0.2502856466628968E-14   0.1848314417948334E-13
-0.2424366811021951E-15  -0.1872855668913142E-15
-0.1734723475976807E-15   0.4649058915617843E-15
-0.7267676159133324E+00   0.6054140296689589E+00
-0.1144917494144697E-14  -0.6225488874411734E-15
 0.6261788819052816E-01   0.2615174158759170E-01
-0.7473474611321459E-15  -0.6931233416490313E-16
-0.5252176301836852E-16   0.5668288436361045E-15
-0.1608758261142778E+00  -0.5906551566166869E-01
-0.1469926045029399E-15   0.8713969377872160E-15
 0.1777720056216626E-15  -0.5827280901078034E-15
 0.2099015405931937E-14  -0.6104665384309982E-13
 0.4010851599524114E-02  -0.1600446583490750E+00
 0.4800842311093477E-16  -0.1982971953676600E-15
-0.3402191025948662E-16   0.7363084701400462E-16
-0.1776489249166766E+00  -0.1546612915928605E+00
-0.1214306433183760E-15  -0.2112025832001767E-15
-0.2711435500464501E-15   0.3988085412988697E-16
-0.6545982092550522E-15  -0.2411040934796301E-15
 0.1040834085586083E-15  -0.3426078865054187E-16
-0.5977034907079034E-15  -0.2873069758985714E-14
-0.7892651211663374E-16  -0.1658147277376713E-15
-0.1587271980518899E-15   0.4625206467823253E-15
 0.6433153132665386E-16  -0.8452085794532222E-15
 0.5412271859537175E-16  -0.5139488792324565E-16
 0.4903691535314754E-01  -0.4101937300301633E+00
-0.1500535806719939E-15   0.1743397093356692E-15
-0.4829784106602847E+00   0.4945225231681526E+00
-0.1225666188177803E-15  -0.1388203400990218E-15
 0.1236551285593864E-16  -0.1491258885063878E-15
 0.6385026619838211E-03   0.3932175847947934E-02
 0.5474595001121574E-02   0.3371492637763995E-01
 0.3469341865709857E-16   0.1069790823970018E-16
 0.6245004513516506E-16  -0.4510281037539698E-15
 0.5421010862427522E-18   0.2509928029303943E-16
 0.1827381828928250E-16   0.1322232949542932E-15
 0.1158726611672111E-15  -0.1648582603281229E-15
 0.1387778780781446E-16   0.3404394821604484E-16
-0.4996003610813204E-15  -0.3191891195797325E-15
 0.6616512940289266E-16   0.9704720131105274E-16
-0.9782911292248055E-15  -0.4920790079093708E-15
-0.2226956449589426E+00  -0.9209950442067212E-01
-0.1995871941570915E-02  -0.8254261853198227E-03
-0.1508478962581717E-15   0.7355655907186771E-16
 0.4372761436064451E-02   0.2146272947012840E-01
-0.1164447822114189E+00  -0.5715433817631335E+00
 0.1053123950075712E-15   0.1119082863547114E-15
-0.6266688556966216E-16  -0.6343666911212686E-15
-0.2012279232133096E-15  -0.5759281940243000E-15
-0.4283834827437705E-17  -0.5903871067984175E-16
 0.1717797188600293E-15  -0.1054783394145649E-15
 0.2210915561325640E-16   0.5220945919340987E-16
-0.4274963399377574E+00   0.5769181439999260E+00
 0.5197356768311157E-16  -0.2222638365286647E-15
 0.1120594589139048E-14  -0.3959124922333231E-15
 0.5474595001121897E-02   0.3371492637763911E-01
-0.6385026619836941E-03  -0.3932175847948190E-02
-0.8880346954099599E-15  -0.1469863042706936E-15
-0.4953416834327671E-15  -0.9865950166635418E-17
-0.2672379659831806E-16  -0.7918118789726484E-15
 0.1679086266392253E-15  -0.1303160138171234E-15
-0.1583709280030574E-15  -0.5214606040794400E-15
-0.5499416410848436E-15  -0.1287982360503903E-15
-0.3707115790501757E-15  -0.5041368359437691E-16
-0.3854358908368655E-15  -0.5356334567788386E-15
-0.2678590145314102E-15   0.1104600294480333E-15
-0.1995871941571010E-02  -0.8254261853195605E-03
 0.2226956449589424E+00   0.9209950442067227E-01
 0.2194593143984212E-15  -0.4678860523107638E-15
 0.1164447822114191E+00   0.5715433817631332E+00
 0.4372761436064396E-02   0.2146272947012839E-01
 0.1147141125087201E-15   0.8915755179921782E-15
-0.1664964052990506E-16   0.2813526503308621E-15
-0.6761862015264967E-16  -0.9341516423535590E-16
 0.2311154199149583E-15  -0.2356814620579169E-14
-0.1055057713887655E-15  -0.4941879739362243E-16
-0.2302531104965186E-15  -0.4903839768734824E-15
 0.1549702074258435E-16   0.3235992237641897E-16
-0.4274963399377566E+00   0.5769181439999248E+00
 0.4642749427940364E-01  -0.3155109929561691E-02
 0.6661338147750947E-15  -0.5930959271926890E-30
-0.1189307946187780E-15   0.1127080846607744E-15
-0.1179838041494324E-14   0.3863878662203910E-15
-0.6661338147750939E-15   0.2498001805406602E-15
-0.1199414302641943E-15  -0.1104793384292830E-15
-0.1972059335172650E-15  -0.1218490465636009E-16
-0.6858709673560315E-01   0.5014606576393427E-01
 0.2597921877622866E-13  -0.1922073611382302E-13
 0.2700379785877202E-15  -0.8881651229757382E-16
-0.6416762798730305E-15   0.8250554120588609E-16
 0.9714451465470120E-16   0.1908195823574488E-15
 0.6606675218192110E-01  -0.1329895014906078E+00
 0.7201745307839020E-16   0.4762527728094266E-15
 0.3251426394555534E-15  -0.2236961864236946E-15
-0.2940075756091725E+00   0.8505224429102780E-01
-0.3889213317228829E-15  -0.1269264456439759E-15
-0.6268834460805747E-16   0.6767159275749454E-16
 0.1134557121436214E+00   0.2226904628821088E-01
 0.5047204552994058E-14   0.9961370542289496E-15
-0.3850837415782891E-15  -0.1130418770224598E-15
 0.3053113317719180E-15  -0.5551115123125782E-16
 0.4575150971102471E+00  -0.2128325935923496E+00
 0.1734723475976806E-16  -0.3122502256758252E-16
-0.3026853212522370E-15   0.7520365027781634E-17
 0.3038867047420519E-15  -0.1621125108055768E-15
-0.9801067614824779E+00   0.1828178583865308E+00
 0.2799080634010153E+01   0.4047292931283063E+01
 0.2974140031475336E-13   0.3959506333917062E-13
 0.3330621949686092E+00   0.7315990106910197E+00
 0.4838352850939829E-14   0.6052566802999585E-14
 0.1970085476194622E-14   0.5625965867594105E-14
 0.4143024699476573E+00   0.1036886933004574E+01
 0.1364210754972080E-14   0.1853962037253856E-14
-0.8744610710015321E-17   0.2719714711879229E-17
 0.1036063596027148E-14   0.1398187121637307E-14
 0.4143024699476516E+00   0.1036886933004560E+01
 0.6078471059822732E-14   0.8259452149994573E-14
-0.6168696881924076E+00  -0.8322649748764611E+00
 0.6901147003358956E-14   0.8908973024454365E-14
-0.5571847391095200E-15  -0.5534996579848441E-15
 0.1154642117449777E+01   0.1982400519856774E+01
 0.1438082059068708E-14   0.2072724438682967E-14
-0.1660361666364921E-14  -0.2181832276788908E-14
 0.1743397093356691E-14   0.2403676216400363E-14
 0.5551115123125783E-16  -0.3348016308635238E-15
 0.2815389987052252E-14   0.4078778730953473E-14
 0.1731394687211425E+01   0.2778418645196527E+01
-0.9240944889174765E-15  -0.1582389420296834E-14
 0.2198138413794496E-14   0.3268803047917253E-14
 0.1758033822685245E-15   0.3970619406185039E-15
-0.9883587004377858E-15  -0.1445349916140426E-14
-0.3102070586362586E-14  -0.4884585253233321E-14
 0.7426784881525705E-16   0.3267378772056628E-15
 0.1731394687211417E+01   0.2778418645196514E+01
-0.5622740346157922E+00  -0.8134873626032542E+00
 0.1323663401109343E-12   0.1654995585020913E-12
-0.1466873405384383E-14  -0.1879027744663606E-14
-0.7514855695765715E-15  -0.7019553648569039E-15
-0.2549366967530275E-12  -0.3648852053839136E-12
 0.2251138109397218E-14   0.2958697096989300E-14
-0.1092893114427714E-14  -0.1675989920585775E-14
 0.7854590498423526E+00   0.1457134536671855E+01
 0.2096378626248452E-12   0.3051361247008444E-12
 0.3581971223654481E+00   0.4514010816208743E+00
-0.4127605355380323E-14  -0.5323831472626441E-14
-0.2483923300174718E-15  -0.6685001777116104E-15
-0.6605543278441348E+00  -0.9462797701479704E+00
 0.3785379446167510E-14   0.3661781488735862E-14
-0.2575103448672624E-14  -0.2264716561150631E-14
-0.4621303340002214E-13   0.7518291544883482E-13
 0.6600632285681364E+00   0.1645218048414637E+01
 0.2523775112919925E-15   0.3417311289253178E-15
-0.4497314181894024E-15  -0.9124216433902672E-15
 0.8752222037389235E-15   0.1120306104829272E-14
-0.5009014036883030E-15  -0.1025004733867796E-14
 0.2329813110765149E-15   0.2556497304105218E-15
 0.4660933823889426E-03   0.1374417459452474E-02
-0.1201011389445738E+00  -0.3541545718146242E+00
 0.1804375897091501E-15   0.4878357456853157E-15
 0.1918603347103287E-15   0.8498689869353156E-15
 0.4944714302657170E+00   0.1258770505017879E+01
 0.2243233001117244E-17   0.2009044211610988E-15
-0.3754845998211733E-16  -0.1696149871138076E-15
 0.1231653667943533E-15   0.1387778780781446E-16
 0.8881784197001252E-15   0.1554312234475219E-14
-0.6568625399180061E-16  -0.5628432937905559E-16
-0.1201011389445739E+00  -0.3541545718146242E+00
-0.4660933823889635E-03  -0.1374417459452723E-02
-0.4216082788883570E-15  -0.1037414670058639E-14
-0.4540572520029892E-15  -0.1429740125856266E-14
-0.2196051500369389E-15  -0.3758928932007244E-15
 0.4944714302657142E+00   0.1258770505017872E+01
-0.2125036258071589E-14  -0.5247538514829847E-15
 0.1580728801472966E+00   0.1053875471150899E+00
-0.4040814799479810E-14  -0.4531163009905387E-14
-0.4722759457554514E-15  -0.8525135710763802E-15
 0.4695286553593404E+00   0.8264323565164505E+00
-0.1986206463586873E-15   0.3196019362487508E-15
-0.5724866698958686E-15  -0.1406272574924248E-14
-0.2148281552649678E-13  -0.9568561221140470E-13
-0.4806635355941195E-01  -0.2364438898788033E+00
-0.1679571327087661E-15  -0.4104851694617112E-15
 0.1406889889248041E-15   0.3014888537276784E-15
 0.7761912896621965E+00   0.1654327461352133E+01
 0.2741969733773224E-01  -0.2932710166600677E+00
 0.2220446049250290E-15  -0.4890185478778622E-14
 0.7247256413081308E-15  -0.2550879629297030E-15
 0.2045515168815862E-14   0.1707026179829666E-14
 0.3125971703710206E-14   0.3814656923672999E-14
-0.2242337199548765E-14  -0.2657927617464127E-14
 0.9981683274341322E-15   0.1900852897076945E-14
 0.5018728898919597E+00   0.5271587515472447E+00
-0.1932620730116241E-12  -0.2034102053460884E-12
-0.5952008968813887E-15  -0.9325349917689449E-15
 0.1877752673110150E-15  -0.6299965571170454E-16
 0.4822531263215524E-15  -0.4336808689942020E-16
 0.4678144784952627E+00   0.1586876854829671E+01
-0.3119472162021765E-15   0.1149354376049294E-14
 0.1266950712464482E-14   0.1686282868387360E-14
 0.5601584937492256E-01   0.7439671223689320E-01
 0.4455466702445147E+00   0.5917469391997920E+00
-0.5006661200009690E-16  -0.1956591751434137E-16
 0.8378714388967978E-15   0.2055647319032516E-14
 0.1389134033497053E-15   0.2228577565543954E-15
-0.2301725431311774E-14  -0.2532900422252561E-14
-0.1794116017803471E-15  -0.5609977975857165E-15
-0.4331387679079590E-16  -0.1149796403920877E-15
 0.1037364638634131E-14   0.1373900992973631E-14
-0.2372249841470141E-15  -0.2642528680310642E-15
 0.3132553840495652E-14   0.2801754928265799E-14
 0.1156410950822889E+01   0.2129063387155065E+01
 0.7062802231498397E-15   0.2159435513489696E-15
-0.6008122160329201E-14  -0.7318015226661804E-14
-0.4455466702445182E+00  -0.5917469391997964E+00
 0.5601584937492153E-01   0.7439671223689114E-01
-0.1489985074902770E-14  -0.2588736801240835E-14
-0.3709326682616032E-16  -0.3187147811292701E-15
-0.1164733935824825E-14  -0.1723153641192024E-14
 0.2766145652110815E-15   0.1054813301324357E-15
-0.1727962886167904E-15   0.3981846450625943E-15
-0.2666094223239797E-14  -0.4084598700666419E-14
-0.3194601701228539E-15  -0.4196404508605145E-15
 0.6776814804978295E-15   0.5425352263943582E-15
-0.9903236585935050E-15  -0.6188531417937005E-15
 0.1461707816417801E-15   0.1135159674592323E-15
 0.1156410950822890E+01   0.2129063387155067E+01
-0.8577136917628653E-01  -0.2531950816393947E+00
-0.1582067810090847E-14  -0.3191891195797325E-14
-0.6834120044728179E-15  -0.4384876785463126E-15
-0.3598842432465807E-15   0.2140097289311697E-15
 0.1845745778439323E-14   0.3490263633665336E-14
-0.1353540882274453E-14  -0.2690636521941629E-14
 0.8696863717235717E-15   0.1380301734031728E-14
 0.3752090807597127E+00   0.6714378161144829E+00
-0.1447175712598892E-12  -0.2587374758888927E-12
 0.9878896739900056E-16  -0.1383777003833087E-15
-0.1908641861153352E-15   0.1659063749687233E-15
-0.9506284648352903E-15  -0.7840950111415168E-15
 0.5557478659019915E+00   0.4627504383985662E+00
-0.2305471846196013E-14  -0.2001991532554779E-14
 0.1093944861256559E-14   0.9153292493318935E-15
 0.2809443066931265E+00   0.1311608145359706E+01
-0.3113821590163378E-15  -0.1064069332638825E-14
 0.1668445414560117E-14   0.2968231196697490E-14
 0.1502364868365907E+00   0.3197159150574583E+00
-0.1182857798516327E-01  -0.2517221158444895E-01
 0.7652207268437224E-16   0.2082126365520250E-15
-0.8273817828780006E-16  -0.5727026925611556E-15
-0.3073524694165641E-15  -0.1059972795029295E-14
-0.3181982980372022E-15  -0.1760537988855167E-15
 0.1580847371499438E-15   0.6621857091622081E-15
-0.3305397845894138E-15  -0.3889575293791747E-17
-0.7762887554996212E-16  -0.3383794980327259E-15
 0.2292133379399295E-16  -0.4516281822990189E-15
 0.6655701786110474E-15   0.1627108774359644E-14
-0.2377959200003985E-02   0.5361192810780700E-02
 0.5110569210186823E-01  -0.1152195837026962E+00
 0.4607776899578654E-15   0.6205095242519573E-15
 0.4363653472405483E+00   0.1629397981417863E+01
 0.2097899355268526E-15   0.5813705000931227E-15
-0.1075675194455847E-15  -0.1603300706010794E-15
-0.1182857798516326E-01  -0.2517221158444923E-01
-0.1502364868365902E+00  -0.3197159150574577E+00
-0.5882492955362857E-16   0.4233109263125502E-16
-0.5290906601729262E-16   0.7875644580934704E-15
-0.2795462835823367E-15  -0.1422744300844103E-15
-0.1289737847351252E-15  -0.2258170715716270E-15
 0.9483525877302073E-16   0.2634999988043558E-15
-0.6063265124353623E-15  -0.9498153132059262E-15
-0.2680147770384167E-15  -0.4718447854656915E-15
-0.1735495349446715E-16   0.2541756050729162E-16
 0.2587187892298265E-15  -0.5892990465429851E-15
 0.5110569210186792E-01  -0.1152195837026962E+00
 0.2377959200004277E-02  -0.5361192810779788E-02
-0.1068241686528658E-15  -0.1471955779778527E-17
 0.4536030839136229E-16   0.1421931149214739E-15
 0.4363653472405475E+00   0.1629397981417860E+01
-0.6372556376780630E-01   0.1228185313181743E+00
-0.7910339050453556E-15   0.1222980050563466E-14
-0.2640972361021734E-15  -0.2133598889257717E-15
-0.1516991524344380E-15  -0.7148772839463727E-15
 0.3989863994746686E-15   0.2003605614753132E-15
-0.7198695272499921E-15  -0.4068176214120935E-15
-0.1166687772473675E-13  -0.3858291280773620E-14
 0.1790705298166927E+00   0.1533288432964435E+00
-0.6881821501547591E-13  -0.5988758751060419E-13
-0.2332836349730896E-13  -0.3621322531396890E-13
-0.6605202861402539E-15  -0.1194718833023989E-14
 0.4709774237277034E-15   0.8873110579621360E-15
-0.2220955692121721E+00  -0.4469447484880599E+00
 0.8684205729768772E-15   0.1641075333815686E-14
-0.7102201508942695E-16  -0.5213304925416429E-15
-0.3064678761192330E+00  -0.6594495706309019E+00
-0.1288815096719923E-16  -0.8586464787221762E-15
-0.7704545850533592E-16  -0.2795633878380853E-15
 0.2380401418651681E+00   0.1300350595623350E+01
-0.2661563864208329E-14   0.5922073185804662E-14
-0.4618689028570629E-15  -0.7020257209846614E-15
-0.2448128505472269E-15  -0.8526165884426007E-15
-0.8404735241107630E-15  -0.8673617379884035E-15
 0.4410249133020849E-15   0.3458557980521252E-15
 0.8175604359748966E-02   0.2473248833936746E-02
 0.2641704133009850E+00   0.7991570260837705E-01
 0.7795130438298093E-14   0.6966796136158327E-14
-0.9310259855662057E-15   0.4386435934141540E-15
 0.5231843609059433E+00   0.8162478849226980E+00
 0.1822420923615288E-01   0.2843256288785093E-01
-0.5689124164044274E-15  -0.1414500888481495E-14
-0.1027733602640674E-13  -0.2071439740796639E-13
 0.6369687763352339E-17  -0.3334463781479169E-15
 0.1052649771683808E-14   0.1029487655741139E-14
-0.1356247164210948E-13  -0.2916020161275238E-13
 0.3960726061361108E-17  -0.3692318261035166E-15
 0.1337905480847112E-15   0.3318742849978129E-15
-0.3323352574486166E-14  -0.6347423234108650E-16
 0.3134315371527858E+00   0.1300031832037246E+01
-0.9018230225787968E-16  -0.1191438380489775E-16
-0.2086561032193748E-15  -0.1679276324907388E-15
 0.2723515857283587E-15   0.3469446951953614E-16
 0.2775557561562891E-15   0.0000000000000000E+00
 0.1011097984470035E-15   0.1208841042722389E-16
 0.2641704133009850E+00   0.7991570260837606E-01
-0.8175604359749516E-02  -0.2473248833937847E-02
 0.8559028810420075E-15   0.4700714480456230E-15
 0.1008975819305020E-14   0.2592662106301454E-15
-0.1822420923615288E-01  -0.2843256288785126E-01
 0.5231843609059406E+00   0.8162478849226941E+00
-0.2028633110855702E-16   0.8427147553693374E-16
 0.1351170877804443E-15   0.3865391945585107E-15
-0.8274630980409370E-15  -0.1623701173514291E-14
 0.1600417931860165E-15   0.3762046013253140E-15
 0.5355605478283850E-16   0.7076423698539678E-17
-0.2591243192240356E-16  -0.2580401170515501E-16
 0.8673617379884035E-16   0.2359223927328458E-15
 0.1566752900731756E-15   0.4399415228636959E-15
 0.3100818213308543E-16  -0.5312590645178972E-17
 0.3134315371527845E+00   0.1300031832037241E+01
 0.3733124920302088E-14   0.3150257832373883E-14
-0.2081531146320470E+00  -0.1572217899796323E+00
 0.2439960014131034E-14   0.1519733548010307E-14
 0.2910803151674634E-15  -0.6831885039737252E-15
 0.3379881395790487E+00   0.1783849038102193E+00
 0.1772279774564535E-15  -0.1871514642780313E-14
-0.7207288318394432E-15   0.1538374620859043E-14
-0.4204969705767780E-13   0.1386113446244508E-12
-0.1067514460081071E+00   0.3613015714789024E+00
-0.9823466189883065E-15  -0.1106334816966619E-14
 0.2027306612416278E-16  -0.3134413126438127E-15
-0.2326516033630287E+00  -0.5523615277529832E+00
-0.6765421556309547E-15  -0.8951173136040327E-15
 0.7255707091774490E-16  -0.3151274472394650E-15
 0.4975780212073125E-15   0.1825920822710238E-14
-0.4510281037539700E-16   0.6938893903907259E-17
-0.2180319107979093E-15  -0.7887753924993472E-15
 0.1560249495968032E-16  -0.1638307060208738E-15
 0.1353084311261894E-15  -0.1960237527853757E-15
-0.5270925833635623E-15   0.4328886002259846E-15
 0.3180821956886999E-16   0.6934828037940744E-16
 0.4365584642634101E-01   0.1446165119466104E+01
 0.9702279723692561E-01   0.2556968491968734E-01
 0.9992007221626431E-15  -0.5551115123125970E-16
 0.3568628777203550E-15  -0.6259500949297791E-15
 0.9881179635723968E-15  -0.9961540903718427E-15
 0.6383782391594651E-15  -0.1249000902703302E-15
-0.3937677767110682E-15  -0.2865651844802679E-15
-0.3214432275082814E-16   0.1278402003364478E-15
 0.1523459809143183E+00   0.1162817862069870E-02
-0.5836997551966761E-13  -0.6938893903907228E-15
-0.1184133557630853E-15   0.2130815552402075E-15
 0.1711094330471328E-15  -0.5686473266808298E-15
 0.6938893903907230E-16  -0.6938893903907228E-15
-0.8539148794318666E-01   0.3045211379270997E+00
 0.1182927467471006E-15  -0.1156257632671547E-14
-0.3288175937072634E-15   0.4359445075112361E-15
 0.1818191671257145E+00  -0.2357428660363826E+00
-0.2307137192934138E-15  -0.1269350972948842E-14
 0.2406838911330945E-15  -0.1658063275654900E-15
 0.8563069233148310E-01   0.4135916108675684E+00
 0.3881673692440687E-14   0.1848314417948334E-13
-0.2317340205613472E-15  -0.1872855668913142E-15
-0.3469446951953617E-16   0.4649058915617843E-15
-0.5815731685001946E+00   0.6054140296689589E+00
-0.9332812300755264E-15  -0.6225488874411734E-15
 0.5280081936052598E-01   0.2615174158759170E-01
-0.8188280175213892E-15  -0.6931233416490313E-16
-0.1014752381924360E-15   0.5668288436361045E-15
-0.1385075436317628E+00  -0.5906551566166869E-01
-0.3001655115417405E-15   0.8713969377872160E-15
 0.2785809812816920E-15  -0.5827280901078034E-15
 0.1343369859796439E-13  -0.6104665384309982E-13
 0.3381160763486461E-01  -0.1600446583490750E+00
 0.7777123296809795E-16  -0.1982971953676600E-15
-0.5345647423821839E-16   0.7363084701400462E-16
-0.1628479096908629E+00  -0.1546612915928605E+00
-0.5898059818321091E-16  -0.2112025832001767E-15
-0.2865143055875371E-15   0.3988085412988697E-16
-0.3971775130839870E-15  -0.2411040934796301E-15
 0.1734723475976806E-15  -0.3426078865054187E-16
-0.7991413492689106E-15  -0.2873069758985714E-14
-0.1021694713683967E-15  -0.1658147277376713E-15
-0.2181414771040952E-15   0.4625206467823253E-15
 0.2029389110555058E-15  -0.8452085794532222E-15
 0.5907651828105957E-16  -0.5139488792324565E-16
 0.1176301949927475E+00  -0.4101937300301633E+00
-0.1509209424099823E-15   0.1743397093356692E-15
-0.5482540024659729E+00   0.4945225231681526E+00
-0.1688258247382570E-15  -0.1388203400990218E-15
 0.5732834592826760E-16  -0.1491258885063878E-15
 0.3588560948164433E-02   0.3932175847947934E-02
 0.3076873284600645E-01   0.3371492637763995E-01
 0.2461333690771464E-16   0.1069790823970018E-16
 0.9020562075079397E-16  -0.4510281037539698E-15
 0.8294146619514109E-17   0.2509928029303943E-16
 0.3731025455720343E-16   0.1322232949542932E-15
 0.8642642548518997E-16  -0.1648582603281229E-15
 0.1235990476633475E-16   0.3404394821604484E-16
-0.4440892098500626E-15  -0.3191891195797325E-15
 0.4470475882101226E-16   0.9704720131105274E-16
-0.7278345748479885E-15  -0.4920790079093708E-15
-0.1701729100629748E+00  -0.9209950442067212E-01
-0.1525145839617915E-02  -0.8254261853198227E-03
-0.1049119363790335E-15   0.7355655907186771E-16
 0.5860348661438927E-02   0.2146272947012840E-01
-0.1560585990207626E+00  -0.5715433817631335E+00
 0.5952028999704341E-16   0.1119082863547114E-15
-0.1073360150760649E-15  -0.6343666911212686E-15
-0.2151057110211241E-15  -0.5759281940243000E-15
-0.2052327789330234E-17  -0.5903871067984175E-16
 0.1345430957400100E-15  -0.1054783394145649E-15
 0.2273766531120682E-16   0.5220945919340987E-16
-0.3987169549939398E+00   0.5769181439999260E+00
 0.1147497461197221E-15  -0.2222638365286647E-15
 0.1378668393669494E-14  -0.3959124922333231E-15
 0.3076873284600677E-01   0.3371492637763911E-01
-0.3588560948164257E-02  -0.3932175847948190E-02
-0.7670147555809966E-15  -0.1469863042706936E-15
-0.4961137719326408E-15  -0.9865950166635418E-17
-0.6144426765973897E-16  -0.7918118789726484E-15
 0.1471365554858105E-15  -0.1303160138171234E-15
 0.1940022761225359E-16  -0.5214606040794400E-15
-0.3835384717068116E-15  -0.1287982360503903E-15
-0.3451530284419952E-15  -0.5041368359437691E-16
-0.4356394375918996E-15  -0.5356334567788386E-15
-0.2095559662440073E-15   0.1104600294480333E-15
-0.1525145839617989E-02  -0.8254261853195605E-03
 0.1701729100629747E+00   0.9209950442067227E-01
 0.1046123998158387E-15  -0.4678860523107638E-15
 0.1560585990207627E+00   0.5715433817631332E+00
 0.5860348661438873E-02   0.2146272947012839E-01
 0.2284313344038503E-15   0.8915755179921782E-15
-0.9815758933872577E-17   0.2813526503308621E-15
-0.6934533838148655E-16  -0.9341516423535590E-16
 0.5454234598299683E-15  -0.2356814620579169E-14
-0.6753529923946158E-16  -0.4941879739362243E-16
-0.6969658778245445E-15  -0.4903839768734824E-15
 0.1367010941496596E-16   0.3235992237641897E-16
-0.3987169549939392E+00   0.5769181439999248E+00
-0.8959005881645080E-01  -0.3155109929561691E-02
-0.9992007221626401E-15  -0.5930959271926890E-30
-0.2884980710416499E-15   0.1127080846607744E-15
-0.1088753078818140E-14   0.3863878662203910E-15
-0.5551115123125783E-15   0.2498001805406602E-15
-0.3564047002487429E-15  -0.1104793384292830E-15
-0.3284649248315948E-16  -0.1218490465636009E-16
-0.7353900546003128E-02   0.5014606576393427E-01
 0.2331468351712829E-14  -0.1922073611382302E-13
 0.2297131322139582E-15  -0.8881651229757382E-16
-0.5728645421742451E-15   0.8250554120588609E-16
 0.1526556658859590E-15   0.1908195823574488E-15
 0.1128648062388983E+00  -0.1329895014906078E+00
-0.1406036514172095E-15   0.4762527728094266E-15
 0.3429212634106676E-15  -0.2236961864236946E-15
-0.1795418884368625E+00   0.8505224429102780E-01
-0.8113834008838968E-16  -0.1269264456439759E-15
-0.3677333063953198E-16   0.6767159275749454E-16
-0.8553218110044683E-02   0.2226904628821088E-01
-0.3860519304647883E-15   0.9961370542289496E-15
-0.3838402859022477E-15  -0.1130418770224598E-15
 0.1387778780781446E-15  -0.5551115123125782E-16
 0.3655465560419687E+00  -0.2128325935923496E+00
 0.2428612866367529E-16  -0.3122502256758252E-16
-0.2867848525487970E-15   0.7520365027781634E-17
 0.2696197614641362E-15  -0.1621125108055768E-15
-0.9337600057320616E+00   0.1828178583865308E+00
 0.2903475089351980E+01   0.4047292931283063E+01
 0.3116430724592334E-13   0.3959506333917062E-13
 0.3175449765908215E+00   0.7315990106910197E+00
 0.4952079567338388E-14   0.6052566802999585E-14
 0.2396374717633776E-14   0.5625965867594105E-14
 0.4403748893263050E+00   0.1036886933004574E+01
 0.1366676566641804E-14   0.1853962037253856E-14
-0.9707039955457254E-16   0.2719714711879229E-17
 0.1056880277738870E-14   0.1398187121637307E-14
 0.4403748893262992E+00   0.1036886933004560E+01
 0.5521624824034177E-14   0.8259452149994573E-14
-0.6019170500458043E+00  -0.8322649748764611E+00
 0.6965249347652915E-14   0.8908973024454365E-14
-0.2389927480266453E-15  -0.5534996579848441E-15
 0.1074985315827916E+01   0.1982400519856774E+01
 0.1511398301013078E-14   0.2072724438682967E-14
-0.1847276581418528E-14  -0.2181832276788908E-14
 0.1709569985575143E-14   0.2403676216400363E-14
-0.2081668171172169E-15  -0.3348016308635238E-15
 0.3404843862438999E-14   0.4078778730953473E-14
 0.1780589860737834E+01   0.2778418645196527E+01
-0.1115914664499491E-14  -0.1582389420296834E-14
 0.2504305299314325E-14   0.3268803047917253E-14
 0.2818925648462312E-15   0.3970619406185039E-15
-0.9423885283244005E-15  -0.1445349916140426E-14
-0.3574505289237012E-14  -0.4884585253233321E-14
 0.2060526228808701E-15   0.3267378772056628E-15
 0.1780589860737825E+01   0.2778418645196514E+01
-0.5787862630748845E+00  -0.8134873626032542E+00
 0.1489433576473687E-12   0.1654995585020913E-12
-0.1252912518600936E-14  -0.1879027744663606E-14
-0.5064806183089844E-15  -0.7019553648569039E-15
-0.3016059624272316E-12  -0.3648852053839136E-12
 0.2548448181070076E-14   0.2958697096989300E-14
-0.1217304917795282E-14  -0.1675989920585775E-14
 0.7341984267914612E+00   0.1457134536671855E+01
 0.2153702563512105E-12   0.3051361247008444E-12
 0.4021129179899756E+00   0.4514010816208743E+00
-0.4504834408624876E-14  -0.5323831472626441E-14
-0.4146207609970911E-15  -0.6685001777116104E-15
-0.7828664506579165E+00  -0.9462797701479704E+00
 0.3338398530918629E-14   0.3661781488735862E-14
-0.2102079180164460E-14  -0.2264716561150631E-14
 0.3725492137007791E-13   0.7518291544883482E-13
 0.8244017682226580E+00   0.1645218048414637E+01
 0.2416902813764085E-15   0.3417311289253178E-15
-0.5117564158931887E-15  -0.9124216433902672E-15
 0.1006627507044167E-14   0.1120306104829272E-14
-0.4380176776841438E-15  -0.1025004733867796E-14
 0.1616797905196130E-15   0.2556497304105218E-15
 0.8507968713875908E-03   0.1374417459452474E-02
-0.2192300451476112E+00  -0.3541545718146242E+00
 0.2928093595364596E-15   0.4878357456853157E-15
 0.5272640069980629E-15   0.8498689869353156E-15
 0.5062856885544423E+00   0.1258770505017879E+01
 0.5040493486373921E-16   0.2009044211610988E-15
-0.5913586348418776E-16  -0.1696149871138076E-15
 0.2081668171172169E-16   0.1387778780781446E-16
 0.9575673587391975E-15   0.1554312234475219E-14
 0.1019705762632117E-17  -0.5628432937905559E-16
-0.2192300451476112E+00  -0.3541545718146242E+00
-0.8507968713875610E-03  -0.1374417459452723E-02
-0.6154781388082517E-15  -0.1037414670058639E-14
-0.8971643793719229E-15  -0.1429740125856266E-14
-0.2541369892306022E-15  -0.3758928932007244E-15
 0.5062856885544393E+00   0.1258770505017872E+01
-0.1654926196081874E-14  -0.5247538514829847E-15
 0.1279315738565420E+00   0.1053875471150899E+00
-0.3441704104083228E-14  -0.4531163009905387E-14
-0.1368651053044918E-15  -0.8525135710763802E-15
 0.4304685302848865E+00   0.8264323565164505E+00
 0.4582620169281564E-15   0.3196019362487508E-15
-0.9694916300050473E-15  -0.1406272574924248E-14
-0.7877726249105876E-13  -0.9568561221140470E-13
-0.1981921693878203E+00  -0.2364438898788033E+00
-0.2870906777061362E-15  -0.4104851694617112E-15
 0.2220396187417372E-15   0.3014888537276784E-15
 0.6311075921350926E+00   0.1654327461352133E+01
-0.9696881658611270E-01  -0.2932710166600677E+00
-0.1554312234475219E-14  -0.4890185478778622E-14
 0.2711739630760065E-15  -0.2550879629297030E-15
 0.1838095261872400E-14   0.1707026179829666E-14
 0.2820660371938288E-14   0.3814656923672999E-14
-0.2129863340792487E-14  -0.2657927617464127E-14
 0.9990718461744083E-15   0.1900852897076945E-14
 0.4765352606358440E+00   0.5271587515472447E+00
-0.1837661967041271E-12  -0.2034102053460884E-12
-0.5369098262413397E-15  -0.9325349917689449E-15
 0.1046159213533864E-15  -0.6299965571170454E-16
 0.2827599265842196E-15  -0.4336808689942020E-16
 0.4445794821208667E+00   0.1586876854829671E+01
 0.1770825750896441E-15   0.1149354376049294E-14
 0.1190806779101389E-14   0.1686282868387360E-14
 0.5877063849195421E-01   0.7439671223689320E-01
 0.4674580958859283E+00   0.5917469391997920E+00
 0.5408611941755173E-16  -0.1956591751434137E-16
 0.7228104833417737E-15   0.2055647319032516E-14
 0.1685121226585595E-15   0.2228577565543954E-15
-0.2163344970575266E-14  -0.2532900422252561E-14
-0.3703936118767767E-15  -0.5609977975857165E-15
-0.3802839119992907E-16  -0.1149796403920877E-15
 0.9481347998385736E-15   0.1373900992973631E-14
-0.1535793601965455E-15  -0.2642528680310642E-15
 0.2909644272116283E-14   0.2801754928265799E-14
 0.1089083886271774E+01   0.2129063387155065E+01
 0.6235476980287968E-15   0.2159435513489696E-15
-0.6031102876163967E-14  -0.7318015226661804E-14
-0.4674580958859317E+00  -0.5917469391997964E+00
 0.5877063849195309E-01   0.7439671223689114E-01
-0.1543763224368922E-14  -0.2588736801240835E-14
-0.1075867368284522E-15  -0.3187147811292701E-15
-0.9206983438858228E-15  -0.1723153641192024E-14
 0.2132736401746433E-15   0.1054813301324357E-15
 0.2921573466667461E-15   0.3981846450625943E-15
-0.2438232831307734E-14  -0.4084598700666419E-14
-0.2606693073198274E-15  -0.4196404508605145E-15
 0.7751888376193175E-15   0.5425352263943582E-15
-0.8877300245187894E-15  -0.6188531417937005E-15
 0.4362558491538548E-16   0.1135159674592323E-15
 0.1089083886271775E+01   0.2129063387155067E+01
-0.1877096357861406E+00  -0.2531950816393947E+00
-0.2445960101127298E-14  -0.3191891195797325E-14
-0.6426051543499928E-15  -0.4384876785463126E-15
 0.1814359382186691E-15   0.2140097289311697E-15
 0.2338407245616736E-14   0.3490263633665336E-14
-0.1614897528763691E-14  -0.2690636521941629E-14
 0.9091592049560322E-15   0.1380301734031728E-14
 0.4702623343542675E+00   0.6714378161144829E+00
-0.1810634975285552E-12  -0.2587374758888927E-12
-0.3635630033336128E-16  -0.1383777003833087E-15
 0.5507036157638478E-16   0.1659063749687233E-15
-0.6479192182773374E-15  -0.7840950111415168E-15
 0.3496535824222203E+00   0.4627504383985662E+00
-0.1499915078943824E-14  -0.2001991532554779E-14
 0.8109691486217920E-15   0.9153292493318935E-15
 0.4823185278632364E+00   0.1311608145359706E+01
-0.8917198761210856E-15  -0.1064069332638825E-14
 0.3033390223240915E-14   0.2968231196697490E-14
 0.2698417846285329E+00   0.3197159150574583E+00
-0.2124546879617800E-01  -0.2517221158444895E-01
 0.1434966936351868E-15   0.2082126365520250E-15
-0.1889222285555991E-15  -0.5727026925611556E-15
-0.4838159021092366E-15  -0.1059972795029295E-14
 0.2352883997632683E-15  -0.1760537988855167E-15
 0.3367617236777803E-15   0.6621857091622081E-15
 0.1767300363128207E-15  -0.3889575293791747E-17
-0.3924811864397526E-16  -0.3383794980327259E-15
-0.3290626669249031E-15  -0.4516281822990189E-15
 0.3909508634647317E-15   0.1627108774359644E-14
 0.4806013027589594E-02   0.5361192810780700E-02
-0.1032879882990094E+00  -0.1152195837026962E+00
 0.5651630367807671E-15   0.6205095242519573E-15
 0.6865110528100474E+00   0.1629397981417863E+01
 0.2778332811982074E-15   0.5813705000931227E-15
-0.2557743150177276E-15  -0.1603300706010794E-15
-0.2124546879617825E-01  -0.2517221158444923E-01
-0.2698417846285321E+00  -0.3197159150574577E+00
 0.3463944472334188E-16   0.4233109263125502E-16
 0.1561251128379126E-16   0.7875644580934704E-15
-0.1616816489719008E-15  -0.1422744300844103E-15
-0.9549975292784960E-16  -0.2258170715716270E-15
 0.1697066640895378E-15   0.2634999988043558E-15
-0.6032500887709347E-15  -0.9498153132059262E-15
-0.4718447854656915E-15  -0.4718447854656915E-15
 0.6708647117295285E-16   0.2541756050729162E-16
-0.4349654423953093E-15  -0.5892990465429851E-15
-0.1032879882990095E+00  -0.1152195837026962E+00
-0.4806013027589201E-02  -0.5361192810779788E-02
 0.4405103045674368E-17  -0.1471955779778527E-17
 0.6513344551206668E-16   0.1421931149214739E-15
 0.6865110528100463E+00   0.1629397981417860E+01
 0.1125457704020043E+00   0.1228185313181743E+00
 0.1249000902703381E-14   0.1222980050563466E-14
 0.2604681493590946E-15  -0.2133598889257717E-15
-0.3624043918900122E-15  -0.7148772839463727E-15
-0.3608224830031724E-15   0.2003605614753132E-15
 0.1293911007468755E-15  -0.4068176214120935E-15
-0.4848832671080529E-14  -0.3858291280773620E-14
-0.2889347578480055E-01   0.1533288432964435E+00
 0.1104671909502031E-13  -0.5988758751060419E-13
-0.2326214654089113E-13  -0.3621322531396890E-13
-0.8373059701115231E-15  -0.1194718833023989E-14
 0.4336808689942021E-15   0.8873110579621360E-15
-0.8233853630012517E-02  -0.4469447484880599E+00
 0.1103303910305631E-15   0.1641075333815686E-14
 0.8245055387362767E-16  -0.5213304925416429E-15
-0.4346466872967637E+00  -0.6594495706309019E+00
 0.7927606516228733E-15  -0.8586464787221762E-15
-0.1649793906181651E-15  -0.2795633878380853E-15
 0.3049518744286738E-01   0.1300350595623350E+01
 0.5136789374669436E-14   0.5922073185804662E-14
-0.3316575249564837E-15  -0.7020257209846614E-15
-0.1778091562876227E-15  -0.8526165884426007E-15
-0.8569533971325427E-15  -0.8673617379884035E-15
-0.1280327282216019E-15   0.3458557980521252E-15
 0.3344496250952782E-02   0.2473248833936746E-02
 0.1080674795428813E+00   0.7991570260837705E-01
-0.1268628476467639E-14   0.6966796136158327E-14
-0.9652115677539034E-17   0.4386435934141540E-15
 0.5243416485921230E+00   0.8162478849226980E+00
 0.1826452132213123E-01   0.2843256288785093E-01
-0.1030163865360299E-14  -0.1414500888481495E-14
-0.7261477615181678E-15  -0.2071439740796639E-13
-0.1649884655979816E-15  -0.3334463781479169E-15
 0.1006523321991654E-14   0.1029487655741139E-14
-0.1926679976190362E-13  -0.2916020161275238E-13
 0.5056617288518722E-16  -0.3692318261035166E-15
 0.4555817528784090E-15   0.3318742849978129E-15
-0.1037695615613385E-13  -0.6347423234108650E-16
 0.2633687087484326E+00   0.1300031832037246E+01
-0.9887840857862020E-17  -0.1191438380489775E-16
-0.1628206680420366E-15  -0.1679276324907388E-15
 0.8673617379884035E-16   0.3469446951953614E-16
 0.1110223024625157E-15   0.0000000000000000E+00
 0.3435311550436537E-16   0.1208841042722389E-16
 0.1080674795428811E+00   0.7991570260837606E-01
-0.3344496250953360E-02  -0.2473248833937847E-02
 0.3529792233883434E-15   0.4700714480456230E-15
 0.4420084989948105E-15   0.2592662106301454E-15
-0.1826452132213125E-01  -0.2843256288785126E-01
 0.5243416485921203E+00   0.8162478849226941E+00
-0.1745861402494231E-16   0.8427147553693374E-16
 0.1769555022401339E-15   0.3865391945585107E-15
-0.9046582927219049E-15  -0.1623701173514291E-14
 0.1951292859930787E-15   0.3762046013253140E-15
-0.1609963839484590E-16   0.7076423698539678E-17
-0.8944667923005412E-16  -0.2580401170515501E-16
 0.3452099717193846E-15   0.2359223927328458E-15
 0.1332605275151746E-15   0.4399415228636959E-15
 0.4217546450968612E-16  -0.5312590645178972E-17
 0.2633687087484315E+00   0.1300031832037241E+01
 0.1462371890248448E-14   0.3150257832373883E-14
-0.8171957714421529E-01  -0.1572217899796323E+00
 0.1137142009203387E-14   0.1519733548010307E-14
 0.3086925515226627E-15  -0.6831885039737252E-15
 0.1104254445428414E-01   0.1783849038102193E+00
-0.7753398716410665E-15  -0.1871514642780313E-14
 0.4534313406820354E-15   0.1538374620859043E-14
 0.6139880270872311E-13   0.1386113446244508E-12
 0.1594286817944616E+00   0.3613015714789024E+00
-0.9659094996537603E-15  -0.1106334816966619E-14
-0.4457355306766319E-16  -0.3134413126438127E-15
-0.4582982883327927E+00  -0.5523615277529832E+00
-0.6800116025829083E-15  -0.8951173136040327E-15
-0.9799447094076977E-16  -0.3151274472394650E-15
 0.1303168494317793E-14   0.1825920822710238E-14
-0.2185751579730777E-15   0.6938893903907259E-17
-0.3253282894774835E-15  -0.7887753924993472E-15
-0.9158283347519339E-17  -0.1638307060208738E-15
-0.1049507702965984E-15  -0.1960237527853757E-15
-0.1732212867103850E-15   0.4328886002259846E-15
 0.3843405508869984E-16   0.6934828037940744E-16
 0.1780205614305417E+00   0.1446165119466104E+01
 0.1255463408016138E+00   0.2556968491968734E-01
 0.1276756478318932E-14  -0.5551115123125970E-16
 0.5231930756499550E-16  -0.6259500949297791E-15
 0.3533290690475752E-15  -0.9961540903718427E-15
-0.4163336342344328E-16  -0.1249000902703302E-15
 0.8545916793709759E-16  -0.2865651844802679E-15
-0.2181803834901534E-15   0.1278402003364478E-15
 0.1599918521872645E-01   0.1162817862069870E-02
-0.5925815393936773E-14  -0.6938893903907228E-15
 0.5741238826988692E-16   0.2130815552402075E-15
-0.1264413792992905E-15  -0.5686473266808298E-15
-0.1595945597898663E-15  -0.6938893903907228E-15
 0.3962167954964430E-01   0.3045211379270997E+00
-0.3149072207900138E-15  -0.1156257632671547E-14
 0.8107030364833679E-16   0.4359445075112361E-15
-0.1452883296427163E+00  -0.2357428660363826E+00
-0.7424983105289729E-15  -0.1269350972948842E-14
 0.1347539610486788E-15  -0.1658063275654900E-15
 0.2441727736788547E+00   0.4135916108675684E+00
 0.1093058240448162E-13   0.1848314417948334E-13
-0.2066075834826048E-15  -0.1872855668913142E-15
 0.1804112415015879E-15   0.4649058915617843E-15
-0.2367153470343898E+00   0.6054140296689589E+00
 0.6192962809237164E-15  -0.6225488874411734E-15
-0.2786767550449282E-01   0.2615174158759170E-01
-0.4458935881766967E-15  -0.6931233416490313E-16
-0.1991372948441994E-15   0.5668288436361045E-15
 0.1147114103316316E+00  -0.5906551566166869E-01
-0.1899695450780427E-16   0.8713969377872160E-15
-0.1153219332865272E-15  -0.5827280901078034E-15
-0.2678066102212995E-13  -0.6104665384309982E-13
-0.6769970568785476E-01  -0.1600446583490750E+00
 0.9970540159244579E-16  -0.1982971953676600E-15
-0.1471141056500267E-16   0.7363084701400462E-16
 0.1071483726938623E+00  -0.1546612915928605E+00
 0.3608224830031764E-15  -0.2112025832001767E-15
-0.1667965895215693E-15   0.3988085412988697E-16
-0.3641090335693847E-15  -0.2411040934796301E-15
 0.7979727989493304E-16  -0.3426078865054187E-16
-0.1535487509780289E-14  -0.2873069758985714E-14
-0.1390588698687562E-15  -0.1658147277376713E-15
-0.1565587937069172E-15   0.4625206467823253E-15
 0.8300301654476551E-16  -0.8452085794532222E-15
 0.7698454105825324E-16  -0.5139488792324565E-16
 0.5252090346813755E-01  -0.4101937300301633E+00
-0.1925543058334257E-15   0.1743397093356692E-15
-0.6540481238196344E+00   0.4945225231681526E+00
-0.1561327882052351E-15  -0.1388203400990218E-15
 0.1281871779549041E-15  -0.1491258885063878E-15
 0.9003135437962009E-02   0.3932175847947934E-02
 0.7719391507305134E-01   0.3371492637763995E-01
-0.9915216120522326E-17   0.1069790823970018E-16
 0.1040834085586084E-15  -0.4510281037539698E-15
 0.2087089182034596E-16   0.2509928029303943E-16
 0.4468508715079866E-16   0.1322232949542932E-15
 0.1547569753373962E-16  -0.1648582603281229E-15
 0.1105886215935215E-16   0.3404394821604484E-16
-0.1942890293094024E-15  -0.3191891195797325E-15
-0.1048999385920097E-16   0.9704720131105274E-16
-0.7624618523296968E-16  -0.4920790079093708E-15
-0.2015816797056583E-01  -0.9209950442067212E-01
-0.1806641609598275E-03  -0.8254261853198227E-03
-0.2520753850313290E-16   0.7355655907186771E-16
 0.1104057101871395E-01   0.2146272947012840E-01
-0.2940057230565322E+00  -0.5715433817631335E+00
-0.2844765722052543E-16   0.1119082863547114E-15
-0.2638948087829718E-15  -0.6343666911212686E-15
-0.2983724378680108E-15  -0.5759281940243000E-15
-0.8413604921017421E-18  -0.5903871067984175E-16
 0.1796804897704680E-16  -0.1054783394145649E-15
 0.2617309066477713E-16   0.5220945919340987E-16
-0.2854190002489362E+00   0.5769181439999260E+00
 0.8638040184355429E-16  -0.2222638365286647E-15
 0.1368323632960994E-14  -0.3959124922333231E-15
 0.7719391507305154E-01   0.3371492637763911E-01
-0.9003135437961607E-02  -0.3932175847948190E-02
 0.5201033425363003E-15  -0.1469863042706936E-15
-0.4885647373078183E-15  -0.9865950166635418E-17
-0.1448241410970101E-15  -0.7918118789726484E-15
 0.1237750183790550E-15  -0.1303160138171234E-15
-0.3583796364273759E-15  -0.5214606040794400E-15
 0.5998380152956672E-16  -0.1287982360503903E-15
-0.2676405801136301E-15  -0.5041368359437691E-16
 0.5477656011656567E-15  -0.5356334567788386E-15
 0.3405911536059410E-16   0.1104600294480333E-15
-0.1806641609598208E-03  -0.8254261853195605E-03
 0.2015816797056578E-01   0.9209950442067227E-01
-0.1788091824235086E-15  -0.4678860523107638E-15
 0.2940057230565322E+00   0.5715433817631332E+00
 0.1104057101871390E-01   0.2146272947012839E-01
 0.5103884827054717E-15   0.8915755179921782E-15
-0.3333829645259504E-17   0.2813526503308621E-15
-0.7560552801198451E-16  -0.9341516423535590E-16
 0.1449015224819159E-15  -0.2356814620579169E-14
 0.1642908244278594E-16  -0.4941879739362243E-16
-0.1796235572353977E-14  -0.4903839768734824E-15
 0.1095492072104953E-16   0.3235992237641897E-16
-0.2854190002489358E+00   0.5769181439999248E+00
-0.5627412211014137E-01  -0.3155109929561691E-02
-0.5551115123125776E-15  -0.5930959271926890E-30
 0.6448646557137596E-16   0.1127080846607744E-15
-0.5417445339860422E-15   0.3863878662203910E-15
-0.2498001805406602E-15   0.2498001805406602E-15
-0.3722860273329034E-15  -0.1104793384292830E-15
 0.4229386727575220E-16  -0.1218490465636009E-16
 0.1969379022283309E-01   0.5014606576393427E-01
-0.7993605777301127E-14  -0.1922073611382302E-13
 0.1273274686783833E-15  -0.8881651229757382E-16
-0.3596154200018940E-15   0.8250554120588609E-16
 0.1942890293094024E-15   0.1908195823574488E-15
 0.9311957588209702E-01  -0.1329895014906078E+00
-0.1331931782586568E-15   0.4762527728094266E-15
 0.2336144764103230E-15  -0.2236961864236946E-15
 0.1902742972229392E-01   0.8505224429102780E-01
 0.5277053199461411E-15  -0.1269264456439759E-15
 0.5429788297246818E-16   0.6767159275749454E-16
-0.2585251957916657E+00   0.2226904628821088E-01
-0.1153311426416870E-13   0.9961370542289496E-15
-0.3925116846664946E-15  -0.1130418770224598E-15
-0.1457167719820518E-15  -0.5551115123125782E-16
 0.8177731062599250E-01  -0.2128325935923496E+00
 0.3816391647148974E-16  -0.3122502256758252E-16
-0.2292062675185038E-15   0.7520365027781634E-17
 0.1528999392797414E-15  -0.1621125108055768E-15
-0.7607040735022313E+00   0.1828178583865308E+00
 0.2955662125807725E+01   0.4047292931283063E+01
 0.3255035130322881E-13   0.3959506333917062E-13
 0.2979655226613565E+00   0.7315990106910197E+00
 0.5056257279547792E-14   0.6052566802999585E-14
 0.3176787139227036E-14   0.5625965867594105E-14
 0.4640334693731373E+00   0.1036886933004574E+01
 0.1514296705449581E-14   0.1853962037253856E-14
 0.2217379160468851E-16   0.2719714711879229E-17
 0.1195658155817014E-14   0.1398187121637307E-14
 0.4640334693731313E+00   0.1036886933004560E+01
 0.6184289191857317E-14   0.8259452149994573E-14
-0.6415282114646402E+00  -0.8322649748764611E+00
 0.7290537291242141E-14   0.8908973024454365E-14
-0.3050826707649907E-15  -0.5534996579848441E-15
 0.1143909636570217E+01   0.1982400519856774E+01
 0.1566167370182127E-14   0.2072724438682967E-14
-0.1638764628344884E-14  -0.2181832276788908E-14
 0.1671406069103654E-14   0.2403676216400363E-14
-0.1144917494144693E-15  -0.3348016308635238E-15
 0.3306928945712632E-14   0.4078778730953473E-14
 0.1787304853626885E+01   0.2778418645196527E+01
-0.1374514583745201E-14  -0.1582389420296834E-14
 0.2554090016819677E-14   0.3268803047917253E-14
 0.3363330664321595E-15   0.3970619406185039E-15
-0.9044414522874078E-15  -0.1445349916140426E-14
-0.3562131949834277E-14  -0.4884585253233321E-14
 0.3492350722847370E-15   0.3267378772056628E-15
 0.1787304853626876E+01   0.2778418645196514E+01
-0.5709705529417142E+00  -0.8134873626032542E+00
 0.1353153700200949E-12   0.1654995585020913E-12
-0.9395573751673619E-15  -0.1879027744663606E-14
-0.3340805019586191E-15  -0.7019553648569039E-15
-0.3001938975177865E-12  -0.3648852053839136E-12
 0.3433170378219228E-14   0.2958697096989300E-14
-0.1597266974331701E-14  -0.1675989920585775E-14
 0.4892741431480754E+00   0.1457134536671855E+01
 0.2131324630672005E-12   0.3051361247008444E-12
 0.3651906752769600E+00   0.4514010816208743E+00
-0.3944256632150419E-14  -0.5323831472626441E-14
-0.4950750212724936E-15  -0.6685001777116104E-15
-0.7754184921926586E+00  -0.9462797701479704E+00
 0.3318430335296644E-14   0.3661781488735862E-14
-0.1952137054674270E-14  -0.2264716561150631E-14
 0.1355998646701551E-12   0.7518291544883482E-13
 0.8339599042256014E+00   0.1645218048414637E+01
 0.2318977365284835E-15   0.3417311289253178E-15
-0.6582815965478294E-15  -0.9124216433902672E-15
 0.1034328872551171E-14   0.1120306104829272E-14
-0.4586175189613684E-15  -0.1025004733867796E-14
 0.2362604528414547E-15   0.2556497304105218E-15
 0.1255158684336892E-02   0.1374417459452474E-02
-0.3234244321865347E+00  -0.3541545718146242E+00
 0.4761317787094356E-15   0.4878357456853157E-15
 0.8465425443758831E-15   0.8498689869353156E-15
 0.5962527632497864E+00   0.1258770505017879E+01
 0.1564784295674846E-15   0.2009044211610988E-15
-0.4898984668439130E-16  -0.1696149871138076E-15
-0.1092875789865388E-15   0.1387778780781446E-16
 0.1068589661201713E-14   0.1554312234475219E-14
-0.3819525846986087E-16  -0.5628432937905559E-16
-0.3234244321865348E+00  -0.3541545718146242E+00
-0.1255158684336887E-02  -0.1374417459452723E-02
-0.8577202344308906E-15  -0.1037414670058639E-14
-0.1341380987930781E-14  -0.1429740125856266E-14
-0.3253148618542756E-15  -0.3758928932007244E-15
 0.5962527632497833E+00   0.1258770505017872E+01
 0.1294103713078698E-14  -0.5247538514829847E-15
-0.8417124850657112E-02   0.1053875471150899E+00
-0.1636846008925966E-14  -0.4531163009905387E-14
 0.7522907147338928E-16  -0.8525135710763802E-15
 0.5045780933862959E+00   0.8264323565164505E+00
 0.1106558899184806E-14   0.3196019362487508E-15
-0.1257553609081325E-14  -0.1406272574924248E-14
-0.1442908292847989E-12  -0.9568561221140470E-13
-0.3680239257828263E+00  -0.2364438898788033E+00
-0.3561577370404413E-15  -0.4104851694617112E-15
 0.2207640878960226E-15   0.3014888537276784E-15
 0.3387806918845994E+00   0.1654327461352133E+01
-0.3195301324193010E+00  -0.2932710166600677E+00
-0.4891920202254594E-14  -0.4890185478778622E-14
-0.2082002072166937E-16  -0.2550879629297030E-15
 0.1772745353246871E-14   0.1707026179829666E-14
 0.2813721478034381E-14   0.3814656923672999E-14
-0.1935797313121219E-14  -0.2657927617464127E-14
 0.1309873301611839E-14   0.1900852897076945E-14
 0.3973511574960918E+00   0.5271587515472447E+00
-0.1533686372345855E-12  -0.2034102053460884E-12
-0.5329710587152080E-15  -0.9325349917689449E-15
 0.2171735239851255E-16  -0.6299965571170454E-16
-0.7684824998577255E-15  -0.4336808689942020E-16
 0.7481896809447042E+00   0.1586876854829671E+01
 0.1094399878352873E-14   0.1149354376049294E-14
 0.1190816947200291E-14   0.1686282868387360E-14
 0.6530266100769515E-01   0.7439671223689320E-01
 0.5194134070045959E+00   0.5917469391997920E+00
 0.7980614743014287E-16  -0.1956591751434137E-16
 0.1047772979489991E-14   0.2055647319032516E-14
 0.2077195837210666E-15   0.2228577565543954E-15
-0.1797179394458152E-14  -0.2532900422252561E-14
-0.5354105807264911E-15  -0.5609977975857165E-15
-0.5662245845805547E-16  -0.1149796403920877E-15
 0.7008282842946301E-15   0.1373900992973631E-14
-0.2125504755402962E-15  -0.2642528680310642E-15
 0.1601122508973685E-14   0.2801754928265799E-14
 0.1064252222002951E+01   0.2129063387155065E+01
 0.3585498822349579E-15   0.2159435513489696E-15
-0.6482598263532881E-14  -0.7318015226661804E-14
-0.5194134070045994E+00  -0.5917469391997964E+00
 0.6530266100769376E-01   0.7439671223689114E-01
-0.1732074870797293E-14  -0.2588736801240835E-14
-0.1956442820250093E-15  -0.3187147811292701E-15
-0.7133791420510115E-15  -0.1723153641192024E-14
 0.1005185208485724E-15   0.1054813301324357E-15
 0.7841052569383781E-15   0.3981846450625943E-15
-0.2337544119043484E-14  -0.4084598700666419E-14
-0.2001708260951363E-15  -0.4196404508605145E-15
 0.1411146172847206E-14   0.5425352263943582E-15
-0.4273053133788639E-15  -0.6188531417937005E-15
 0.1547529194633607E-16   0.1135159674592323E-15
 0.1064252222002952E+01   0.2129063387155067E+01
-0.3015120477472015E+00  -0.2531950816393947E+00
-0.3871902798380233E-14  -0.3191891195797325E-14
-0.6376174463675852E-15  -0.4384876785463126E-15
 0.3844263391784687E-15   0.2140097289311697E-15
 0.2206568261442499E-14   0.3490263633665336E-14
-0.1332175400001069E-14  -0.2690636521941629E-14
 0.8379040564876232E-15   0.1380301734031728E-14
 0.4032085007930194E+00   0.6714378161144829E+00
-0.1549455008742484E-12  -0.2587374758888927E-12
-0.3036178555289230E-16  -0.1383777003833087E-15
 0.1155991509518514E-15   0.1659063749687233E-15
-0.4059252933785729E-15  -0.7840950111415168E-15
 0.3162831545482180E+00   0.4627504383985662E+00
-0.1340357358311777E-14  -0.2001991532554779E-14
 0.7884467477200341E-15   0.9153292493318935E-15
 0.4951241746182917E+00   0.1311608145359706E+01
-0.1529373295812973E-14  -0.1064069332638825E-14
 0.3365008407259095E-14   0.2968231196697490E-14
 0.3149978474307206E+00   0.3197159150574583E+00
-0.2480074369381036E-01  -0.2517221158444895E-01
 0.1891750224688971E-15   0.2082126365520250E-15
-0.2934935280918261E-15  -0.5727026925611556E-15
-0.2414801994162549E-15  -0.1059972795029295E-14
 0.8218660430252791E-15  -0.1760537988855167E-15
 0.4805742637554764E-15   0.6621857091622081E-15
 0.1781107000168453E-15  -0.3889575293791747E-17
-0.4943961906533900E-16  -0.3383794980327259E-15
-0.3667771387705022E-15  -0.4516281822990189E-15
 0.1139705193315039E-14   0.1627108774359644E-14
 0.6455587247658651E-02   0.5361192810780700E-02
-0.1387396613932638E+00  -0.1152195837026962E+00
 0.9354937594670707E-15   0.6205095242519573E-15
 0.9011274120881374E+00   0.1629397981417863E+01
 0.4028872370817728E-15   0.5813705000931227E-15
-0.2809979541941699E-15  -0.1603300706010794E-15
-0.2480074369381060E-01  -0.2517221158444923E-01
-0.3149978474307197E+00  -0.3197159150574577E+00
 0.4540277146375627E-16   0.4233109263125502E-16
 0.3035766082959412E-15   0.7875644580934704E-15
 0.1475870207295893E-16  -0.1422744300844103E-15
-0.9536402236807011E-16  -0.2258170715716270E-15
 0.1901325952906279E-15   0.2634999988043558E-15
-0.7222954873098431E-15  -0.9498153132059262E-15
-0.5898059818321144E-15  -0.4718447854656915E-15
 0.6706554753909109E-16   0.2541756050729162E-16
-0.6251531926471262E-15  -0.5892990465429851E-15
-0.1387396613932640E+00  -0.1152195837026962E+00
-0.6455587247658151E-02  -0.5361192810779788E-02
 0.5386464647784094E-16  -0.1471955779778527E-17
 0.8885036803518709E-16   0.1421931149214739E-15
 0.9011274120881358E+00   0.1629397981417860E+01
 0.3211182166101667E+00   0.1228185313181743E+00
 0.4204969705767854E-14   0.1222980050563466E-14
 0.8052568581106381E-15  -0.2133598889257717E-15
-0.1421843093054813E-15  -0.7148772839463727E-15
-0.1866562460151041E-14   0.2003605614753132E-15
 0.1393501627238737E-14  -0.4068176214120935E-15
 0.2947767316925021E-14  -0.3858291280773620E-14
-0.2909280386467609E+00   0.1533288432964435E+00
 0.1117023140650986E-12  -0.5988758751060419E-13
-0.2770912601190868E-13  -0.3621322531396890E-13
-0.9195440290477542E-15  -0.1194718833023989E-14
 0.7702172233337026E-15   0.8873110579621360E-15
-0.2940935526210998E+00  -0.4469447484880599E+00
 0.1298113529340542E-14   0.1641075333815686E-14
-0.2587300808195145E-15  -0.5213304925416429E-15
-0.6699608864668192E+00  -0.6594495706309019E+00
 0.8722201364491926E-15  -0.8586464787221762E-15
-0.1533542264237219E-15  -0.2795633878380853E-15
 0.1047739018524971E+00   0.1300350595623350E+01
 0.1440599281921403E-13   0.5922073185804662E-14
-0.4874360266145481E-15  -0.7020257209846614E-15
-0.3375121362947375E-15  -0.8526165884426007E-15
-0.8274630980409370E-15  -0.8673617379884035E-15
 0.4864062126171997E-17   0.3458557980521252E-15
-0.2499007983556271E-02   0.2473248833936746E-02
-0.8074803314951710E-01   0.7991570260837705E-01
-0.1272684230518238E-13   0.6966796136158327E-14
 0.9276520519711055E-15   0.4386435934141540E-15
 0.6244319532796350E+00   0.8162478849226980E+00
 0.2175099146809841E-01   0.2843256288785093E-01
-0.9572801881391613E-15  -0.1414500888481495E-14
-0.1357497314515457E-13  -0.2071439740796639E-13
-0.2289699463017825E-15  -0.3334463781479169E-15
 0.1115218613189826E-14   0.1029487655741139E-14
-0.2975679981076115E-13  -0.2916020161275238E-13
 0.8346493255654425E-16  -0.3692318261035166E-15
 0.5902938728097329E-15   0.3318742849978129E-15
-0.1099644722512196E-13  -0.6347423234108650E-16
 0.3503836256126625E+00   0.1300031832037246E+01
 0.5204316939713985E-16  -0.1191438380489775E-16
-0.1192484317427074E-15  -0.1679276324907388E-15
-0.1075528555105620E-15   0.3469446951953614E-16
 0.1249000902703301E-15   0.0000000000000000E+00
-0.3932990430901982E-16   0.1208841042722389E-16
-0.8074803314951724E-01   0.7991570260837606E-01
 0.2499007983555585E-02  -0.2473248833937847E-02
-0.2533336588815390E-15   0.4700714480456230E-15
-0.2628238676774312E-15   0.2592662106301454E-15
-0.2175099146809853E-01  -0.2843256288785126E-01
 0.6244319532796319E+00   0.8162478849226941E+00
-0.1061489338460138E-16   0.8427147553693374E-16
 0.2499748880004644E-15   0.3865391945585107E-15
-0.1183081410616182E-14  -0.1623701173514291E-14
 0.2646944078851798E-15   0.3762046013253140E-15
-0.1035871080571618E-15   0.7076423698539678E-17
-0.1201838108200182E-15  -0.2580401170515501E-16
 0.4302114220422482E-15   0.2359223927328458E-15
 0.1171899897837393E-15   0.4399415228636959E-15
 0.5713745448998608E-16  -0.5312590645178972E-17
 0.3503836256126611E+00   0.1300031832037241E+01
 0.1573394192710964E-14   0.3150257832373883E-14
-0.8138697788332941E-01  -0.1572217899796323E+00
 0.7650844277638291E-15   0.1519733548010307E-14
-0.4670846014073444E-16  -0.6831885039737252E-15
 0.2076712449946190E-01   0.1783849038102193E+00
-0.1886044080541935E-14  -0.1871514642780313E-14
 0.1627526928443080E-14   0.1538374620859043E-14
 0.1542203864612901E-12   0.1386113446244508E-12
 0.4016180070264274E+00   0.3613015714789024E+00
-0.1013256158914197E-14  -0.1106334816966619E-14
-0.1356892989006133E-15  -0.3134413126438127E-15
-0.3900656012805160E+00  -0.5523615277529832E+00
-0.6904199434387691E-15  -0.8951173136040327E-15
-0.2079120448286715E-15  -0.3151274472394650E-15
 0.1309045047136891E-14   0.1825920822710238E-14
-0.3330669073875470E-15   0.6938893903907259E-17
-0.4615197062944017E-15  -0.7887753924993472E-15
-0.6123187901495393E-16  -0.1638307060208738E-15
-0.4631711680858088E-15  -0.1960237527853757E-15
 0.3098312507594907E-15   0.4328886002259846E-15
 0.9106548885052040E-16   0.6934828037940744E-16
 0.4987241426150948E+00   0.1446165119466104E+01
 0.6914042589499576E-01   0.2556968491968734E-01
 0.5134781488891366E-15  -0.5551115123125970E-16
-0.9750884659051626E-16  -0.6259500949297791E-15
 0.5949212989211101E-16  -0.9961540903718427E-15
-0.6175615574477432E-15  -0.1249000902703302E-15
 0.4846064909656369E-15  -0.2865651844802679E-15
-0.3078694538299015E-15   0.1278402003364478E-15
-0.9019375269690103E-01   0.1162817862069870E-02
 0.3495814748788462E-13  -0.6938893903907228E-15
 0.1591437450826259E-15   0.2130815552402075E-15
-0.2923715723096239E-15  -0.5686473266808298E-15
-0.2359223927328458E-15  -0.6938893903907228E-15
 0.1237382960191114E+00   0.3045211379270997E+00
-0.5912202883731646E-15  -0.1156257632671547E-14
 0.3227264218607990E-15   0.4359445075112361E-15
-0.3097757452785713E+00  -0.2357428660363826E+00
-0.6981288723460067E-15  -0.1269350972948842E-14
 0.9772844351708488E-16  -0.1658063275654900E-15
 0.1833820922208706E+00   0.4135916108675684E+00
 0.8201361681947994E-14   0.1848314417948334E-13
-0.2455804788890830E-15  -0.1872855668913142E-15
 0.9540979117872437E-16   0.4649058915617843E-15
-0.1062592371596607E+00   0.6054140296689589E+00
-0.7945033519973807E-15  -0.6225488874411734E-15
 0.4287055590428895E-01   0.2615174158759170E-01
-0.1193358046361913E-14  -0.6931233416490313E-16
-0.3893848719067009E-16   0.5668288436361045E-15
 0.6331540484022445E-01  -0.5906551566166869E-01
 0.4003130235453545E-16   0.8713969377872160E-15
-0.2894162073235934E-15  -0.5827280901078034E-15
-0.2276651089871962E-13  -0.6104665384309982E-13
-0.5778886840737218E-01  -0.1600446583490750E+00
-0.3523720300874299E-17  -0.1982971953676600E-15
 0.8553961730236863E-16   0.7363084701400462E-16
 0.2892964145043763E+00  -0.1546612915928605E+00
 0.5689893001203931E-15  -0.2112025832001767E-15
-0.2020577671119000E-16   0.3988085412988697E-16
-0.5571938439508381E-15  -0.2411040934796301E-15
-0.4163336342344344E-16  -0.3426078865054187E-16
-0.2202180788555278E-14  -0.2873069758985714E-14
-0.1281507060295330E-15  -0.1658147277376713E-15
 0.1977584762613476E-15   0.4625206467823253E-15
-0.6365589130694104E-15  -0.8452085794532222E-15
 0.8075485854333367E-16  -0.5139488792324565E-16
-0.3096104984488516E+00  -0.4101937300301633E+00
-0.1700029006457271E-15   0.1743397093356692E-15
-0.5447785508716757E+00   0.4945225231681526E+00
-0.1306402744365785E-15  -0.1388203400990218E-15
 0.7926144887127343E-16  -0.1491258885063878E-15
 0.6937135900193687E-02   0.3932175847947934E-02
 0.5947979825692640E-01   0.3371492637763995E-01
-0.2815380834707385E-16   0.1069790823970018E-16
 0.9714451465470120E-16  -0.4510281037539698E-15
 0.1385068275350232E-16   0.2509928029303943E-16
 0.3613691849944526E-16   0.1322232949542932E-15
-0.1159806639560371E-16  -0.1648582603281229E-15
 0.1626303258728257E-16   0.3404394821604484E-16
-0.8326672684688674E-16  -0.3191891195797325E-15
-0.2482038861765312E-16   0.9704720131105274E-16
 0.1358331797165957E-15  -0.4920790079093708E-15
 0.4430502065805086E-01  -0.9209950442067212E-01
 0.3970762320854587E-03  -0.8254261853198227E-03
-0.3133739355246554E-16   0.7355655907186771E-16
 0.1575037271285070E-01   0.2146272947012840E-01
-0.4194257443752163E+00  -0.5715433817631335E+00
-0.8480785643662543E-17   0.1119082863547114E-15
-0.4101536818512663E-15  -0.6343666911212686E-15
-0.4232725281383409E-15  -0.5759281940243000E-15
-0.1094613073994036E-16  -0.5903871067984175E-16
-0.6499060398275087E-16  -0.1054783394145649E-15
 0.3341024393334490E-16   0.5220945919340987E-16
-0.1499749403083104E+00   0.5769181439999260E+00
 0.3337855518586938E-16  -0.2222638365286647E-15
 0.1138090797740635E-14  -0.3959124922333231E-15
 0.5947979825692623E-01   0.3371492637763911E-01
-0.6937135900193311E-02  -0.3932175847948190E-02
 0.3080635339620751E-15  -0.1469863042706936E-15
-0.4502102703581892E-15  -0.9865950166635418E-17
-0.2074377940811046E-15  -0.7918118789726484E-15
 0.6448553904476073E-16  -0.1303160138171234E-15
-0.1993725384578778E-15  -0.5214606040794400E-15
 0.2118196876985314E-15  -0.1287982360503903E-15
-0.2282131415912146E-15  -0.5041368359437691E-16
 0.1313912134159223E-14  -0.5356334567788386E-15
 0.1856816784620675E-15   0.1104600294480333E-15
 0.3970762320855452E-03  -0.8254261853195605E-03
-0.4430502065805085E-01   0.9209950442067227E-01
-0.3531663128654426E-15  -0.4678860523107638E-15
 0.4194257443752162E+00   0.5715433817631332E+00
 0.1575037271285064E-01   0.2146272947012839E-01
 0.6648003507754814E-15   0.8915755179921782E-15
 0.7233324102913440E-16   0.2813526503308621E-15
-0.8549614794767596E-16  -0.9341516423535590E-16
-0.1722685435048637E-14  -0.2356814620579169E-14
 0.2068524231269900E-16  -0.4941879739362243E-16
-0.1955111249440641E-14  -0.4903839768734824E-15
 0.1436943854039116E-16   0.3235992237641897E-16
-0.1499749403083102E+00   0.5769181439999248E+00
 0.4293073324006822E-01  -0.3155109929561691E-02
 0.9436895709313837E-15  -0.5930959271926890E-30
 0.3683409778748477E-15   0.1127080846607744E-15
-0.1043029900173720E-15   0.3863878662203910E-15
-0.5689893001203927E-15   0.2498001805406602E-15
 0.1416535225196993E-16  -0.1104793384292830E-15
-0.1986020104905658E-15  -0.1218490465636009E-16
-0.4357707853505904E-01   0.5014606576393427E-01
 0.1665334536937735E-13  -0.1922073611382302E-13
 0.7238098074960974E-16  -0.8881651229757382E-16
-0.2126876012872247E-15   0.8250554120588609E-16
 0.3955169525227120E-15   0.1908195823574488E-15
-0.7853006568393645E-01  -0.1329895014906078E+00
 0.4923623801487487E-15   0.4762527728094266E-15
 0.2386417365907375E-17  -0.2236961864236946E-15
-0.8503769065021004E-02   0.8505224429102780E-01
 0.4808505910140810E-15  -0.1269264456439759E-15
 0.1298216306441363E-15   0.6767159275749454E-16
-0.2481082906373844E+00   0.2226904628821088E-01
-0.1107912019300398E-13   0.9961370542289496E-15
-0.4086872617543498E-15  -0.1130418770224598E-15
-0.1804112415015879E-15  -0.5551115123125782E-16
-0.1128467708876429E+00  -0.2128325935923496E+00
-0.5204170427930429E-17  -0.3122502256758252E-16
-0.1717440210768412E-15   0.7520365027781634E-17
 0.5061251936926606E-16  -0.1621125108055768E-15
-0.5771651812702790E+00   0.1828178583865308E+00
