-8.2462383984473309e-01
-8.8149964139882042e-01
-9.2861997814323893e-01
-9.6771708716558036e-01
-1.0001654948764402e+00
-1.0270676363566724e+00
-1.0493162450694324e+00
-1.0676405268170066e+00
-1.0826407632801125e+00
-1.0948145342185336e+00
-1.1045768082144123e+00
-1.1122755145330885e+00
-1.1182037585837610e+00
-1.1226095189392113e+00
-1.1257034293852435e+00
-1.1276650817714020e+00
-1.1286481672891766e+00
-1.1287846916220421e+00
-1.1281884425085229e+00
-1.1269578485384413e+00
-1.1251783396545290e+00
-1.1229242988983688e+00
-1.1202606788674481e+00
-1.1172443435467456e+00
-1.1139251856867878e+00
-1.1103470928753247e+00
-1.1065486076790259e+00
-1.1025637766755967e+00
-1.0984225947998241e+00
-1.0941515200028471e+00
-1.0897738922393512e+00
-1.0853102979801634e+00
-1.0807788893429837e+00
-1.0761956649985067e+00
-1.0715747184877151e+00
-1.0669284584074092e+00
-1.0622678040233418e+00
-1.0576023591951202e+00
-1.0529405669943237e+00
-1.0482898470252051e+00
-1.0436567171798377e+00
-1.0390469013496049e+00
-1.0344654244514362e+00
-1.0299166959957275e+00
-1.0254045833134409e+00
-1.0209324754679163e+00
-1.0165033387979643e+00
-1.0121197649730052e+00
-1.0077840123857729e+00
-1.0034980416630843e+00
-9.9926354603680101e-01
-9.9508197728280046e-01
-9.9095456790131853e-01
-9.8688235017330594e-01
-9.8286617268155863e-01
-9.7890671483010139e-01
-9.7500449983082671e-01
-9.7115990655385842e-01
-9.6737318056097288e-01
-9.6364444456339449e-01
-9.5997370847107011e-01
-9.5636087913356960e-01
-9.5280576981660992e-01
-9.4930810941436128e-01
-9.4586755136683665e-01
-9.4248368223297541e-01
-9.3915602986248981e-01
-9.3588407111026828e-01
-9.3266723904452498e-01
-9.2950492961125797e-01
-9.2639650773111515e-01
-9.2334131281856791e-01
-9.2033866372663509e-01
-9.1738786313180132e-01
-9.1448820138349185e-01
-9.1163895984975540e-01
-9.0883941379608268e-01
-9.0608883483759972e-01
-9.0338649300645679e-01
-9.0073165847644054e-01
-8.9812360298602334e-01
-8.9556160099918780e-01
-8.9304493064125812e-01
-8.9057287444405420e-01
-8.8814471993189992e-01
-8.8575976007682522e-01
-8.8341729364836463e-01
-8.8111662548007974e-01
-8.7885706667241759e-01
-8.7663793474823903e-01
-8.7445855377510928e-01
-8.7231825446585565e-01
