 0.9941305436439957E+00  0.3699855906802430E-18
 0.0000000000000000E+00  0.0000000000000000E+00
 0.2396897822923631E-15  0.5931889604242190E-11
-0.2396897822923628E-15 -0.5931889604242213E-11
 0.0000000000000000E+00  0.0000000000000000E+00
-0.1081871627866964E+00  0.3395656442918286E-17
 0.3867967713958997E-01  0.8584294839838310E-15 -0.6142157997492598E-18 -0.1534269550792052E-08
 0.6509630897374265E-15 -0.5316143751079676E-01  0.4657304476858493E-12 -0.1528598716596128E-22
 0.2098770608844687E-15  0.7949005391137231E-15 -0.8450839165816615E-26 -0.2727944137261163E-23
 0.1244196280339791E-14  0.1815995058601459E-15 -0.2525845780675204E-28 -0.8523075931706283E-24
 0.9109218912003287E-15  0.1223476449960608E+00  0.1240260598921696E-11 -0.2600819217583664E-23
 0.8832883823966364E-16  0.1250095912102559E-15 -0.4088412727219720E-26 -0.1192259729925280E-23
 0.2918856977800630E-16 -0.1181334170247284E-15  0.2614977278031392E-26  0.2821519708920782E-23
 0.9562009364331572E-02 -0.4252293414082804E-13 -0.1518413546890284E-18  0.5531054578437666E-09
-0.2701633571908202E-14 -0.1129273813224593E+00 -0.2037482402381038E-11 -0.2047927734844899E-21
-0.3816199377857049E-15 -0.2294584048494231E-15  0.5685479706486659E-26  0.3605813560939670E-24
 0.4498067705357293E-15  0.3077205326221559E-15  0.3429255019426420E-26  0.6890973145451931E-26
-0.3728170620679029E-15  0.3671302171530239E-01  0.3291276805695663E-11 -0.5473492776791721E-24
-0.8814540476676161E-01 -0.1397631121747720E-15  0.1399709832577805E-17  0.2766541696399275E-09
 0.8779660031725684E-16  0.1028059116563153E-15  0.2902040141590642E-26 -0.6464069931014390E-24
-0.2918121082966113E-15 -0.9433372350797452E-16  0.3388153505859871E-25  0.3945822844737892E-24
 0.1639861880836428E+00 -0.9205040728558937E-15 -0.2604027918921056E-17  0.3669658813276206E-09
 0.5819087015637129E-16 -0.2087061701724029E-15 -0.5667679997443229E-26 -0.2319238942007873E-25
 0.4238768464080374E-15  0.2493793149391464E-15 -0.4821195137831202E-26 -0.3361420344023212E-24
 0.9747409453842702E-01  0.1684731488292693E-15 -0.1547845257653393E-17 -0.2039590746324196E-09
 0.4447840385967162E-14  0.1209494262087992E-15  0.3735566543343274E-26 -0.3704291442399310E-23
-0.6272150640767527E-16 -0.8374821789426901E-16  0.4526004078327855E-26  0.1805733992300830E-24
-0.4245211989172352E-15 -0.5360724185424076E+00 -0.2060681493088770E-11  0.1839251101235709E-22
-0.4229209654694753E+00  0.4753061128080693E-15  0.6715797105636410E-17 -0.8833257330319770E-10
-0.3504869837927849E-15  0.8250641417417078E+00 -0.1918249854286753E-11 -0.2920401181453710E-22
 0.5235488901493842E-15 -0.3244699154219771E-15  0.3105071094380793E-26  0.1635443611157947E-24
-0.4287794010850347E-15  0.1767730169314748E-14  0.2770274172504350E-26 -0.1089765574157201E-25
 0.8805611995482621E+00  0.4428795048088862E-15 -0.1398292091515658E-16  0.8944714245728217E-12
 0.1028910001230659E-05 -0.7700260301421801E-16
 0.6397414226035305E-05  0.1933442915135331E-16
 0.3366158023519763E-04  0.2383606420770721E-16
 0.1539657371830824E-03 -0.1557368176772896E-16
 0.6165370407236863E-03 -0.6552026146599835E-16
 0.2175535272669178E-02  0.8463953796232398E-16
 0.6802129715615425E-02 -0.1281733803833226E-15
 0.1893764087860964E-01  0.1126503237232641E-15
 0.4715028323430420E-01 -0.1160810392226488E-15
 0.1053877435563957E+00  0.1023178674907563E-15
 0.2121940989654433E+00 -0.1888835291874218E-16
 0.3860596288993893E+00  0.1936168905095669E-16
 0.6364534676334769E+00 -0.8028267521493893E-16
 0.9531947516931544E+00  0.1804476158729477E-15
 0.1299969892777286E+01 -0.2413737167683194E-15
 0.1618125702597550E+01  0.2389254970279637E-15
 0.1842515068455892E+01 -0.3708230807713136E-15
 0.1924041808774607E+01  0.2325427782835044E-15
 0.1848024583570650E+01 -0.9657909870093069E-16
 0.1637572649977722E+01  0.2393847763690458E-15
 0.1342161725080898E+01 -0.1670762216498216E-15
 0.1019730949125116E+01  0.1300986195003586E-15
 0.7196453811887961E+00 -0.7948668507829426E-16
 0.4726214774566780E+00 -0.5864558949917874E-16
 0.2893555233657453E+00  0.1766293541324631E-16
 0.1654225244201042E+00 -0.1112741611458447E-15
 0.8844867293120659E-01 -0.4582149716010043E-16
 0.4429778013132465E-01  0.2079993536546863E-16
 0.2081153329971256E-01 -0.5709393511433268E-16
 0.9184835220759829E-02  0.2084777491564377E-15
 0.3813141531376250E-02 -0.8947682453148043E-16
 0.1491121621678661E-02 -0.7841150426876663E-17
 0.5499676940533687E-03  0.4344051757697776E-16
 0.1915498462336307E-03 -0.2320888033078281E-16
 0.6308773240928670E-04 -0.2209465591006945E-16
 0.1966533752059686E-04  0.5405295809987837E-16
 0.5814246247606107E-05 -0.4945147506282595E-16
 0.1627712471612477E-05  0.1627643617761414E-15
 0.4359028145141553E-06 -0.3309657861869008E-15
 0.1084556388211576E-06  0.2430225813448520E-15
 0.2790504672798203E-07 -0.1311562705094011E-15
 0.4884976768066409E-08  0.7757447178044282E-16
 0.2429577645423535E-08 -0.6441430467988424E-16
-0.7000566604240458E-09  0.2075255149760311E-16
 0.9426801061812171E-09  0.2051169148406101E-16
-0.7936048184329416E-09 -0.3824881042093843E-16
 0.7348981326589110E-09  0.6173434582283496E-16
-0.6698885865431896E-09 -0.4349163587133677E-16
 0.6151179565221984E-09  0.4216133298313236E-16
-0.5662516092256786E-09 -0.5722293041332123E-16
 0.5229323043948669E-09  0.1105429265230327E-15
-0.4843016758835959E-09 -0.1286416935693385E-15
 0.4497310740577513E-09  0.1489180871410099E-16
-0.4186877716457937E-09  0.4333502185499664E-16
 0.3906699378813530E-09  0.4189462110329727E-16
-0.3652508992292613E-09 -0.4951737378687504E-16
 0.3421103197501808E-09 -0.1886208897783016E-16
-0.3209592177611601E-09 -0.6556674322844410E-16
 0.3015471578049689E-09  0.1890386202134624E-15
-0.2836545153578360E-09 -0.2230713227288825E-15
 0.2670873168217299E-09  0.1701046308928062E-15
-0.2516721130798587E-09 -0.4687785732573780E-16
 0.2372527863057271E-09  0.3711204165133221E-16
-0.2236879418229090E-09 -0.4984459335426828E-16
 0.2108469284094151E-09  0.8284275210831153E-16
-0.1986072593588760E-09 -0.1865131162655367E-15
 0.1868525047135301E-09  0.1892696559944192E-15
-0.1754694761817177E-09 -0.1150241640944778E-15
 0.1643462733671919E-09  0.3127389951419684E-16
-0.1533694222037500E-09  0.1622380760232543E-17
 0.1424210583330538E-09 -0.7567426455737496E-17
-0.1313761350126241E-09 -0.2468071600313907E-16
 0.1200987713196581E-09  0.8216280837429030E-16
-0.1084376636542898E-09 -0.9201481186239733E-16
 0.9622066718882711E-10  0.1144206780903634E-15
-0.8324811472838975E-10 -0.5458048085687500E-16
 0.6928251981442258E-10 -0.8965882087048158E-16
-0.5403601804050790E-10  0.1196191385402147E-15
 0.3715269383511744E-10 -0.1259987828970792E-15
-0.1818178793153847E-10  0.1307245665695909E-15
-0.3462595051869543E-11  0.4766413816776244E-17
 0.2856623860071012E-10 -0.1388449521625327E-15
-0.5822346902704492E-10  0.1167077855742946E-15
 0.9403201737312442E-10 -0.7999620480102486E-16
-0.1384736833892267E-09 -0.1447326658024472E-16
 0.1957307070087142E-09  0.1644371051889438E-15
-0.2735852458514618E-09 -0.1904266911513869E-15
 0.3896583556388437E-09  0.1281856763589611E-15
-0.5743853382474772E-09 -0.3691017765778097E-16
 0.1219176986879821E-08  0.3369922377112298E-16
 0.1415144747080278E-08 -0.6606227506691472E-16
 0.8428144804102528E-07  0.8702484495651095E-16
