 0.9940796204998642E+00 -0.9694264299424617E-18
 0.0000000000000000E+00  0.0000000000000000E+00
 0.2470697613539876E-15 -0.3716386133121609E-11
-0.2470697613539867E-15  0.3716386133121641E-11
 0.0000000000000000E+00  0.0000000000000000E+00
-0.1086540639836694E+00 -0.8857783588704916E-17
 0.3841945837675598E-01  0.8436677036837367E-15  0.1584769205079992E-17  0.9107989968457219E-09
 0.6585861779132770E-15 -0.5282918329340033E-01 -0.2711956386631882E-12  0.3138145849477283E-23
 0.2091848173883011E-15  0.7977364575360849E-15  0.5086468776721752E-26  0.1620076865720127E-23
 0.1241767354641378E-14  0.1812981755907973E-15  0.4100068887289643E-28  0.5037689265534959E-24
 0.9162155810055152E-15  0.1216606007773809E+00 -0.7609060300288341E-12  0.1521439435523759E-22
 0.9002791569288329E-16  0.1227694597986280E-15  0.2366576617550809E-26  0.7092538422305666E-24
 0.2890171237860298E-16 -0.1168626429337077E-15 -0.1482537522772225E-26 -0.1674560564479322E-23
 0.9034193800438961E-02 -0.4195432706720772E-13  0.3726532221312395E-18 -0.3280699243519002E-09
-0.2489790570846132E-14 -0.1112345784964915E+00  0.1261581397488013E-11  0.1090130464402510E-21
-0.3838218416158217E-15 -0.2291873743190533E-15 -0.3442453836104710E-26 -0.2085637527198286E-24
 0.4482647073770637E-15  0.3081017782604654E-15 -0.2048481534677006E-26 -0.5277672770306478E-26
-0.3774977414378065E-15  0.3542416807379965E-01 -0.1990517730404109E-11  0.4262950689334198E-23
-0.8755345069292883E-01 -0.1060566471006260E-15 -0.3611503976430022E-17 -0.1639678985405509E-09
 0.8550759101956537E-16  0.1043127069530733E-15 -0.1727314137802551E-26  0.3827814899411872E-24
-0.2908725150478664E-15 -0.9510558223671420E-16 -0.2015160304413764E-25 -0.2327480671790563E-24
 0.1632017761155499E+00 -0.9188011903193605E-15  0.6731931971083367E-17 -0.2170033443290610E-09
 0.5482471726337821E-16 -0.2160130707432713E-15  0.3424764395789233E-26  0.1281368386636626E-25
 0.4232125289570614E-15  0.2470698151918803E-15  0.2851161759235896E-26  0.1972545696590106E-24
 0.9871510406068097E-01  0.1931661821909160E-15  0.4071912510114798E-17  0.1200840574579255E-09
 0.4506936312159603E-14  0.1217805632550451E-15 -0.2266873322834596E-26  0.2183348208070000E-23
-0.6141041164904235E-16 -0.8666694088913894E-16 -0.2723629530929345E-26 -0.1068783878463919E-24
-0.4198847566518115E-15 -0.5341601588278081E+00  0.1278688128020671E-11 -0.7090529189310941E-22
-0.4213021629777113E+00  0.4990763102795787E-15 -0.1737834937835555E-16  0.5207552358938813E-10
-0.3549210921764495E-15  0.8267119795884641E+00  0.1175908129862661E-11  0.1102827679132928E-21
 0.5239125250286241E-15 -0.3249382174029851E-15 -0.1844998682759390E-26 -0.9705452972592200E-25
-0.4268873815680341E-15  0.1778784876712883E-14 -0.1354397434290206E-26  0.7199278266372951E-26
 0.8814202844304723E+00  0.4621483343066444E-15  0.3635782338555884E-16 -0.1000887664134538E-11
-0.5505552863151234E-04 -0.7610943358617484E-15
-0.2067631782711429E-03  0.5315017942098681E-15
-0.6759092411874704E-03 -0.5663184108243216E-15
-0.1996925797054093E-02  0.5976600267454591E-15
-0.5368480018617064E-02 -0.6581099387978919E-15
-0.1319606881214394E-01  0.7021806459715217E-15
-0.2977574750209159E-01 -0.5674242573069332E-15
-0.6189024412735857E-01  0.1651064117908209E-15
-0.1188668332921182E+00  0.4654412905301187E-15
-0.2115286337375225E+00 -0.4836062105835767E-15
-0.3496332610991054E+00  0.1237277520200132E-15
-0.5379616401189294E+00  0.2220368612919201E-15
-0.7720697827598911E+00 -0.2551613873892823E-15
-0.1035451431167081E+01  0.3014846583841014E-15
-0.1299928310927399E+01 -0.3586748641263388E-15
-0.1530186313225032E+01  0.4619368600237900E-16
-0.1691696994446031E+01  0.2457055030625154E-15
-0.1759635317740387E+01 -0.2890992989206285E-15
-0.1725513942272209E+01  0.1629299584702714E-15
-0.1598422690299701E+01 -0.1316619198123484E-15
-0.1401232120870442E+01  0.3664491620588654E-15
-0.1164266475243084E+01 -0.6944291521807647E-15
-0.9182019382350585E+00  0.7458895280729876E-15
-0.6882440564820402E+00 -0.4635042608903842E-15
-0.4909146149260720E+00  0.2998124126438816E-15
-0.3336116209211415E+00 -0.1195065669160076E-15
-0.2162406604389537E+00  0.4169043575580307E-16
-0.1338330830155353E+00  0.3770944599042989E-16
-0.7917194782405826E-01 -0.1112857091098117E-15
-0.4481228114323298E-01  0.1745903781402015E-15
-0.2429202181709218E-01  0.7119779134650624E-17
-0.1262355028313952E-01 -0.5465364344193127E-15
-0.6294352096391005E-02  0.6429438095033023E-15
-0.3014127442760111E-02 -0.5453752210147447E-15
-0.1387382461299167E-02  0.4369843884439022E-15
-0.6143644097913181E-03 -0.3684868821290096E-15
-0.2619524757889833E-03  0.4436094606594694E-15
-0.1076309330462553E-03 -0.4800651391829280E-15
-0.4265231528369114E-04  0.4421603249538395E-15
-0.1631365718034342E-04 -0.7511411605145234E-15
-0.6028227284233317E-05  0.1086221264909405E-14
-0.2152872071373747E-05 -0.9414708730465086E-15
-0.7443692575087062E-06  0.7994921424947623E-15
-0.2488103661619856E-06 -0.1105627066356590E-14
-0.8088745448003651E-07  0.1582584041033119E-14
-0.2527610844153466E-07 -0.1636804208519453E-14
-0.7823413782515373E-08  0.1238916025683878E-14
-0.2249456579811205E-08 -0.8532986902134583E-15
-0.6799299190229230E-09  0.8220047779504201E-15
-0.1918696081344207E-09 -0.7346677063464297E-15
-0.2047416388974664E-10  0.9452886900256917E-15
-0.6540324094831603E-10 -0.1431350578562952E-14
 0.6930347442059708E-10  0.1430791889949306E-14
-0.9360520047287421E-10 -0.1151451207700089E-14
 0.1118822419457303E-09  0.7606160943163504E-15
-0.1311828266446620E-09 -0.6941212362849834E-15
 0.1500461253792233E-09  0.8692800142868401E-15
-0.1691091829716582E-09 -0.9045826931071489E-15
 0.1884973253107590E-09  0.1031580112684497E-14
-0.2084592832878927E-09 -0.1070138622005896E-14
 0.2292267387247996E-09  0.6705876398540022E-15
-0.2510547960897360E-09  0.9495443826885540E-16
 0.2742189566618040E-09 -0.5981660996071965E-15
-0.2990274604730303E-09  0.6555576890770753E-15
 0.3258304714519445E-09 -0.5010369017290335E-15
-0.3550309313611102E-09  0.2974626585113047E-15
 0.3871006826581945E-09 -0.2855503131834041E-15
-0.4225985801346879E-09  0.4750316169726268E-15
 0.4621947661561802E-09 -0.3722449223220543E-15
-0.5067043337440825E-09  0.9717078117229592E-16
 0.5571297590316545E-09 -0.2433032440792459E-16
-0.6147174075715714E-09 -0.4143656073585598E-16
 0.6810358255542697E-09  0.8890518211393927E-16
-0.7580862887679792E-09 -0.4481643481985538E-15
 0.8484585530846535E-09  0.1082118170130094E-14
-0.9555532530487424E-09 -0.1404753722381807E-14
 0.1083910696086005E-08  0.1346272530547632E-14
-0.1239706786163388E-08 -0.1017714892808358E-14
 0.1431517985689200E-08  0.7488589654169516E-15
-0.1671542377640596E-08 -0.5095075165928228E-15
 0.1977601302966422E-08  0.1865424238847419E-15
-0.2376605271210622E-08 -0.2382186624834458E-15
 0.2910468137255111E-08  0.1962941186819830E-15
-0.3649304129548307E-08  0.2758338577969623E-15
 0.4703449033864099E-08 -0.7604970030998068E-15
-0.6354940549398215E-08  0.1194572203960304E-14
 0.8591530541639158E-08 -0.1471044804795865E-14
-0.1576865110396394E-07  0.1308191758555457E-14
 0.5188210397652312E-08 -0.9512369675147501E-15
-0.1782365944853824E-06  0.1105151459921637E-14
-0.9228139929053983E-06 -0.1521379059910887E-14
-0.8745557471182772E-05  0.1392946565463575E-14
