-0.5175145096396685E+00   0.2647540821077637E+01
 0.2336527278495390E-14  -0.1178382750537044E-14
 0.5407814014830024E+00   0.3135202507006273E+01
-0.6840733447084827E-15  -0.2542458920696602E-15
-0.3059889581297215E-15  -0.1187743479957870E-15
 0.5407814014829891E+00   0.3135202507006222E+01
 0.2643087556912802E+00  -0.5123989267547351E+00
-0.1122279620726333E-15  -0.3515142667029561E-15
-0.8506783995661771E-15  -0.4878730464630537E-15
 0.2243254164814218E-02   0.1254894210159274E+01
 0.1516347856982286E+00   0.1845467615934326E+01
 0.7485359337718863E-15  -0.4909929777111765E-14
 0.7322749880472650E-15   0.5302767773367073E-14
 0.7216946021629742E-02  -0.7530201518733799E+00
 0.2488878536848438E+01   0.1454999269597059E+02
 0.1141890984933987E-14   0.9095350797530691E-15
 0.7516533322110526E+00   0.1674172533066429E+00
 0.4247069448357682E-02   0.9459582911112314E-03
-0.9612839717167504E-15   0.1254679944293165E-14
-0.1208862745014334E-15   0.9689513484080127E-15
 0.6785478314029431E+00   0.2455260840363083E+01
-0.7076178611373344E-16  -0.4562860504476521E-15
-0.4247069448357546E-02  -0.9459582911117174E-03
 0.7516533322110451E+00   0.1674172533066371E+00
-0.4847907035322751E-15  -0.2189372215797692E-14
-0.1452127644710018E-14  -0.1283336345907189E-14
-0.4943961906533900E-16  -0.5386316392907986E-15
 0.6785478314029433E+00   0.2455260840363083E+01
-0.1565826731281298E+00  -0.6040252318635687E+00
-0.1835771121312908E-14  -0.6749920889965188E-15
 0.1583551436103638E-14   0.6877173971854634E-15
-0.4209343956015604E+00  -0.2224285982951587E+00
 0.3476874982647384E+00   0.4855139785905986E+00
-0.3450553200488277E-15  -0.1503537406328976E-15
 0.2605070059745457E-14   0.1561417382893685E-14
-0.6844047645794348E+00   0.1249982537740921E+01
-0.2011077479594831E+00  -0.8670194055401009E-01
 0.7420581430975111E-15  -0.1751636401461742E-14
-0.5975050396884159E-15   0.2285390821572702E-14
 0.1040478803651599E+00  -0.2468318608413322E+00
 0.9275344204386325E+00   0.3532588198482709E+01
-0.6244832405687749E-15   0.2874146107795729E-15
-0.2113553826242526E-14  -0.1444699235947533E-14
 0.3535468969081231E+00   0.1151102717724748E+01
-0.5821231584077947E-01   0.4009932304745156E+01
 0.2448534216042682E-16  -0.5510454296946998E-16
 0.4615601472419176E-01   0.6489000993042282E-01
 0.9678681146697454E-04   0.1360710450148520E-03
-0.2790357003018423E-15   0.1075469406270241E-14
 0.2351412121904799E-14  -0.1568760546567043E-14
-0.5221049907049438E+00   0.2924196645387600E-01
 0.1855202104440757E-02  -0.1039058401452967E-03
 0.5987013141355400E-15   0.6343462538525946E-15
 0.1378538061190748E-14   0.1139526624614505E-15
 0.1119007825918159E+00   0.1977762890031469E+01
 0.5793943145551152E-16   0.1334652866519196E-14
 0.9678681146656838E-04   0.1360710450157309E-03
-0.4615601472419290E-01  -0.6489000993042296E-01
-0.5283667122293552E-15  -0.1302206315336691E-14
-0.3619632061503367E-15   0.9790235561316133E-15
 0.1855202104440399E-02  -0.1039058401457473E-03
 0.5221049907049429E+00  -0.2924196645387667E-01
 0.1685322534350447E-14   0.1227402802767803E-14
-0.8166601261769690E-15  -0.7788361511639868E-15
 0.5529431079676073E-16  -0.6028164079019405E-16
 0.1119007825918144E+00   0.1977762890031463E+01
-0.2136342073437283E+00   0.1232004512741413E+00
-0.1142376076565877E-15  -0.2144246587871106E-14
-0.8584860520652380E-15   0.1112097268054336E-14
-0.3162563017980798E+00  -0.4760502939709963E+00
-0.2864801399274229E+00   0.1039877895864294E+01
 0.4012097319898262E-15   0.5206157660052864E-15
-0.1879623913724628E-14  -0.1462110989600176E-14
 0.5755851901049620E+00   0.3746694565803956E+00
 0.3677768050276820E-01   0.3055077307214288E+00
 0.1322476973002090E-15  -0.2513791123928169E-15
 0.5970816110762417E-15  -0.3647030778689993E-16
-0.8082534768534155E-01   0.1296348415807230E+01
 0.4793754996169385E-01   0.1242771011711211E+00
 0.6900544349233643E-15  -0.7303978267677366E-16
-0.2334182376943733E-15   0.1989307503805611E-15
 0.1008500968486266E+00   0.2957304041442749E-01
-0.3851574702764481E-01   0.1153170865369067E+01
-0.1835560108868858E-15  -0.1937227501558554E-15
-0.2849787114969955E-15  -0.2706291853318668E-15
-0.9094719272505658E-01   0.9742401996499742E-01
-0.1867137286852337E+00   0.4782798067133545E+00
 0.9536467268199635E-15  -0.3673710400415812E-15
-0.1465051932359916E-14   0.1402725738618529E-16
-0.7092641557560697E+00  -0.3131572844790769E+00
-0.2536522250266714E+00   0.1236991923199714E+01
 0.7373059268073499E-16   0.2964316958177572E-16
 0.8285771839413247E-01   0.2393826711387415E-01
-0.7289592340543603E-04  -0.2106022371627775E-04
-0.1935622489921517E-15  -0.3441138982756705E-15
-0.1051549961221003E-14  -0.3967216489822031E-15
 0.2447413081440863E-02   0.7998947495036823E-02
-0.1598187230226512E-04  -0.5223399285915649E-04
-0.2833629716031587E-15  -0.2553949191543962E-15
-0.2424055574507904E-15  -0.5169158867202859E-15
 0.3585864695731415E+00  -0.3549029669932147E-01
 0.1067413961867488E-02  -0.1056449180940981E-03
 0.5106695770384063E-15   0.2827044000813750E-15
 0.2820787164288118E-15   0.4439770744958534E-15
 0.2615819889918971E+00   0.1610400923884908E+01
 0.1538014192063531E-15   0.1705089914970739E-15
-0.7289592340526711E-04  -0.2106022371672480E-04
-0.8285771839413227E-01  -0.2393826711387438E-01
 0.5643195184004746E-15   0.4245149393009062E-15
 0.3117101621426264E-17   0.2199928545781377E-14
-0.1598187230258733E-04  -0.5223399285912734E-04
-0.2447413081440851E-02  -0.7998947495036471E-02
-0.1054355000787927E-15   0.1783437691129608E-15
-0.6760103258395036E-15   0.7361447502470135E-15
-0.1067413961867643E-02   0.1056449180939437E-03
 0.3585864695731398E+00  -0.3549029669932267E-01
-0.1414327905272969E-14   0.1157079472195500E-14
-0.1014672617726276E-14  -0.2273362737404115E-14
-0.1881768395620154E-16  -0.1284372998580641E-15
 0.2615819889918966E+00   0.1610400923884902E+01
-0.4991491425391353E+00   0.3819323199714775E+00
 0.2190986712779513E-14  -0.1831591728461154E-14
 0.2090474372575411E-14  -0.1017416637255141E-14
 0.3854420792669530E+00   0.9365571350057598E-01
-0.6030786672062245E+00  -0.5991001242219931E+00
 0.4115072257568715E-15  -0.1099775213488858E-15
 0.7039082697549600E-15   0.1202590737428179E-14
 0.3969891019622150E+00   0.1148521567044287E+00
 0.4045933140031439E+00  -0.3335350208237661E+00
 0.1157540209268261E-14   0.1162573959066991E-14
-0.2260319980637736E-14  -0.1348085483685936E-14
 0.2732111342106318E+00   0.5159574950566834E+00
-0.4190619617137227E-01  -0.1170535287331270E+00
 0.1179635823073044E-14   0.6016959833925328E-15
-0.1577984676269644E-14  -0.1269551218699251E-14
-0.3858486382702165E+00   0.1831963504032935E+01
-0.2729922605822107E-14   0.2665569009501533E-14
 0.1473840244022910E-03  -0.9880893751270602E-04
-0.2454738149213691E+00   0.1645701217493191E+00
 0.2056399697334378E-14   0.1545336864484076E-14
-0.4127533102173231E-14  -0.3859619681596891E-14
-0.9133808082705771E-04  -0.9151685408704450E-03
-0.1808717824569664E-01  -0.1812257973193522E+00
 0.2888378319551146E-14   0.6397760845240810E-15
 0.2899245642212164E-14  -0.2274902949724046E-14
-0.4465956024148476E-03  -0.2710308628972524E-03
 0.2984185800607790E+00   0.1811048850936306E+00
 0.2636591013944070E-15   0.4038276397571676E-14
-0.5870315044188789E-15  -0.3247528658990487E-15
 0.2253201096845082E-03   0.1450530644727788E-03
 0.1522248699141299E+00   0.9799695154141129E-01
 0.7181647304464797E-14   0.7362000314664264E-14
-0.1314961148542199E+01   0.7457966600040812E+00
-0.2002016230981828E-14   0.2061179874401268E-14
-0.2454738149213697E+00   0.1645701217493195E+00
-0.1473840244009553E-03   0.9880893751267731E-04
 0.3110084550448626E-14  -0.5990134657373114E-15
-0.3890261380951154E-14  -0.3769653689868110E-14
-0.1808717824569676E-01  -0.1812257973193514E+00
 0.9133808082706390E-04   0.9151685408708028E-03
 0.2248698126297268E-14   0.3529129488036924E-15
 0.1952967289999090E-14  -0.2431919269276328E-14
-0.2984185800607788E+00  -0.1811048850936307E+00
-0.4465956024141664E-03  -0.2710308628975628E-03
 0.8286132202057792E-15   0.3122549592981288E-14
-0.3286382245467833E-16  -0.4553422800938571E-15
-0.1522248699141295E+00  -0.9799695154141035E-01
 0.2253201096845951E-03   0.1450530644735147E-03
 0.5231843088126240E-14   0.6581805035099805E-14
-0.1253845931161596E-15   0.1123267332012873E-15
-0.1314961148542192E+01   0.7457966600040767E+00
-0.4460442917656321E+00   0.3559409475563429E+00
 0.5775346861477489E-15  -0.9770474268265513E-15
-0.9316257082963308E-16  -0.3372733185263263E-15
 0.3636203588743827E-01  -0.3087175783937466E+00
-0.2221707526094675E+00  -0.4829307918639353E+00
 0.9350928147052463E-15   0.2273906386173310E-15
 0.1991148482590474E-15  -0.3531970424917604E-15
 0.2508861483760921E+00  -0.9592105769734814E-01
-0.5996638495944194E-03  -0.4123182262554566E+00
-0.1092845245413213E-14   0.9964435908676317E-16
-0.3236718913809010E-15  -0.2050915715379304E-15
-0.6222018592087276E-01  -0.1404882295723587E+00
 0.3553243598083845E+00   0.1969366150940035E+00
-0.1853755439335076E-16  -0.2777265682771012E-15
 0.8987159751138254E-15   0.7115756012310298E-15
-0.6586020251030874E+00   0.3245631661774780E+00
-0.4288352856269712E-14   0.2431419901859685E-14
-0.4078750731978696E-14   0.2368903199863643E-14
-0.1439482734909193E+01   0.8754416811234593E+00
 0.1758540964680395E-15  -0.9171867328539410E-15
-0.1408154242412160E-14   0.8860787658793027E-15
 0.1080329611478434E-15   0.1539023904666820E-16
-0.4497515004687094E-15   0.7863335149287940E-15
 0.1877217638022776E-14  -0.1614317212378873E-14
-0.2453481719830287E-15   0.2402386693444974E-15
 0.3845848574432984E-15  -0.3639747944628017E-16
 0.1117067336214761E-15   0.7655812916700308E-15
 0.4914606180641722E-15   0.6596295980484436E-15
 0.6870931998653972E-15  -0.3043512524037432E-15
 0.5201950583683054E-15  -0.1742149270623328E-15
-0.4446843758717347E-15   0.6732512008194994E-16
-0.3934523110730192E-15   0.2713572916245767E-15
 0.4036371916613490E-16  -0.1093424236262634E-16
-0.2489807245808772E-15  -0.1025356866124484E-15
 0.7752726055818258E-17  -0.1275632569657913E-15
-0.4354590304424096E-15   0.2725083609469465E-15
 0.6532015603230455E-17  -0.3964252088613758E-16
-0.2443612469905173E-15  -0.1917815213178872E-15
-0.1181789163456949E+01   0.8313274496398086E+00
-0.6167494450024972E-15   0.1761974661887970E-15
-0.1380628022950886E-14   0.7531833602984610E-15
-0.6768509242290263E-15   0.6427931281910093E-15
 0.9871725011572106E-16  -0.2452582888567897E-15
 0.1969687414808263E-14   0.8018261759539372E-15
-0.3797560283360650E-15   0.1592103219609795E-15
 0.2377032154757819E-15  -0.5279874308262896E-15
 0.6353776256070049E-15   0.3761384479188338E-15
 0.1096953916365155E-14   0.4453093285885863E-15
-0.1991985065444254E-15   0.1620535895471814E-15
 0.8841650335420459E-16   0.4316491396130467E-15
 0.1415545697663279E-15  -0.3402799690567356E-15
 0.5785662382418259E-15  -0.2699817322928386E-16
 0.5517405022597196E-15   0.1050991315227505E-15
-0.4145544053238271E-15  -0.4824545044162172E-16
-0.3967407538287748E-15  -0.3961305149976343E-15
 0.4333091472258807E-16  -0.1373779705440356E-15
 0.2139170106844506E-16  -0.9155802189677197E-16
 0.6264005835664965E-15  -0.8331729029170872E-15
-0.2220446049250313E-15   0.2636779683484747E-15
-0.1181789163456952E+01   0.8313274496398113E+00
 0.1651831797528407E+00  -0.1228467317369051E+01
-0.1079526338839376E-15   0.2508884466966369E-14
 0.8434191776355466E-15  -0.5358947597501821E-15
-0.1445418048110567E+00   0.3904417494453382E+00
 0.3747348008128891E+01  -0.1150994541489507E+01
 0.8944537690667871E-15  -0.1253273066029241E-15
-0.2737598074737331E-16  -0.1707830377972827E-14
 0.7520211409666382E+00   0.9673126714725103E+00
 0.1242238222376916E+01   0.1027794078753659E+01
-0.3900384252841328E-14   0.2901243167016474E-14
 0.7406742782615972E-15  -0.1348209829794293E-14
 0.1526149755885657E+00  -0.4980260844704915E+00
 0.3362457448806909E+00  -0.1003432682203415E+00
 0.1767046709321575E-14  -0.9998441932179667E-15
 0.5710845131524371E-15   0.9778169638568114E-18
-0.8019205806391488E-01  -0.8377692074044909E+00
-0.1728546041458061E-15  -0.5911232958731502E-14
 0.7592252661687600E-15  -0.6658133673968781E-14
-0.1697840205797096E+00  -0.6028222075459450E+00
-0.3264800651062667E-14   0.2656820732972425E-14
-0.2590919946217310E-14   0.2143720878493920E-14
-0.6141706781706110E+01   0.5159903416641829E+01
 0.1319883903146907E-14  -0.2514219751900549E-14
 0.1316825298767920E-03  -0.1146272220998678E-03
 0.2398243763850431E+00  -0.2087627119751864E+00
-0.4544482668554133E-15   0.2161165673647018E-15
 0.4746093873121340E-14  -0.6647774260892130E-15
-0.8168676525873779E-03   0.1541359262179093E-02
-0.1317655619125463E+00   0.2486303241985156E+00
 0.1036158975731068E-14   0.1166804088529588E-14
 0.1960023749328054E-14   0.9702887675651574E-15
-0.2549959986641968E-04   0.6125140602872489E-03
 0.9636923694599302E-02  -0.2314840739375627E+00
 0.3370115506666735E-15  -0.4924209449839495E-15
 0.3455557908920946E-15  -0.7950751167922694E-15
 0.2350110321194184E-04   0.1822499552453547E-04
 0.7106620145477599E-01   0.5511150654582454E-01
-0.7367593842523383E-15  -0.8496616016894736E-15
 0.4764116980531193E-01   0.1652475082553638E-02
 0.5476284253188048E-04   0.1899496446147763E-05
-0.2260023561649741E-15  -0.8379010199170683E-15
 0.6269841900162907E-16  -0.6173955493790846E-16
 0.3578084901092590E-15  -0.2502433744251083E-15
-0.6491756732181947E-14   0.5362837717679037E-14
-0.1253474857098916E+01   0.8799508932992529E+00
 0.1191787062690006E-14  -0.9114648038066551E-15
-0.2398243763850429E+00   0.2087627119751869E+00
 0.1316825298757597E-03  -0.1146272220990575E-03
 0.1406381234724922E-15  -0.5284416696354353E-15
 0.1182874116369654E-14  -0.8969434571829429E-15
 0.1317655619125468E+00  -0.2486303241985157E+00
-0.8168676525878364E-03   0.1541359262179082E-02
 0.2116245523828863E-15  -0.4168196747869508E-16
-0.2345258370593391E-15   0.1311705206483663E-15
 0.9636923694599495E-02  -0.2314840739375633E+00
 0.2549959986649070E-04  -0.6125140602874681E-03
 0.1504242299586232E-15  -0.2980069307967810E-15
 0.2420434580336909E-15   0.1017909607128233E-15
 0.7106620145477653E-01   0.5511150654582506E-01
-0.2350110321108795E-04  -0.1822499552482014E-04
-0.6313856196507908E-16   0.1996557163441309E-15
 0.5476284253197504E-04   0.1899496446042112E-05
-0.4764116980531197E-01  -0.1652475082553682E-02
 0.3263468519299157E-15  -0.3147465963539252E-15
 0.5939976484193492E-16  -0.7012469385202204E-16
 0.4702093340623155E-16  -0.7576096105350136E-17
-0.4177807942709882E-15   0.8675128151414809E-16
-0.2922804644147946E-16   0.3583572068450820E-16
-0.1253474857098919E+01   0.8799508932992555E+00
 0.2121292673291454E+00  -0.4817018541982519E+00
-0.4690643848728677E-15   0.5066431830031441E-15
 0.3389917558342879E-15  -0.5786121804313842E-16
-0.1316208814073056E+00   0.4453548115223749E-01
 0.1030034733059807E+01  -0.3625491754856009E+00
 0.3782904712698522E-15  -0.1230058216006517E-16
 0.6092161481672344E-16  -0.8998034224569471E-15
 0.3530503722456927E+00   0.1255350828121839E+00
 0.5712917237311490E+00  -0.6255942035872084E-01
-0.1429020023629941E-14   0.1120774159216282E-14
 0.1581686112593416E-15   0.1467111895438017E-15
 0.8133571194430615E-01  -0.1785904578249261E+00
 0.1684356734652110E+00  -0.2042588311082413E+00
 0.5666822870551507E-15  -0.1853474499667639E-15
 0.6994942316202196E-16  -0.5717087385936847E-15
 0.6264285135989467E-01  -0.6126272095723279E-01
-0.3624127007362059E-16  -0.8144193747675790E-16
 0.3276412863317251E-15  -0.6121163709697474E-15
-0.8930383299216674E-01  -0.1970240985511446E+00
-0.9907307664098746E-15   0.6344924041390317E-15
-0.8302700500049550E-15   0.4333102209011239E-15
-0.1637774221421771E+01   0.1021429646658808E+01
-0.2027021167798337E-14   0.9145174720794815E-15
-0.8437927514952573E-16  -0.1055113330490725E-15
-0.1812510725779876E+01   0.1044499538803906E+01
-0.3089889128946414E-14   0.8143959413909242E-15
 0.1602223938516305E+00  -0.8694849284050711E-01
-0.1772417250348727E-03   0.9618443770427416E-04
-0.2019550456684331E-14   0.5202277267059308E-15
-0.2150042093479380E-14   0.5850215247826942E-15
 0.6723348213392766E-02   0.5705167283494154E-01
-0.4542676543154913E-04  -0.3854735582822816E-03
 0.1565348243770863E-16  -0.1696401687675892E-17
 0.6823533675049210E-16  -0.1560857137725708E-16
 0.1633136642024196E+00   0.2821299129187518E-01
 0.5231230072671247E-03   0.9037127983565886E-04
 0.5493849243391233E-15   0.2851117619300365E-16
-0.4214797716209778E-15  -0.8439392156353651E-16
-0.4030213199983693E-01  -0.8065995440725869E-01
-0.9126445134348766E-05  -0.1826550140119102E-04
-0.3186271594814413E-14   0.2068254510202467E-14
-0.9705668945236951E-03   0.6013937637212841E-03
 0.5687035564024645E+00  -0.3523866043200333E+00
-0.3483715991790931E-15   0.1372492287875912E-15
-0.1104750492795798E-15   0.4012547237526640E-16
 0.1165324237235883E-15  -0.7051067969910021E-16
-0.1403499158299310E-15  -0.6653203201783839E-16
 0.7680127608082557E-04  -0.7253358599955505E-04
 0.1378482033685265E+00  -0.1301882601976650E+00
-0.5623607895967901E-16   0.3639724965264060E-16
-0.1745155288543993E+01   0.4029542470383719E+00
 0.7150405217848475E-15  -0.5917162692323325E-15
 0.1772417250345811E-03  -0.9618443770408299E-04
 0.1602223938516309E+00  -0.8694849284050692E-01
 0.6632759293259988E-15  -0.2222629703021476E-15
 0.1370661520187700E-14  -0.7855055963250265E-15
 0.4542676543218514E-04   0.3854735582823037E-03
 0.6723348213393480E-02   0.5705167283494122E-01
 0.2389607107616257E-15   0.4084798962833933E-15
 0.7773704519478436E-15  -0.7758928510507824E-16
 0.5231230072681705E-03   0.9037127983544825E-04
-0.1633136642024191E+00  -0.2821299129187494E-01
 0.1475138307260594E-14  -0.8092047728141988E-15
 0.6825461578736965E-15  -0.6845124578051713E-15
-0.9126445135104111E-05  -0.1826550140102240E-04
 0.4030213199983652E-01   0.8065995440725872E-01
-0.4698614299906086E-14   0.2608884762602886E-14
 0.5687035564024665E+00  -0.3523866043200339E+00
 0.9705668945237612E-03  -0.6013937637213148E-03
-0.3371161093561413E-15   0.6008848428957198E-16
 0.1391132000980602E-15  -0.5211379299449195E-16
 0.4894484146135970E-15  -0.3005686019653487E-15
-0.6798077114392694E-15   0.1644994113818423E-14
-0.1378482033685260E+00   0.1301882601976644E+00
 0.7680127608071356E-04  -0.7253358599951765E-04
 0.9937109626644757E-15   0.2691280506922061E-15
-0.3338181425149882E-16   0.8827617764189197E-17
-0.1745155288543991E+01   0.4029542470383711E+00
 0.5794116320915151E-01   0.1463475459977722E+00
 0.1213675084028568E-14  -0.6401539920987773E-15
-0.5631078679922760E-16   0.9237246916116488E-16
 0.8342550159145996E-02  -0.8976017004122433E-01
-0.4462968563586724E+00   0.3744667555799277E+00
-0.5967357440698048E-15   0.2786636742147537E-16
-0.9871901157584357E-15   0.5662809618884437E-15
 0.2163296195893206E+00  -0.1830129421387598E+00
-0.2360816167822466E+00  -0.3961743700070523E-01
 0.1265950897452335E-14  -0.4422521371489074E-15
-0.6818830935788702E-15   0.2183561939014135E-15
-0.2564271797313394E+00   0.2101671847401829E+00
-0.2263594394266581E+00   0.1834563321162541E+00
 0.1954807577398679E-15   0.2036282411634317E-15
-0.3935017998891043E-15   0.4952868478099001E-15
 0.1272169001521010E+00   0.7501867715907966E-01
 0.1606397892680646E-14   0.8034132081308851E-16
 0.1535408965058813E-15   0.7129539917633142E-15
 0.2592438906264973E+00  -0.3242497193793425E-01
-0.1004772667100863E-15  -0.4084143903162448E-15
 0.1649800344292537E-16  -0.3533659104174191E-15
-0.5543612427922546E-02  -0.7305126223113081E+00
-0.5997875375184193E-15  -0.5496917934020644E-15
 0.5954434664831251E-17  -0.6501543734189477E-17
-0.9460703086857768E-01  -0.1426031811697162E+00
 0.9197027487488267E-16  -0.3701124834639498E-17
 0.2465436594505499E-15  -0.7416472793828920E-16
-0.1637835030900705E+01   0.3558168582159577E+00
-0.2223803206754724E+00   0.1862268300915141E+00
 0.1665553427801669E-14  -0.3028863073405792E-15
-0.1251838624207458E-14   0.1559977150256682E-15
 0.1404199736993376E+00  -0.4702901184541553E-01
 0.1613832418337319E-01  -0.5005500469304851E-01
-0.1133940292543357E-15   0.2369051001344131E-16
 0.4398282966087186E-15   0.2350159696855308E-15
 0.3263889984339856E+00  -0.1817432467989990E+00
 0.5355008162348673E-03  -0.6565518811225671E-01
 0.8929996735143148E-17  -0.1524910022009183E-15
-0.4535839791801923E-15   0.2296310528604823E-15
-0.7828741401780775E-01   0.2501579500190892E-01
 0.7392883586384374E-01  -0.7668678140781213E-01
 0.7615775573834003E-15   0.9497552896222318E-16
 0.6563985679340165E-16  -0.1642491940215210E-15
-0.2948142597391453E+00   0.1544265541815443E+00
-0.1371778545874689E-14   0.9335274967296878E-15
-0.2207738970052234E-14   0.1114198406007950E-14
-0.6995699081057459E+00   0.2312829532612154E+00
-0.3840043049984374E-15  -0.2207623862484295E-15
-0.3927412866233638E-15  -0.1501216963089135E-15
-0.6934652060686362E+00  -0.3706659188149552E+00
-0.7630166598188238E-15  -0.6778426877132479E-15
-0.4187563126925052E-15  -0.1210973373868880E-17
-0.2315040780188130E+00  -0.1831867922277103E+00
 0.2806401168317279E-15  -0.5288947955195372E-16
 0.1325721095552729E-15  -0.2028872093639528E-16
-0.9925637818632717E-01  -0.2804799993903547E-01
-0.2158086531964413E+01   0.2691976839652038E+00
-0.1868648164118362E+00   0.2647540821077637E+01
 0.1231158672545364E-14  -0.1178382750537044E-14
 0.6626470612745012E+00   0.3135202507006273E+01
-0.2726435186584936E-15  -0.2542458920696602E-15
-0.1227587909796712E-15  -0.1187743479957870E-15
 0.6626470612744878E+00   0.3135202507006222E+01
 0.1000779544922358E+00  -0.5123989267547351E+00
-0.2582931159300404E-15  -0.3515142667029561E-15
-0.8012634042747720E-15  -0.4878730464630537E-15
 0.4681601321776689E-01   0.1254894210159274E+01
 0.2458942192401093E+00   0.1845467615934326E+01
 0.6041383980288876E-16  -0.4909929777111765E-14
 0.1247973348147835E-14   0.5302767773367073E-14
-0.9651175428794158E-01  -0.7530201518733799E+00
 0.3677433083660193E+01   0.1454999269597059E+02
 0.9339493482343400E-15   0.9095350797530691E-15
 0.5890266307339490E+00   0.1674172533066429E+00
 0.3328179228980999E-02   0.9459582911112314E-03
-0.5769820916238836E-15   0.1254679944293165E-14
 0.1000781265992052E-15   0.9689513484080127E-15
 0.6864385424234688E+00   0.2455260840363083E+01
-0.2718136667529166E-15  -0.4562860504476521E-15
-0.3328179228980844E-02  -0.9459582911117174E-03
 0.5890266307339432E+00   0.1674172533066371E+00
-0.5325897577620599E-15  -0.2189372215797692E-14
-0.1246027848734834E-14  -0.1283336345907189E-14
-0.8890457814381136E-16  -0.5386316392907986E-15
 0.6864385424234691E+00   0.2455260840363083E+01
-0.1548793947700276E+00  -0.6040252318635687E+00
-0.1681288449202565E-14  -0.6749920889965188E-15
 0.1486086470158437E-14   0.6877173971854634E-15
-0.3869059913392728E+00  -0.2224285982951587E+00
 0.3302944025098555E+00   0.4855139785905986E+00
-0.2068605151021908E-15  -0.1503537406328976E-15
 0.2758402002519984E-14   0.1561417382893685E-14
-0.7020066470505409E+00   0.1249982537740921E+01
-0.3209672231797461E-01  -0.8670194055401009E-01
 0.2674762468031141E-15  -0.1751636401461742E-14
-0.2167655606071368E-15   0.2285390821572702E-14
 0.2523664085075832E-01  -0.2468318608413322E+00
 0.1275098291199755E+01   0.3532588198482709E+01
-0.6158970281748034E-15   0.2874146107795729E-15
-0.2090648700153424E-14  -0.1444699235947533E-14
 0.3694202861732451E+00   0.1151102717724748E+01
-0.1110345298664815E+00   0.4009932304745156E+01
 0.2343336021220074E-15  -0.5510454296946998E-16
-0.9029200108107045E-01   0.6489000993042282E-01
-0.1893377263579853E-03   0.1360710450148520E-03
-0.1225978142620383E-15   0.1075469406270241E-14
 0.1424058029935206E-14  -0.1568760546567043E-14
-0.4495953937489247E+00   0.2924196645387600E-01
 0.1597552859059359E-02  -0.1039058401452967E-03
 0.2693107257677306E-15   0.6343462538525946E-15
 0.8686495485495659E-15   0.1139526624614505E-15
 0.4806217967207968E-01   0.1977762890031469E+01
-0.1155082662319469E-15   0.1334652866519196E-14
-0.1893377263585110E-03   0.1360710450157309E-03
 0.9029200108106851E-01  -0.6489000993042296E-01
-0.4101850832212528E-15  -0.1302206315336691E-14
-0.1181045212039970E-15   0.9790235561316133E-15
 0.1597552859059106E-02  -0.1039058401457473E-03
 0.4495953937489239E+00  -0.2924196645387667E-01
 0.1588579828958083E-14   0.1227402802767803E-14
-0.6307405173214776E-15  -0.7788361511639868E-15
 0.6472686969738461E-16  -0.6028164079019405E-16
 0.4806217967207826E-01   0.1977762890031463E+01
-0.1911924591707603E+00   0.1232004512741413E+00
-0.9250068702577471E-16  -0.2144246587871106E-14
-0.7503502224566510E-15   0.1112097268054336E-14
-0.3276187849638588E+00  -0.4760502939709963E+00
-0.1635227311335030E+00   0.1039877895864294E+01
 0.4536185787848306E-15   0.5206157660052864E-15
-0.1679547724243641E-14  -0.1462110989600176E-14
 0.5392477435973723E+00   0.3746694565803956E+00
 0.1386439256171221E+00   0.3055077307214288E+00
 0.2088296314291480E-16  -0.2513791123928169E-15
 0.7199074105391613E-15  -0.3647030778689993E-16
-0.1325787124822255E+00   0.1296348415807230E+01
 0.7215782603847529E-01   0.1242771011711211E+00
 0.6703525300520462E-15  -0.7303978267677366E-16
 0.9706824624604100E-16   0.1989307503805611E-15
 0.1010054851814279E+00   0.2957304041442749E-01
 0.7121573853640986E-01   0.1153170865369067E+01
-0.1408683580969241E-15  -0.1937227501558554E-15
-0.3585954247129551E-15  -0.2706291853318668E-15
-0.1125586071037119E+00   0.9742401996499742E-01
-0.1034405975206202E+00   0.4782798067133545E+00
 0.7570237138476418E-15  -0.3673710400415812E-15
-0.1508112434451415E-14   0.1402725738618529E-16
-0.7042152932027178E+00  -0.3131572844790769E+00
-0.3216155798460504E+00   0.1236991923199714E+01
-0.4552059576561329E-16   0.2964316958177572E-16
 0.1253603405199581E+00   0.2393826711387415E-01
-0.1102885519625630E-03  -0.2106022371627775E-04
-0.2284110261337130E-15  -0.3441138982756705E-15
-0.7501229996829696E-15  -0.3967216489822031E-15
-0.5404442347378210E-01   0.7998947495036823E-02
 0.3529159344434049E-03  -0.5223399285915649E-04
-0.1226846400711831E-15  -0.2553949191543962E-15
-0.5806921932248774E-16  -0.5169158867202859E-15
 0.3904856809096816E+00  -0.3549029669932147E-01
 0.1162369199843202E-02  -0.1056449180940981E-03
 0.5344563097195638E-15   0.2827044000813750E-15
 0.3195124459839609E-15   0.4439770744958534E-15
 0.1441396192403325E+00   0.1610400923884908E+01
 0.2999279125176698E-15   0.1705089914970739E-15
-0.1102885519624423E-03  -0.2106022371672480E-04
-0.1253603405199575E+00  -0.2393826711387438E-01
 0.4720304739052672E-15   0.4245149393009062E-15
 0.2102779256140693E-15   0.2199928545781377E-14
 0.3529159344431307E-03  -0.5223399285912734E-04
 0.5404442347378209E-01  -0.7998947495036471E-02
-0.6842061910492995E-16   0.1783437691129608E-15
-0.5412603889700789E-15   0.7361447502470135E-15
-0.1162369199843312E-02   0.1056449180939437E-03
 0.3904856809096799E+00  -0.3549029669932267E-01
-0.1623188924546459E-14   0.1157079472195500E-14
-0.7670600132151717E-15  -0.2273362737404115E-14
-0.2968003447179068E-17  -0.1284372998580641E-15
 0.1441396192403324E+00   0.1610400923884902E+01
-0.2918652591710846E+00   0.3819323199714775E+00
 0.1186685547288730E-14  -0.1831591728461154E-14
 0.1252245876671853E-14  -0.1017416637255141E-14
 0.3063982066118378E+00   0.9365571350057598E-01
-0.5609559896245547E+00  -0.5991001242219931E+00
 0.6762544737264970E-15  -0.1099775213488858E-15
 0.1117983227723065E-14   0.1202590737428179E-14
 0.2781828211846171E+00   0.1148521567044287E+00
 0.5318589505910654E+00  -0.3335350208237661E+00
 0.1315181354433185E-14   0.1162573959066991E-14
-0.2180674657309952E-14  -0.1348085483685936E-14
 0.2052168595609278E+00   0.5159574950566834E+00
-0.1138092745748913E+00  -0.1170535287331270E+00
 0.1000474713638875E-14   0.6016959833925328E-15
-0.1617243154512016E-14  -0.1269551218699251E-14
-0.4979384652973974E+00   0.1831963504032935E+01
-0.1325274168263046E-14   0.2665569009501533E-14
 0.7584652304225067E-04  -0.9880893751270602E-04
-0.1263253289157283E+00   0.1645701217493191E+00
 0.1628265724118297E-14   0.1545336864484076E-14
-0.3828217958426830E-14  -0.3859619681596891E-14
-0.2826781206584658E-03  -0.9151685408704450E-03
-0.5597719492457406E-01  -0.1812257973193522E+00
 0.1980374016814854E-14   0.6397760845240810E-15
 0.3902520949612758E-14  -0.2274902949724046E-14
-0.4430700746599741E-03  -0.2710308628972524E-03
 0.2960627955862250E+00   0.1811048850936306E+00
-0.1795485104542753E-15   0.4038276397571676E-14
-0.1101914511242254E-14  -0.3247528658990487E-15
 0.2039610772079752E-03   0.1450530644727788E-03
 0.1377948399234954E+00   0.9799695154141129E-01
 0.5709564191538775E-14   0.7362000314664264E-14
-0.1249919640662359E+01   0.7457966600040812E+00
-0.8096351788910709E-15   0.2061179874401268E-14
-0.1263253289157288E+00   0.1645701217493195E+00
-0.7584652304094094E-04   0.9880893751267731E-04
 0.2340923110128543E-14  -0.5990134657373114E-15
-0.3417127677167103E-14  -0.3769653689868110E-14
-0.5597719492457412E-01  -0.1812257973193514E+00
 0.2826781206585315E-03   0.9151685408708028E-03
 0.1559104536493289E-14   0.3529129488036924E-15
 0.2938140144982576E-14  -0.2431919269276328E-14
-0.2960627955862247E+00  -0.1811048850936307E+00
-0.4430700746593319E-03  -0.2710308628975628E-03
 0.4842014512159434E-15   0.3122549592981288E-14
-0.4742024896205021E-15  -0.4553422800938571E-15
-0.1377948399234951E+00  -0.9799695154141035E-01
 0.2039610772079796E-03   0.1450530644735147E-03
 0.4170749166452853E-14   0.6581805035099805E-14
-0.1213188349693389E-15   0.1123267332012873E-15
-0.1249919640662351E+01   0.7457966600040767E+00
-0.1886981733194065E+00   0.3559409475563429E+00
-0.1825976333238229E-15  -0.9770474268265513E-15
 0.1641112947870317E-15  -0.3372733185263263E-15
-0.5918162993713015E-01  -0.3087175783937466E+00
-0.1314457371839710E+00  -0.4829307918639353E+00
 0.8489636900240831E-15   0.2273906386173310E-15
 0.8663978471648390E-16  -0.3531970424917604E-15
 0.1710522500705452E+00  -0.9592105769734814E-01
 0.4297663404825120E-02  -0.4123182262554566E+00
-0.7701010831632980E-15   0.9964435908676317E-16
-0.2954471700818627E-15  -0.2050915715379304E-15
-0.2574126082126769E-01  -0.1404882295723587E+00
 0.3109376503311337E+00   0.1969366150940035E+00
-0.1555933474101935E-15  -0.2777265682771012E-15
 0.7914138504422035E-15   0.7115756012310298E-15
-0.4870019868723982E+00   0.3245631661774780E+00
-0.3146800457990552E-14   0.2431419901859685E-14
-0.3152046944114623E-14   0.2368903199863643E-14
-0.1306583792338016E+01   0.8754416811234593E+00
 0.3735059271874645E-15  -0.9171867328539410E-15
-0.1369042586786480E-14   0.8860787658793027E-15
 0.1499690545911086E-15   0.1539023904666820E-16
-0.4292223315283806E-15   0.7863335149287940E-15
 0.1089867571704874E-14  -0.1614317212378873E-14
-0.2179379270006496E-15   0.2402386693444974E-15
 0.3393601852206608E-15  -0.3639747944628017E-16
-0.4818372781473150E-16   0.7655812916700308E-15
-0.1973840312758213E-16   0.6596295980484436E-15
 0.6528939208910817E-15  -0.3043512524037432E-15
 0.4722246012444604E-15  -0.1742149270623328E-15
-0.4733008332937745E-15   0.6732512008194994E-16
-0.4852529975287908E-15   0.2713572916245767E-15
 0.4053061402032566E-16  -0.1093424236262634E-16
-0.2035251567155641E-15  -0.1025356866124484E-15
 0.1734353185134048E-15  -0.1275632569657913E-15
-0.3957317546665925E-15   0.2725083609469465E-15
-0.4316222011197724E-17  -0.3964252088613758E-16
-0.3810252966261782E-16  -0.1917815213178872E-15
-0.1121686976828516E+01   0.8313274496398086E+00
-0.3635987306047137E-15   0.1761974661887970E-15
-0.1295530641286550E-14   0.7531833602984610E-15
-0.3167081574789513E-15   0.6427931281910093E-15
 0.5522306831556779E-16  -0.2452582888567897E-15
 0.1493728812451423E-14   0.8018261759539372E-15
-0.3735204685706806E-15   0.1592103219609795E-15
 0.7517618639473191E-16  -0.5279874308262896E-15
 0.4592124617389150E-15   0.3761384479188338E-15
 0.6929559648478119E-15   0.4453093285885863E-15
-0.1673370038395394E-15   0.1620535895471814E-15
 0.3461585105036158E-16   0.4316491396130467E-15
 0.1140879024074053E-15  -0.3402799690567356E-15
 0.4545290368871252E-15  -0.2699817322928386E-16
 0.4918626803381642E-15   0.1050991315227505E-15
-0.3158292307866060E-15  -0.4824545044162172E-16
-0.1893556953154334E-15  -0.3961305149976343E-15
 0.1772304133005504E-15  -0.1373779705440356E-15
 0.1510319412554173E-16  -0.9155802189677197E-16
 0.7258812395008607E-15  -0.8331729029170872E-15
-0.3747002708109903E-15   0.2636779683484747E-15
-0.1121686976828519E+01   0.8313274496398113E+00
 0.5515901413387506E+00  -0.1228467317369051E+01
-0.2340419167114413E-15   0.2508884466966369E-14
 0.2887206758476186E-15  -0.5358947597501821E-15
-0.1698636526662344E+00   0.3904417494453382E+00
 0.2527055628141807E+01  -0.1150994541489507E+01
 0.6913874991340555E-15  -0.1253273066029241E-15
 0.7858001815923959E-16  -0.1707830377972827E-14
 0.4503068164767449E+00   0.9673126714725103E+00
 0.3502591411257350E+00   0.1027794078753659E+01
-0.3902487129654649E-14   0.2901243167016474E-14
 0.8935977415677772E-15  -0.1348209829794293E-14
 0.9098206475230447E-01  -0.4980260844704915E+00
 0.1507201485092459E+00  -0.1003432682203415E+00
 0.1980068545305184E-14  -0.9998441932179667E-15
 0.2367524771901068E-15   0.9778169638568114E-18
 0.3040852110592206E+00  -0.8377692074044909E+00
 0.2502825958715219E-14  -0.5911232958731502E-14
 0.3314225916606509E-14  -0.6658133673968781E-14
 0.1551219393142047E+00  -0.6028222075459450E+00
-0.3632878001050857E-14   0.2656820732972425E-14
-0.2915885202779403E-14   0.2143720878493920E-14
-0.6838397646161815E+01   0.5159903416641829E+01
 0.1654183726635918E-14  -0.2514219751900549E-14
 0.5387038477943897E-04  -0.1146272220998678E-03
 0.9811044371171680E-01  -0.2087627119751864E+00
-0.5437052190030339E-15   0.2161165673647018E-15
 0.3213414872829384E-14  -0.6647774260892130E-15
-0.4089650515193588E-03   0.1541359262179093E-02
-0.6596847071292566E-01   0.2486303241985156E+00
 0.6703438901173999E-15   0.1166804088529588E-14
 0.8688135140006880E-15   0.9702887675651574E-15
-0.7828266947530777E-04   0.6125140602872489E-03
 0.2958493922629433E-01  -0.2314840739375627E+00
 0.2583212503078615E-16  -0.4924209449839495E-15
 0.1592525399486769E-15  -0.7950751167922694E-15
 0.1228518481181123E-04   0.1822499552453547E-04
 0.3714980572850830E-01   0.5511150654582454E-01
-0.6405509164290289E-16  -0.8496616016894736E-15
-0.8963576558009960E-02   0.1652475082553638E-02
-0.1030350290686257E-04   0.1899496446147763E-05
 0.7771711287525672E-16  -0.8379010199170683E-15
 0.6928899425453451E-16  -0.6173955493790846E-16
 0.3523699445789132E-15  -0.2502433744251083E-15
-0.7509529611960421E-14   0.5362837717679037E-14
-0.1198294379804609E+01   0.8799508932992529E+00
 0.1284607383866990E-14  -0.9114648038066551E-15
-0.9811044371171534E-01   0.2087627119751869E+00
 0.5387038477840230E-04  -0.1146272220990575E-03
-0.1792327465369547E-15  -0.5284416696354353E-15
 0.1022651307597829E-14  -0.8969434571829429E-15
 0.6596847071292580E-01  -0.2486303241985157E+00
-0.4089650515197388E-03   0.1541359262179082E-02
 0.1602751930029511E-15  -0.4168196747869508E-16
-0.2693085978128266E-15   0.1311705206483663E-15
 0.2958493922629454E-01  -0.2314840739375633E+00
 0.7828266947534621E-04  -0.6125140602874681E-03
 0.1745117383104250E-15  -0.2980069307967810E-15
 0.1671638769836137E-15   0.1017909607128233E-15
 0.3714980572850871E-01   0.5511150654582506E-01
-0.1228518481102004E-04  -0.1822499552482014E-04
-0.3385978126117933E-15   0.1996557163441309E-15
-0.1030350290675230E-04   0.1899496446042112E-05
 0.8963576558009783E-02  -0.1652475082553682E-02
 0.3250254737809357E-15  -0.3147465963539252E-15
 0.4762912433501609E-16  -0.7012469385202204E-16
 0.3605163730641135E-16  -0.7576096105350136E-17
-0.3851874442672106E-15   0.8675128151414809E-16
-0.3542079365436180E-16   0.3583572068450820E-16
-0.1198294379804613E+01   0.8799508932992555E+00
 0.2385197017196514E+00  -0.4817018541982519E+00
-0.3053538532305200E-15   0.5066431830031441E-15
 0.4075265049784578E-15  -0.5786121804313842E-16
-0.9809319428322057E-01   0.4453548115223749E-01
 0.6359966165340494E+00  -0.3625491754856009E+00
 0.4825031549220436E-15  -0.1230058216006517E-16
 0.1649585908603910E-15  -0.8998034224569471E-15
 0.2007039840058567E+00   0.1255350828121839E+00
 0.3726197521863309E+00  -0.6255942035872084E-01
-0.1572972627685371E-14   0.1120774159216282E-14
 0.2193078760650626E-15   0.1467111895438017E-15
 0.3629154726714613E-02  -0.1785904578249261E+00
 0.5479014667348332E-01  -0.2042588311082413E+00
 0.7034799287885468E-15  -0.1853474499667639E-15
-0.8288566640383450E-16  -0.5717087385936847E-15
-0.4343391840293209E-02  -0.6126272095723279E-01
-0.4595587715483509E-15  -0.8144193747675790E-16
-0.3981909594274739E-16  -0.6121163709697474E-15
-0.3289293870921643E-01  -0.1970240985511446E+00
-0.1055760763931146E-14   0.6344924041390317E-15
-0.9042916332384932E-15   0.4333102209011239E-15
-0.1747170945330377E+01   0.1021429646658808E+01
-0.2387425973741154E-14   0.9145174720794815E-15
-0.8766994746312950E-16  -0.1055113330490725E-15
-0.1875874967799583E+01   0.1044499538803906E+01
-0.3048150671888357E-14   0.8143959413909242E-15
 0.4895797955945178E-01  -0.8694849284050711E-01
-0.5415845152915406E-04   0.9618443770427416E-04
-0.1742461400190387E-14   0.5202277267059308E-15
-0.2015664120758857E-14   0.5850215247826942E-15
 0.5004726537020010E-01   0.5705167283494154E-01
-0.3381477966530804E-03  -0.3854735582822816E-03
 0.2254220062002267E-16  -0.1696401687675892E-17
 0.6746386971575606E-16  -0.1560857137725708E-16
 0.1410051736384453E+00   0.2821299129187518E-01
 0.4516649040617993E-03   0.9037127983565886E-04
 0.5006505616467813E-15   0.2851117619300365E-16
-0.3784747381387912E-15  -0.8439392156353651E-16
-0.1410365880148036E-01  -0.8065995440725869E-01
-0.3193783103658838E-05  -0.1826550140119102E-04
-0.2867364510160465E-14   0.2068254510202467E-14
-0.8650477982531229E-03   0.6013937637212841E-03
 0.5068746544936213E+00  -0.3523866043200333E+00
-0.3180791814686384E-15   0.1372492287875912E-15
-0.9924418431145782E-16   0.4012547237526640E-16
 0.1222296467629434E-15  -0.7051067969910021E-16
-0.1491045709618699E-15  -0.6653203201783839E-16
 0.4888821299350029E-04  -0.7253358599955505E-04
 0.8774792127092022E-01  -0.1301882601976650E+00
-0.5314152448947638E-16   0.3639724965264060E-16
-0.1667625767900973E+01   0.4029542470383719E+00
 0.8835895435510866E-15  -0.5917162692323325E-15
 0.5415845152885820E-04  -0.9618443770408299E-04
 0.4895797955945298E-01  -0.8694849284050692E-01
 0.5337069933992672E-15  -0.2222629703021476E-15
 0.1026118778364935E-14  -0.7855055963250265E-15
 0.3381477966536589E-03   0.3854735582823037E-03
 0.5004726537020062E-01   0.5705167283494122E-01
 0.1922572462876367E-15   0.4084798962833933E-15
 0.5143795345584675E-15  -0.7758928510507824E-16
 0.4516649040627877E-03   0.9037127983544825E-04
-0.1410051736384448E+00  -0.2821299129187494E-01
 0.1330272027317448E-14  -0.8092047728141988E-15
 0.7248573472729762E-15  -0.6845124578051713E-15
-0.3193783104435201E-05  -0.1826550140102240E-04
 0.1410365880148002E-01   0.8065995440725872E-01
-0.4104001835855920E-14   0.2608884762602886E-14
 0.5068746544936232E+00  -0.3523866043200339E+00
 0.8650477982531693E-03  -0.6013937637213148E-03
-0.2517301770283674E-15   0.6008848428957198E-16
 0.1281516028807750E-15  -0.5211379299449195E-16
 0.3623421781501367E-15  -0.3005686019653487E-15
-0.7237742072963281E-15   0.1644994113818423E-14
-0.8774792127091970E-01   0.1301882601976644E+00
 0.4888821299338216E-04  -0.7253358599951765E-04
 0.8001379264386376E-15   0.2691280506922061E-15
-0.2989786464237472E-16   0.8827617764189197E-17
-0.1667625767900971E+01   0.4029542470383711E+00
-0.1457382190542211E-01   0.1463475459977722E+00
 0.1342308652327914E-14  -0.6401539920987773E-15
-0.1990435884387695E-15   0.9237246916116488E-16
 0.2169391403048514E-01  -0.8976017004122433E-01
-0.3450615036209195E+00   0.3744667555799277E+00
-0.5231090959473637E-15   0.2786636742147537E-16
-0.8499206551492388E-15   0.5662809618884437E-15
 0.2204503125777956E+00  -0.1830129421387598E+00
-0.1448717333534646E+00  -0.3961743700070523E-01
 0.1153693969310698E-14  -0.4422521371489074E-15
-0.6198863305500830E-15   0.2183561939014135E-15
-0.2837744805256728E+00   0.2101671847401829E+00
-0.2491483213961445E+00   0.1834563321162541E+00
 0.2311600150443242E-15   0.2036282411634317E-15
-0.4915779116865507E-15   0.4952868478099001E-15
 0.3440745557806384E-01   0.7501867715907966E-01
 0.8329634142060737E-15   0.8034132081308851E-16
-0.3989509810910646E-15   0.7129539917633142E-15
 0.2117067684980279E+00  -0.3242497193793425E-01
-0.1154603912162881E-15  -0.4084143903162448E-15
-0.1792277329387453E-17  -0.3533659104174191E-15
-0.1581224267575765E-01  -0.7305126223113081E+00
-0.5219212355671319E-15  -0.5496917934020644E-15
 0.1058608073651770E-16  -0.6501543734189477E-17
-0.1090877148481158E+00  -0.1426031811697162E+00
 0.6955658529827161E-16  -0.3701124834639498E-17
 0.3526708220595355E-15  -0.7416472793828920E-16
-0.1644689130613566E+01   0.3558168582159577E+00
-0.4158731324132554E-01   0.1862268300915141E+00
 0.1197073382775400E-14  -0.3028863073405792E-15
-0.1140548584109813E-14   0.1559977150256682E-15
 0.6354188401992723E-01  -0.4702901184541553E-01
 0.6837008555888593E-01  -0.5005500469304851E-01
-0.3463076282243915E-15   0.2369051001344131E-16
 0.2061188412759599E-15   0.2350159696855308E-15
 0.2989147574330966E+00  -0.1817432467989990E+00
-0.9216156416943581E-01  -0.6565518811225671E-01
 0.3695104326330588E-15  -0.1524910022009183E-15
-0.4737704497655329E-15   0.2296310528604823E-15
-0.1037573133978916E-01   0.2501579500190892E-01
 0.1069783747023513E+00  -0.7668678140781213E-01
 0.5786152602560109E-15   0.9497552896222318E-16
 0.1527992627984162E-15  -0.1642491940215210E-15
-0.3405921439878155E-01   0.1544265541815443E+00
 0.4790813753630377E-15   0.9335274967296878E-15
-0.5660471549093323E-15   0.1114198406007950E-14
-0.4949238495797025E+00   0.2312829532612154E+00
-0.3004312074967863E-15  -0.2207623862484295E-15
-0.2656611879729065E-15  -0.1501216963089135E-15
-0.5509598542848618E+00  -0.3706659188149552E+00
-0.5006800688652517E-15  -0.6778426877132479E-15
-0.3461570875285213E-15  -0.1210973373868880E-17
-0.1000751543372277E+00  -0.1831867922277103E+00
 0.2676490167813182E-15  -0.5288947955195372E-16
 0.2196531488347792E-15  -0.2028872093639528E-16
-0.8082395865827649E-01  -0.2804799993903547E-01
-0.2069970418369893E+01   0.2691976839652038E+00
 0.4528857412641132E-01   0.2647540821077637E+01
 0.8968910229871314E-15  -0.1178382750537044E-14
 0.9186124999891416E+00   0.3135202507006273E+01
-0.1677765763165960E-15  -0.2542458920696602E-15
-0.1891932790987205E-15  -0.1187743479957870E-15
 0.9186124999891232E+00   0.3135202507006222E+01
-0.8035533830889496E-01  -0.5123989267547351E+00
-0.5751997145853517E-15  -0.3515142667029561E-15
-0.6347447404330566E-15  -0.4878730464630537E-15
 0.3299949254077060E-01   0.1254894210159274E+01
 0.1061452030249280E+01   0.1845467615934326E+01
-0.1317874411086757E-14  -0.4909929777111765E-14
 0.1766148380037039E-14   0.5302767773367073E-14
-0.3369208755711179E+00  -0.7530201518733799E+00
 0.5318254461826617E+01   0.1454999269597059E+02
 0.8860041529074676E-15   0.9095350797530691E-15
 0.4086148651745533E+00   0.1674172533066429E+00
 0.2308797999900678E-02   0.9459582911112314E-03
-0.1036437288008355E-15   0.1254679944293165E-14
 0.2036806153481664E-15   0.9689513484080127E-15
 0.6586760995366518E+00   0.2455260840363083E+01
-0.7032660779657465E-15  -0.4562860504476521E-15
-0.2308797999900613E-02  -0.9459582911117174E-03
 0.4086148651745484E+00   0.1674172533066371E+00
-0.6066111332324992E-15  -0.2189372215797692E-14
-0.9609499772781135E-15  -0.1283336345907189E-14
-0.1305379415672547E-15  -0.5386316392907986E-15
 0.6586760995366522E+00   0.2455260840363083E+01
-0.6176944646908338E-01  -0.6040252318635687E+00
-0.1802651142540422E-14  -0.6749920889965188E-15
 0.1219713998491753E-14   0.6877173971854634E-15
-0.3345913014473779E+00  -0.2224285982951587E+00
-0.3674797139193837E-01   0.4855139785905986E+00
-0.1799813599404269E-15  -0.1503537406328976E-15
 0.2806278222475490E-14   0.1561417382893685E-14
-0.7562138618308971E+00   0.1249982537740921E+01
 0.2560505198047630E+00  -0.8670194055401009E-01
-0.2545088821164874E-15  -0.1751636401461742E-14
-0.1164227006555189E-15   0.2285390821572702E-14
-0.1022148659197497E+00  -0.2468318608413322E+00
 0.5947555794814797E+00   0.3532588198482709E+01
-0.3499698670524202E-15   0.2874146107795729E-15
-0.1381145542361482E-14  -0.1444699235947533E-14
 0.2357118777239184E+00   0.1151102717724748E+01
-0.1399838296046441E+00   0.4009932304745156E+01
 0.6213095945535659E-15  -0.5510454296946998E-16
 0.5217824924647896E-03   0.6489000993042282E-01
 0.1094151304497943E-05   0.1360710450148520E-03
 0.7883523900665068E-16   0.1075469406270241E-14
-0.5458523527436999E-15  -0.1568760546567043E-14
-0.2525568244957780E+00   0.2924196645387600E-01
 0.8974132801579468E-03  -0.1039058401452967E-03
-0.2517821063088623E-16   0.6343462538525946E-15
-0.1446368855685467E-15   0.1139526624614505E-15
 0.2121260652650808E+00   0.1977762890031469E+01
 0.9753065210468007E-16   0.1334652866519196E-14
 0.1094151304189379E-05   0.1360710450157309E-03
-0.5217824924649273E-03  -0.6489000993042296E-01
-0.3556971104407526E-15  -0.1302206315336691E-14
 0.6463927019900254E-15   0.9790235561316133E-15
 0.8974132801578514E-03  -0.1039058401457473E-03
 0.2525568244957770E+00  -0.2924196645387667E-01
 0.1521034732875413E-14   0.1227402802767803E-14
-0.2198247958445448E-15  -0.7788361511639868E-15
 0.7621941272573096E-16  -0.6028164079019405E-16
 0.2121260652650794E+00   0.1977762890031463E+01
-0.1257951876766533E+00   0.1232004512741413E+00
 0.2829948620541823E-16  -0.2144246587871106E-14
-0.2757733227958230E-15   0.1112097268054336E-14
-0.3494767261170367E+00  -0.4760502939709963E+00
 0.1924640027840361E+00   0.1039877895864294E+01
 0.3893741050923937E-15   0.5206157660052864E-15
-0.1575435058604274E-14  -0.1462110989600176E-14
 0.5213138846086831E+00   0.3746694565803956E+00
 0.5824769602840553E-01   0.3055077307214288E+00
 0.4303378927286033E-16  -0.2513791123928169E-15
 0.3736043661615189E-15  -0.3647030778689993E-16
-0.1952947102133179E+00   0.1296348415807230E+01
 0.2746792021049316E+00   0.1242771011711211E+00
-0.1717778661239980E-15  -0.7303978267677366E-16
-0.2420813425570179E-16   0.1989307503805611E-15
 0.1167426532684683E+00   0.2957304041442749E-01
 0.2145915579202544E+00   0.1153170865369067E+01
-0.3189740522719079E-15  -0.1937227501558554E-15
-0.6499013014688015E-15  -0.2706291853318668E-15
-0.1814119804434459E+00   0.9742401996499742E-01
-0.1535825542346596E+00   0.4782798067133545E+00
 0.2033554973984331E-15  -0.3673710400415812E-15
-0.4642759547250826E-15   0.1402725738618529E-16
-0.5417869619509456E+00  -0.3131572844790769E+00
-0.6469428274744318E+00   0.1236991923199714E+01
-0.5060911723369734E-15   0.2964316958177572E-16
-0.2589451922870263E-01   0.2393826711387415E-01
 0.2278128008954394E-04  -0.2106022371627775E-04
-0.2239953272961014E-15  -0.3441138982756705E-15
 0.7701879096032308E-16  -0.3967216489822031E-15
-0.1863337092036670E+00   0.7998947495036823E-02
 0.1216779287761754E-02  -0.5223399285915649E-04
 0.7821705469434162E-16  -0.2553949191543962E-15
 0.3891065564442855E-15  -0.5169158867202859E-15
 0.2092360479547282E+00  -0.3549029669932147E-01
 0.6228385560078722E-03  -0.1056449180940981E-03
 0.4189017487111424E-15   0.2827044000813750E-15
 0.6201811937674726E-15   0.4439770744958534E-15
-0.4733022647194851E-01   0.1610400923884908E+01
 0.6753270125697782E-15   0.1705089914970739E-15
 0.2278128008944849E-04  -0.2106022371672480E-04
 0.2589451922870134E-01  -0.2393826711387438E-01
 0.4836194729099887E-15   0.4245149393009062E-15
 0.4931258359958623E-15   0.2199928545781377E-14
 0.1216779287761587E-02  -0.5223399285912734E-04
 0.1863337092036665E+00  -0.7998947495036471E-02
-0.2771291093658912E-15   0.1783437691129608E-15
-0.5903335783417750E-15   0.7361447502470135E-15
-0.6228385560078106E-03   0.1056449180939437E-03
 0.2092360479547272E+00  -0.3549029669932267E-01
-0.1518342633018525E-14   0.1157079472195500E-14
-0.1101110666041213E-14  -0.2273362737404115E-14
 0.1507718646112655E-17  -0.1284372998580641E-15
-0.4733022647194821E-01   0.1610400923884902E+01
-0.1079855759090816E+00   0.3819323199714775E+00
-0.2134703623247525E-15  -0.1831591728461154E-14
 0.7436489998031945E-15  -0.1017416637255141E-14
 0.1813731105041225E+00   0.9365571350057598E-01
 0.1131856416890830E+00  -0.5991001242219931E+00
 0.7950036342433701E-15  -0.1099775213488858E-15
 0.1165806785180291E-14   0.1202590737428179E-14
 0.3093876063484485E+00   0.1148521567044287E+00
 0.5888473318171091E+00  -0.3335350208237661E+00
 0.1677184180479680E-14   0.1162573959066991E-14
-0.2438844858524169E-14  -0.1348085483685936E-14
 0.2891707889103711E+00   0.5159574950566834E+00
 0.1574443529917915E-01  -0.1170535287331270E+00
 0.4445997235826402E-15   0.6016959833925328E-15
-0.8405658490132126E-15  -0.1269551218699251E-14
-0.5142027088348939E+00   0.1831963504032935E+01
 0.9366001174074503E-16   0.2665569009501533E-14
 0.1045704821919749E-04  -0.9880893751270602E-04
-0.1741661980839592E-01   0.1645701217493191E+00
 0.8580194129057615E-15   0.1545336864484076E-14
 0.1046304288689775E-14  -0.3859619681596891E-14
-0.5535414126992091E-03  -0.9151685408704450E-03
-0.1096147642601069E+00  -0.1812257973193522E+00
 0.2111604886949102E-14   0.6397760845240810E-15
 0.4218447301082414E-14  -0.2274902949724046E-14
-0.4729287307399307E-03  -0.2710308628972524E-03
 0.3160145767989738E+00   0.1811048850936306E+00
 0.5481067851733356E-15   0.4038276397571676E-14
-0.1471497411416898E-15  -0.3247528658990487E-15
 0.1115107936087235E-03   0.1450530644727788E-03
 0.7533600118902595E-01   0.9799695154141129E-01
 0.5094833012811576E-14   0.7362000314664264E-14
-0.1184934182837113E+01   0.7457966600040812E+00
 0.3668337951452621E-15   0.2061179874401268E-14
-0.1741661980839603E-01   0.1645701217493195E+00
-0.1045704821776361E-04   0.9880893751267731E-04
 0.1294317312571502E-14  -0.5990134657373114E-15
 0.1546304420804311E-14  -0.3769653689868110E-14
-0.1096147642601067E+00  -0.1812257973193514E+00
 0.5535414126993708E-03   0.9151685408708028E-03
 0.1757760999366264E-14   0.3529129488036924E-15
 0.3788521533592010E-14  -0.2431919269276328E-14
-0.3160145767989730E+00  -0.1811048850936307E+00
-0.4729287307394731E-03  -0.2710308628975628E-03
 0.1168581103577349E-14   0.3122549592981288E-14
 0.2089959618223199E-15  -0.4553422800938571E-15
-0.7533600118902585E-01  -0.9799695154141035E-01
 0.1115107936086233E-03   0.1450530644735147E-03
 0.3752124861179983E-14   0.6581805035099805E-14
-0.1434890753307730E-15   0.1123267332012873E-15
-0.1184934182837105E+01   0.7457966600040767E+00
 0.5209874914658993E-01   0.3559409475563429E+00
-0.1108231139607262E-14  -0.9770474268265513E-15
 0.8161635273448200E-15  -0.3372733185263263E-15
-0.9944816986774505E-01  -0.3087175783937466E+00
 0.2324409571254867E+00  -0.4829307918639353E+00
 0.8811935223731837E-15   0.2273906386173310E-15
 0.2504645765074312E-15  -0.3531970424917604E-15
 0.1067689379372428E+00  -0.9592105769734814E-01
 0.3543729670280652E+00  -0.4123182262554566E+00
-0.6135931597886711E-15   0.9964435908676317E-16
-0.1271395179806960E-15  -0.2050915715379304E-15
 0.6556258466020493E-01  -0.1404882295723587E+00
 0.1201118453521368E+00   0.1969366150940035E+00
-0.1335409965898134E-15  -0.2777265682771012E-15
 0.2637024181964800E-15   0.7115756012310298E-15
-0.3573133711336506E+00   0.3245631661774780E+00
-0.2428417056784214E-14   0.2431419901859685E-14
-0.2688930233243343E-14   0.2368903199863643E-14
-0.1390006675528007E+01   0.8754416811234593E+00
 0.1638211158377293E-15  -0.9171867328539410E-15
-0.1286490392649603E-14   0.8860787658793027E-15
 0.1071170435436655E-15   0.1539023904666820E-16
-0.2935095548142513E-15   0.7863335149287940E-15
-0.1296519112794250E-14  -0.1614317212378873E-14
-0.1747495948631498E-15   0.2402386693444974E-15
 0.2539353541456615E-15  -0.3639747944628017E-16
-0.1816713709393642E-15   0.7655812916700308E-15
-0.9098220928946431E-15   0.6596295980484436E-15
 0.6313190595047635E-15  -0.3043512524037432E-15
 0.4912506823466453E-15  -0.1742149270623328E-15
-0.6569866670172481E-15   0.6732512008194994E-16
-0.6634909176066189E-15   0.2713572916245767E-15
 0.2285600404320439E-16  -0.1093424236262634E-16
-0.1675825304085993E-15  -0.1025356866124484E-15
 0.3044490460284076E-15  -0.1275632569657913E-15
-0.3339391813140157E-15   0.2725083609469465E-15
-0.1794478955667594E-16  -0.3964252088613758E-16
 0.2251872947581478E-15  -0.1917815213178872E-15
-0.1044188774787063E+01   0.8313274496398086E+00
-0.2721014956750025E-15   0.1761974661887970E-15
-0.1258443911613269E-14   0.7531833602984610E-15
-0.2615897431318137E-15   0.6427931281910093E-15
 0.1172440151449917E-15  -0.2452582888567897E-15
-0.1110683400232235E-15   0.8018261759539372E-15
-0.3835540570493925E-15   0.1592103219609795E-15
-0.2246484597975067E-15  -0.5279874308262896E-15
 0.2056716025326461E-15   0.3761384479188338E-15
-0.3426477561706491E-16   0.4453093285885863E-15
-0.2107586057321837E-15   0.1620535895471814E-15
 0.3153759565062226E-15   0.4316491396130467E-15
 0.1813954319095442E-16  -0.3402799690567356E-15
 0.1121355568330300E-15  -0.2699817322928386E-16
 0.4205991990153091E-15   0.1050991315227505E-15
-0.3473239146043556E-15  -0.4824545044162172E-16
 0.1162416308649564E-15  -0.3961305149976343E-15
 0.3899697644715001E-15  -0.1373779705440356E-15
 0.1890071600892431E-16  -0.9155802189677197E-16
 0.7328709640508332E-15  -0.8331729029170872E-15
-0.2983724378680108E-15   0.2636779683484747E-15
-0.1044188774787066E+01   0.8313274496398113E+00
 0.3265040298449588E+00  -0.1228467317369051E+01
 0.1048506968258881E-14   0.2508884466966369E-14
-0.1443414639958191E-14  -0.5358947597501821E-15
 0.2248750433802811E-01   0.3904417494453382E+00
-0.1448847247758295E+01  -0.1150994541489507E+01
 0.3781953808224319E-15  -0.1253273066029241E-15
 0.4860927850254984E-15  -0.1707830377972827E-14
 0.9487026301307040E-01   0.9673126714725103E+00
-0.1190823363762433E+01   0.1027794078753659E+01
-0.3206691650254287E-14   0.2901243167016474E-14
 0.7559115229639044E-15  -0.1348209829794293E-14
-0.2576712237899101E+00  -0.4980260844704915E+00
-0.2962813345503655E+00  -0.1003432682203415E+00
 0.2136136405087251E-14  -0.9998441932179667E-15
-0.6459585404377329E-15   0.9778169638568114E-18
 0.6702277200116130E+00  -0.8377692074044909E+00
 0.4977934439229789E-14  -0.5911232958731502E-14
 0.5541842401150322E-14  -0.6658133673968781E-14
 0.5043523675924565E+00  -0.6028222075459450E+00
-0.3327180962630764E-14   0.2656820732972425E-14
-0.3109446482067210E-14   0.2143720878493920E-14
-0.6648467103261291E+01   0.5159903416641829E+01
 0.1159866494786519E-14  -0.2514219751900549E-14
 0.4510592306130968E-04  -0.1146272220998678E-03
 0.8214832961928861E-01  -0.2087627119751864E+00
-0.3424160102804365E-15   0.2161165673647018E-15
-0.1533007363066831E-14  -0.6647774260892130E-15
 0.3488841657342299E-03   0.1541359262179093E-02
 0.5627707009175647E-01   0.2486303241985156E+00
 0.1661970306776145E-15   0.1166804088529588E-14
-0.1582057897898336E-14   0.9702887675651574E-15
 0.2354198091548437E-03   0.6125140602872489E-03
-0.8897091518718059E-01  -0.2314840739375627E+00
-0.3547566169349271E-15  -0.4924209449839495E-15
-0.5744185172180411E-15  -0.7950751167922694E-15
 0.2088334996381753E-04   0.1822499552453547E-04
 0.6315024202069483E-01   0.5511150654582454E-01
 0.1279604713683523E-14  -0.8496616016894736E-15
-0.9969446964810620E-01   0.1652475082553638E-02
-0.1145973653662642E-03   0.1899496446147763E-05
 0.2585250394295472E-15  -0.8379010199170683E-15
 0.4111161031661669E-16  -0.6173955493790846E-16
 0.1836442712953127E-15  -0.2502433744251083E-15
-0.7486012873028852E-14   0.5362837717679037E-14
-0.1060792449188537E+01   0.8799508932992529E+00
 0.9525104664872500E-15  -0.9114648038066551E-15
-0.8214832961928765E-01   0.2087627119751869E+00
 0.4510592306049036E-04  -0.1146272220990575E-03
-0.4315532252067838E-15  -0.5284416696354353E-15
 0.6188218188268586E-15  -0.8969434571829429E-15
-0.5627707009175648E-01  -0.2486303241985157E+00
 0.3488841657339760E-03   0.1541359262179082E-02
 0.1262448369968932E-15  -0.4168196747869508E-16
-0.2861448379028536E-15   0.1311705206483663E-15
-0.8897091518718075E-01  -0.2314840739375633E+00
-0.2354198091548878E-03  -0.6125140602874681E-03
 0.1708610956813916E-15  -0.2980069307967810E-15
 0.1202510066261201E-15   0.1017909607128233E-15
 0.6315024202069530E-01   0.5511150654582506E-01
-0.2088334996311460E-04  -0.1822499552482014E-04
-0.7509743612036010E-15   0.1996557163441309E-15
-0.1145973653661980E-03   0.1899496446042112E-05
 0.9969446964810595E-01  -0.1652475082553682E-02
 0.2206935684186952E-15  -0.3147465963539252E-15
 0.1980388939447116E-16  -0.7012469385202204E-16
 0.5540451450670682E-16  -0.7576096105350136E-17
-0.2830331749749718E-15   0.8675128151414809E-16
-0.2468445417892776E-16   0.3583572068450820E-16
-0.1060792449188539E+01   0.8799508932992555E+00
 0.1682362733984890E+00  -0.4817018541982519E+00
 0.1253076739347574E-17   0.5066431830031441E-15
 0.2381724772163090E-16  -0.5786121804313842E-16
-0.7186361870970381E-02   0.4453548115223749E-01
-0.2356714528343090E+00  -0.3625491754856009E+00
 0.3239301623805657E-15  -0.1230058216006517E-16
-0.8119358704420133E-16  -0.8998034224569471E-15
 0.5842037956511610E-01   0.1255350828121839E+00
-0.2875541750521460E+00  -0.6255942035872084E-01
-0.1218398619417686E-14   0.1120774159216282E-14
 0.4222787842889911E-15   0.1467111895438017E-15
 0.9786779588332436E-03  -0.1785904578249261E+00
-0.7840759436777067E-01  -0.2042588311082413E+00
 0.7161764172653754E-15  -0.1853474499667639E-15
-0.4344619314757573E-15  -0.5717087385936847E-15
 0.1493314355899912E+00  -0.6126272095723279E-01
 0.8470534746520076E-15  -0.8144193747675790E-16
 0.7879957391827524E-15  -0.6121163709697474E-15
-0.9136498135210516E-01  -0.1970240985511446E+00
-0.8806606711046494E-15   0.6344924041390317E-15
-0.9255256343423445E-15   0.4333102209011239E-15
-0.1582650643270610E+01   0.1021429646658808E+01
-0.2241664391608176E-14   0.9145174720794815E-15
-0.1200938302107824E-15  -0.1055113330490725E-15
-0.1621337247281690E+01   0.1044499538803906E+01
-0.2740601040264605E-14   0.8143959413909242E-15
 0.5039947214514111E-02  -0.8694849284050711E-01
-0.5575306402959320E-05   0.9618443770427416E-04
-0.1508276063564332E-14   0.5202277267059308E-15
-0.1725884349223379E-14   0.5850215247826942E-15
 0.1192522246335389E+00   0.5705167283494154E-01
-0.8057358720315489E-03  -0.3854735582822816E-03
 0.2287073938669784E-16  -0.1696401687675892E-17
 0.6483293928755901E-17  -0.1560857137725708E-16
 0.1844186803839133E+00   0.2821299129187518E-01
 0.5907261658099883E-03   0.9037127983565886E-04
 0.4817869196270266E-15   0.2851117619300365E-16
-0.3441461173340056E-15  -0.8439392156353651E-16
-0.7182073265330118E-02  -0.8065995440725869E-01
-0.1626385362929851E-05  -0.1826550140119102E-04
-0.2527982939519472E-14   0.2068254510202467E-14
-0.7566169622002432E-03   0.6013937637212841E-03
 0.4433396190056883E+00  -0.3523866043200333E+00
-0.2535944411873531E-15   0.1372492287875912E-15
-0.7953467241957465E-16   0.4012547237526640E-16
 0.1180161095270719E-15  -0.7051067969910021E-16
-0.1916688330427203E-15  -0.6653203201783839E-16
-0.1672529749174567E-04  -0.7253358599955505E-04
-0.3001971227185810E-01  -0.1301882601976650E+00
 0.1071530774509354E-16   0.3639724965264060E-16
-0.1552002219519287E+01   0.4029542470383719E+00
 0.7407965971928199E-15  -0.5917162692323325E-15
 0.5575306402540566E-05  -0.9618443770408299E-04
 0.5039947214515499E-02  -0.8694849284050692E-01
 0.5025201635133808E-15  -0.2222629703021476E-15
 0.4578710332226206E-16  -0.7855055963250265E-15
 0.8057358720320497E-03   0.3854735582823037E-03
 0.1192522246335393E+00   0.5705167283494122E-01
 0.1024036770624915E-15   0.4084798962833933E-15
 0.1154024169399990E-15  -0.7758928510507824E-16
 0.5907261658109197E-03   0.9037127983544825E-04
-0.1844186803839127E+00  -0.2821299129187494E-01
 0.1223421141982548E-14  -0.8092047728141988E-15
 0.6377066729134633E-15  -0.6845124578051713E-15
-0.1626385363766508E-05  -0.1826550140102240E-04
 0.7182073265329771E-02   0.8065995440725872E-01
-0.3471839892147940E-14   0.2608884762602886E-14
 0.4433396190056899E+00  -0.3523866043200339E+00
 0.7566169622002957E-03  -0.6013937637213148E-03
-0.2562416147362757E-15   0.6008848428957198E-16
 0.9091574296108161E-16  -0.5211379299449195E-16
 0.7177414864981310E-16  -0.3005686019653487E-15
-0.3783821735641980E-15   0.1644994113818423E-14
 0.3001971227185840E-01   0.1301882601976644E+00
-0.1672529749186830E-04  -0.7253358599951765E-04
 0.5606489219863438E-15   0.2691280506922061E-15
-0.2339434896477885E-16   0.8827617764189197E-17
-0.1552002219519285E+01   0.4029542470383711E+00
 0.1965982447255189E-01   0.1463475459977722E+00
 0.1224831957626678E-14  -0.6401539920987773E-15
-0.1076523681977197E-15   0.9237246916116488E-16
 0.1328885200392749E-01  -0.8976017004122433E-01
 0.3656196898722232E-01   0.3744667555799277E+00
-0.5498813840492012E-15   0.2786636742147537E-16
-0.8016902421600303E-15   0.5662809618884437E-15
 0.2240999314537735E+00  -0.1830129421387598E+00
-0.1327445014998438E+00  -0.3961743700070523E-01
 0.1044769019818992E-14  -0.4422521371489074E-15
-0.6225103422812847E-15   0.2183561939014135E-15
-0.2522964965091103E+00   0.2101671847401829E+00
-0.2931995733562872E+00   0.1834563321162541E+00
 0.2947769118625502E-15   0.2036282411634317E-15
-0.6372388941761947E-15   0.4952868478099001E-15
 0.6520494046250151E-01   0.7501867715907966E-01
 0.9657925144782817E-15   0.8034132081308851E-16
-0.2060208860505209E-15   0.7129539917633142E-15
 0.1292134713056610E+00  -0.3242497193793425E-01
-0.2235670933538781E-15  -0.4084143903162448E-15
-0.8674083225877238E-16  -0.3533659104174191E-15
-0.1999592649533840E+00  -0.7305126223113081E+00
-0.3999017643173735E-15  -0.5496917934020644E-15
 0.1276929671533780E-16  -0.6501543734189477E-17
-0.6422574894362408E-01  -0.1426031811697162E+00
 0.4868236020200212E-16  -0.3701124834639498E-17
 0.5529671867858425E-15  -0.7416472793828920E-16
-0.1643363307007768E+01   0.3558168582159577E+00
-0.2446044593847272E-01   0.1862268300915141E+00
 0.1161573135733902E-14  -0.3028863073405792E-15
-0.1109130536286302E-14   0.1559977150256682E-15
 0.1647410268518141E-01  -0.4702901184541553E-01
 0.5285771298221628E-01  -0.5005500469304851E-01
-0.3177973133310218E-15   0.2369051001344131E-16
 0.1514898917042083E-15   0.2350159696855308E-15
 0.3122567027730170E+00  -0.1817432467989990E+00
 0.1261581433135990E+00  -0.6565518811225671E-01
 0.4641297807374197E-15  -0.1524910022009183E-15
-0.4902715955694420E-15   0.2296310528604823E-15
-0.6852159100610754E-01   0.2501579500190892E-01
 0.1713766066729456E+00  -0.7668678140781213E-01
 0.3971712267097676E-15   0.9497552896222318E-16
 0.3750621175281984E-15  -0.1642491940215210E-15
-0.4796857322212875E-01   0.1544265541815443E+00
 0.2878725028704537E-15   0.9335274967296878E-15
-0.4938252072820078E-15   0.1114198406007950E-14
-0.1813107003310886E+00   0.2312829532612154E+00
-0.2768562053181478E-15  -0.2207623862484295E-15
-0.1104425069169033E-15  -0.1501216963089135E-15
-0.4120025949871713E+00  -0.3706659188149552E+00
-0.5428361262794134E-15  -0.6778426877132479E-15
-0.2552172037537199E-15  -0.1210973373868880E-17
-0.1811133446702868E+00  -0.1831867922277103E+00
 0.2171567497694053E-15  -0.5288947955195372E-16
 0.2763422105865045E-15  -0.2028872093639528E-16
-0.1270422053628660E+00  -0.2804799993903547E-01
-0.1791670449197622E+01   0.2691976839652038E+00
 0.5718431393045588E+00   0.2647540821077637E+01
 0.7673477845217106E-16  -0.1178382750537044E-14
 0.1180037355413587E+01   0.3135202507006273E+01
 0.3747189315471092E-16  -0.2542458920696602E-15
-0.3105900410992068E-15  -0.1187743479957870E-15
 0.1180037355413567E+01   0.3135202507006222E+01
-0.1987186686771143E+00  -0.5123989267547351E+00
-0.1887458591183068E-14  -0.3515142667029561E-15
-0.3414162095947003E-15  -0.4878730464630537E-15
-0.2500044805166113E+00   0.1254894210159274E+01
 0.1284366189602341E+01   0.1845467615934326E+01
-0.1288761133432763E-14  -0.4909929777111765E-14
 0.1416129907597824E-14   0.5302767773367073E-14
-0.3616216542435438E+00  -0.7530201518733799E+00
 0.4240540561789834E+01   0.1454999269597059E+02
 0.9258139068696639E-15   0.9095350797530691E-15
 0.3773753091036373E+00   0.1674172533066429E+00
 0.2132285027120019E-02   0.9459582911112314E-03
 0.2042099874538196E-15   0.1254679944293165E-14
 0.2216293911950961E-15   0.9689513484080127E-15
 0.7769740943067602E+00   0.2455260840363083E+01
-0.4488115386805879E-15  -0.4562860504476521E-15
-0.2132285027120053E-02  -0.9459582911117174E-03
 0.3773753091036324E+00   0.1674172533066371E+00
-0.1005206597450990E-14  -0.2189372215797692E-14
-0.1805194495306566E-15  -0.1283336345907189E-14
-0.1567756341414039E-15  -0.5386316392907986E-15
 0.7769740943067608E+00   0.2455260840363083E+01
-0.2783284722960671E+00  -0.6040252318635687E+00
-0.9377463400437380E-15  -0.6749920889965188E-15
 0.7103038159974043E-15   0.6877173971854634E-15
-0.1807430085974113E+00  -0.2224285982951587E+00
-0.4627870349526874E+00   0.4855139785905986E+00
-0.2676082194891429E-15  -0.1503537406328976E-15
 0.2690179840414114E-14   0.1561417382893685E-14
-0.6556444424812804E+00   0.1249982537740921E+01
 0.2274272431627541E-01  -0.8670194055401009E-01
-0.8918325940447577E-16  -0.1751636401461742E-14
-0.3859500421017802E-15   0.2285390821572702E-14
-0.1810766959683134E+00  -0.2468318608413322E+00
-0.5115185056604243E+00   0.3532588198482709E+01
-0.3336943040558741E-15   0.2874146107795729E-15
-0.1186591691441945E-14  -0.1444699235947533E-14
 0.2753261478890637E+00   0.1151102717724748E+01
-0.4266321266446483E+00   0.4009932304745156E+01
 0.4207324811557408E-15  -0.5510454296946998E-16
 0.1132526227574702E+00   0.6489000993042282E-01
 0.2374849802886859E-03   0.1360710450148520E-03
 0.1737191931811034E-15   0.1075469406270241E-14
-0.1727167733066847E-14  -0.1568760546567043E-14
-0.1066273430698416E+00   0.2924196645387600E-01
 0.3788802535423801E-03  -0.1039058401452967E-03
 0.8434789287492401E-16   0.6343462538525946E-15
-0.3176154605424204E-15   0.1139526624614505E-15
 0.2496356757141634E+00   0.1977762890031469E+01
 0.6808754119097521E-15   0.1334652866519196E-14
 0.2374849802883982E-03   0.1360710450157309E-03
-0.1132526227574684E+00  -0.6489000993042296E-01
-0.2197775754879472E-15  -0.1302206315336691E-14
 0.1083938342080656E-14   0.9790235561316133E-15
 0.3788802535422398E-03  -0.1039058401457473E-03
 0.1066273430698413E+00  -0.2924196645387667E-01
 0.1037744935662846E-14   0.1227402802767803E-14
-0.1437245027045243E-15  -0.7788361511639868E-15
 0.8917562868693274E-16  -0.6028164079019405E-16
 0.2496356757141625E+00   0.1977762890031463E+01
-0.1736030531482227E-01   0.1232004512741413E+00
 0.5418009233472474E-15  -0.2144246587871106E-14
-0.4287462433155377E-15   0.1112097268054336E-14
-0.1798625316216166E+00  -0.4760502939709963E+00
 0.2116891175746791E+00   0.1039877895864294E+01
 0.2888465043726907E-15   0.5206157660052864E-15
-0.2007903067959407E-14  -0.1462110989600176E-14
 0.3944036770065628E+00   0.3746694565803956E+00
 0.1370424800861464E-01   0.3055077307214288E+00
 0.3259187537276217E-16  -0.2513791123928169E-15
-0.4273188027267563E-16  -0.3647030778689993E-16
-0.4011175934628201E+00   0.1296348415807230E+01
 0.4809752434906243E-01   0.1242771011711211E+00
 0.3472012480119028E-15  -0.7303978267677366E-16
-0.1169236113884331E-15   0.1989307503805611E-15
 0.5138404654099504E-01   0.2957304041442749E-01
-0.8309384873650873E-02   0.1153170865369067E+01
-0.1595420298829882E-15  -0.1937227501558554E-15
-0.8208658695313845E-16  -0.2706291853318668E-15
 0.2756608285007745E-01   0.9742401996499742E-01
-0.2203400946999365E+00   0.4782798067133545E+00
 0.4554316161634990E-16  -0.3673710400415812E-15
 0.2079617745892260E-15   0.1402725738618529E-16
-0.4751833868552179E+00  -0.3131572844790769E+00
-0.5064804169684842E+00   0.1236991923199714E+01
-0.2501741207909825E-16   0.2964316958177572E-16
 0.5398931670093059E-01   0.2393826711387415E-01
-0.4749830397469766E-04  -0.2106022371627775E-04
-0.1503724348007174E-15  -0.3441138982756705E-15
 0.9457814468215655E-15  -0.3967216489822031E-15
 0.8781525689991382E-01   0.7998947495036823E-02
-0.5734431316907761E-03  -0.5223399285915649E-04
-0.1914733409490419E-15  -0.2553949191543962E-15
 0.6078691761071049E-15  -0.5169158867202859E-15
-0.1457778179906373E-01  -0.3549029669932147E-01
-0.4339407408170598E-04  -0.1056449180940981E-03
 0.4306761326173717E-15   0.2827044000813750E-15
 0.6259836361414214E-15   0.4439770744958534E-15
 0.6849090704927421E-01   0.1610400923884908E+01
-0.1611349812585822E-16   0.1705089914970739E-15
-0.4749830397495763E-04  -0.2106022371672480E-04
-0.5398931670093034E-01  -0.2393826711387438E-01
 0.4276545658447335E-15   0.4245149393009062E-15
-0.1362088334261007E-15   0.2199928545781377E-14
-0.5734431316908805E-03  -0.5223399285912734E-04
-0.8781525689991367E-01  -0.7998947495036471E-02
-0.9428297834027237E-16   0.1783437691129608E-15
-0.5647789927714899E-15   0.7361447502470135E-15
 0.4339407408172381E-04   0.1056449180939437E-03
-0.1457778179906381E-01  -0.3549029669932267E-01
-0.6158236706545201E-15   0.1157079472195500E-14
-0.1284307063980261E-14  -0.2273362737404115E-14
-0.8019369131424814E-16  -0.1284372998580641E-15
 0.6849090704927417E-01   0.1610400923884902E+01
 0.2173944741986724E-01   0.3819323199714775E+00
-0.1831565888468547E-14  -0.1831591728461154E-14
 0.6905110764662478E-15  -0.1017416637255141E-14
-0.1282853352402796E+00   0.9365571350057598E-01
 0.6267704692045479E+00  -0.5991001242219931E+00
 0.1136822850483776E-14  -0.1099775213488858E-15
 0.1319286746297438E-14   0.1202590737428179E-14
 0.5108667116054783E+00   0.1148521567044287E+00
 0.6532706315554111E+00  -0.3335350208237661E+00
 0.1755575827777618E-14   0.1162573959066991E-14
-0.2300425882827244E-14  -0.1348085483685936E-14
 0.5790871944282894E+00   0.5159574950566834E+00
 0.1559086111032061E+00  -0.1170535287331270E+00
 0.4649832047963188E-15   0.6016959833925328E-15
-0.8702362027930896E-15  -0.1269551218699251E-14
-0.4513512573673272E+00   0.1831963504032935E+01
 0.8549306396360343E-15   0.2665569009501533E-14
-0.1249007700191158E-04  -0.9880893751270602E-04
 0.2080270818455020E-01   0.1645701217493191E+00
-0.1397902159776318E-14   0.1545336864484076E-14
 0.4540629480842702E-14  -0.3859619681596891E-14
-0.1007963036778772E-02  -0.9151685408704450E-03
-0.1996013814406214E+00  -0.1812257973193522E+00
 0.3631235637823113E-14   0.6397760845240810E-15
 0.4647131658853093E-14  -0.2274902949724046E-14
-0.4355037332606920E-03  -0.2710308628972524E-03
 0.2910069086846390E+00   0.1811048850936306E+00
 0.2972822145112099E-14   0.4038276397571676E-14
 0.8715897152472289E-15  -0.3247528658990487E-15
 0.1207356163380797E-03   0.1450530644727788E-03
 0.8156823426365153E-01   0.9799695154141129E-01
 0.4995012108784833E-14   0.7362000314664264E-14
-0.1123554427119191E+01   0.7457966600040812E+00
 0.1121139821767647E-14   0.2061179874401268E-14
 0.2080270818455031E-01   0.1645701217493195E+00
 0.1249007700334398E-04   0.9880893751267731E-04
-0.6708521384434189E-15  -0.5990134657373114E-15
 0.5216491267850388E-14  -0.3769653689868110E-14
-0.1996013814406211E+00  -0.1812257973193514E+00
 0.1007963036778865E-02   0.9151685408708028E-03
 0.2999510927380137E-14   0.3529129488036924E-15
 0.4448467306528912E-14  -0.2431919269276328E-14
-0.2910069086846385E+00  -0.1811048850936307E+00
-0.4355037332603771E-03  -0.2710308628975628E-03
 0.2918559170613275E-14   0.3122549592981288E-14
 0.1287591240114920E-14  -0.4553422800938571E-15
-0.8156823426365134E-01  -0.9799695154141035E-01
 0.1207356163379787E-03   0.1450530644735147E-03
 0.3945992795454034E-14   0.6581805035099805E-14
-0.1422371606347311E-15   0.1123267332012873E-15
-0.1123554427119186E+01   0.7457966600040767E+00
 0.9507954795587821E-01   0.3559409475563429E+00
-0.5994599052665332E-15  -0.9770474268265513E-15
 0.7331133572451031E-15  -0.3372733185263263E-15
-0.1051429998074151E-01  -0.3087175783937466E+00
 0.5865085297347026E+00  -0.4829307918639353E+00
 0.8188170650908024E-15   0.2273906386173310E-15
 0.1473183924177283E-15  -0.3531970424917604E-15
 0.1106987401154758E+00  -0.9592105769734814E-01
 0.6141001767566749E+00  -0.4123182262554566E+00
-0.4483798925426937E-15   0.9964435908676317E-16
-0.2696860288298326E-15  -0.2050915715379304E-15
-0.5890759421492463E-02  -0.1404882295723587E+00
 0.3879243380378044E+00   0.1969366150940035E+00
-0.5330449632045758E-15  -0.2777265682771012E-15
 0.1201353508204010E-14   0.7115756012310298E-15
-0.9702570310583206E-01   0.3245631661774780E+00
-0.3460259622279338E-15   0.2431419901859685E-14
-0.1100106847114980E-14   0.2368903199863643E-14
-0.1289788422468199E+01   0.8754416811234593E+00
-0.3150094149387285E-15  -0.9171867328539410E-15
-0.1220122619645700E-14   0.8860787658793027E-15
 0.1094566454333371E-15   0.1539023904666820E-16
-0.2512572872276145E-15   0.7863335149287940E-15
-0.2750350075872338E-14  -0.1614317212378873E-14
-0.1439375161419730E-15   0.2402386693444974E-15
 0.2806600336370820E-15  -0.3639747944628017E-16
-0.7060348339697252E-16   0.7655812916700308E-15
-0.1225342693064003E-14   0.6596295980484436E-15
 0.6052491635748435E-15  -0.3043512524037432E-15
 0.5097857166953914E-15  -0.1742149270623328E-15
-0.7258123604283214E-15   0.6732512008194994E-16
-0.8672062407572045E-15   0.2713572916245767E-15
 0.8163257538609563E-17  -0.1093424236262634E-16
-0.2295373409940359E-15  -0.1025356866124484E-15
 0.1806167922285872E-15  -0.1275632569657913E-15
-0.3077562601429079E-15   0.2725083609469465E-15
-0.2421935410709946E-16  -0.3964252088613758E-16
 0.3143665823209795E-15  -0.1917815213178872E-15
-0.9881088660553100E+00   0.8313274496398086E+00
-0.6017671018325632E-15   0.1761974661887970E-15
-0.1188671197949061E-14   0.7531833602984610E-15
-0.2059121976452462E-15   0.6427931281910093E-15
 0.2928540478894931E-15  -0.2452582888567897E-15
-0.1454172117939088E-14   0.8018261759539372E-15
-0.2966084073786001E-15   0.1592103219609795E-15
-0.2537680190021173E-15  -0.5279874308262896E-15
 0.1409770248636226E-15   0.3761384479188338E-15
-0.4017495234709254E-15   0.4453093285885863E-15
-0.2676549354193537E-15   0.1620535895471814E-15
 0.5048641144536965E-15   0.4316491396130467E-15
-0.2249952544766013E-15  -0.3402799690567356E-15
 0.5640486612723648E-16  -0.2699817322928386E-16
 0.4184088621282702E-15   0.1050991315227505E-15
-0.4833014104777182E-15  -0.4824545044162172E-16
 0.3274169118415643E-15  -0.3961305149976343E-15
 0.5130232908240867E-15  -0.1373779705440356E-15
 0.1148018720719284E-16  -0.9155802189677197E-16
 0.7853292182865576E-15  -0.8331729029170872E-15
-0.3087807787238717E-15   0.2636779683484747E-15
-0.9881088660553126E+00   0.8313274496398113E+00
-0.4513559705939057E+00  -0.1228467317369051E+01
 0.2859813528888653E-14   0.2508884466966369E-14
-0.2499054181253653E-14  -0.5358947597501821E-15
 0.2613672979559034E+00   0.3904417494453382E+00
-0.4097458068422079E+01  -0.1150994541489507E+01
 0.1612896404460337E-15  -0.1253273066029241E-15
 0.4905314897031856E-15  -0.1707830377972827E-14
 0.8655208843433129E-01   0.9673126714725103E+00
-0.1794839090290299E+01   0.1027794078753659E+01
-0.1945034945313835E-14   0.2901243167016474E-14
 0.2556816519312531E-15  -0.1348209829794293E-14
-0.6220895511894958E+00  -0.4980260844704915E+00
-0.6274853574397471E+00  -0.1003432682203415E+00
 0.1944744658254924E-14  -0.9998441932179667E-15
-0.1259777692844024E-14   0.9778169638568114E-18
 0.6449633715127207E+00  -0.8377692074044909E+00
 0.4692755079958167E-14  -0.5911232958731502E-14
 0.5006660335134696E-14  -0.6658133673968781E-14
 0.5645092205610764E+00  -0.6028222075459450E+00
-0.2255562536775080E-14   0.2656820732972425E-14
-0.2706569742865957E-14   0.2143720878493920E-14
-0.5043039015863672E+01   0.5159903416641829E+01
-0.1536142067666868E-16  -0.2514219751900549E-14
 0.3776456310307776E-04  -0.1146272220998678E-03
 0.6877801333325644E-01  -0.2087627119751864E+00
 0.3089538669735093E-16   0.2161165673647018E-15
-0.4858885819107423E-14  -0.6647774260892130E-15
 0.4697444327709307E-03   0.1541359262179093E-02
 0.7577254276537644E-01   0.2486303241985156E+00
 0.1074671951292847E-15   0.1166804088529588E-14
-0.2426021040583632E-14   0.9702887675651574E-15
 0.4441300213645291E-03   0.6125140602872489E-03
-0.1678476191309600E+00  -0.2314840739375627E+00
-0.7340598380006390E-15  -0.4924209449839495E-15
-0.1106759074451171E-14  -0.7950751167922694E-15
 0.4058690822991909E-04   0.1822499552453547E-04
 0.1227328509102104E+00   0.5511150654582454E-01
 0.1858154508712455E-14  -0.8496616016894736E-15
-0.1540666412746001E+00   0.1652475082553638E-02
-0.1770973981125890E-03   0.1899496446147763E-05
 0.2707505812008874E-15  -0.8379010199170683E-15
 0.1438891254373921E-16  -0.6173955493790846E-16
 0.1028150260668918E-15  -0.2502433744251083E-15
-0.5483183697230788E-14   0.5362837717679037E-14
-0.9799236205151270E+00   0.8799508932992529E+00
 0.6689243994938860E-15  -0.9114648038066551E-15
-0.6877801333325539E-01   0.2087627119751869E+00
 0.3776456310233195E-04  -0.1146272220990575E-03
-0.5420924718198023E-15  -0.5284416696354353E-15
 0.3884136425987827E-15  -0.8969434571829429E-15
-0.7577254276537634E-01  -0.2486303241985157E+00
 0.4697444327706652E-03   0.1541359262179082E-02
 0.1284722152956740E-15  -0.4168196747869508E-16
-0.2656710047243098E-15   0.1311705206483663E-15
-0.1678476191309604E+00  -0.2314840739375633E+00
-0.4441300213646658E-03  -0.6125140602874681E-03
 0.1519507849085613E-15  -0.2980069307967810E-15
 0.2124689952753518E-15   0.1017909607128233E-15
 0.1227328509102110E+00   0.5511150654582506E-01
-0.4058690822916997E-04  -0.1822499552482014E-04
-0.9721369336687034E-15   0.1996557163441309E-15
-0.1770973981125440E-03   0.1899496446042112E-05
 0.1540666412745998E+00  -0.1652475082553682E-02
 0.1841731155584214E-15  -0.3147465963539252E-15
 0.3178286046533982E-17  -0.7012469385202204E-16
 0.7980869343302644E-16  -0.7576096105350136E-17
-0.1483912677928798E-15   0.8675128151414809E-16
-0.2177923539460269E-17   0.3583572068450820E-16
-0.9799236205151299E+00   0.8799508932992555E+00
-0.8849318938104521E-01  -0.4817018541982519E+00
 0.4937720079052478E-15   0.5066431830031441E-15
-0.2755662525514931E-15  -0.5786121804313842E-16
 0.5182206376265509E-01   0.4453548115223749E-01
-0.8337786773772901E+00  -0.3625491754856009E+00
 0.1862751473400436E-15  -0.1230058216006517E-16
-0.2486680354188958E-15  -0.8998034224569471E-15
 0.1058093178329065E+00   0.1255350828121839E+00
-0.4705384970976119E+00  -0.6255942035872084E-01
-0.7149763524224550E-15   0.1120774159216282E-14
 0.3630348813212050E-15   0.1467111895438017E-15
-0.2155802787409941E-01  -0.1785904578249261E+00
-0.5112686314276243E-01  -0.2042588311082413E+00
 0.4925046928064167E-15  -0.1853474499667639E-15
-0.4409747909230270E-15  -0.5717087385936847E-15
 0.2293033396745525E+00  -0.6126272095723279E-01
 0.1586219058848574E-14  -0.8144193747675790E-16
 0.1187697195290626E-14  -0.6121163709697474E-15
-0.6331878582459144E-01  -0.1970240985511446E+00
-0.5354612649824231E-15   0.6344924041390317E-15
-0.7371597523082039E-15   0.4333102209011239E-15
-0.1070113401293644E+01   0.1021429646658808E+01
-0.1658988625390659E-14   0.9145174720794815E-15
-0.1004253361629697E-15  -0.1055113330490725E-15
-0.1366220026385150E+01   0.1044499538803906E+01
-0.2495125301093413E-14   0.8143959413909242E-15
-0.2882932349427663E-01  -0.8694849284050711E-01
 0.3189166573367248E-04   0.9618443770427416E-04
-0.1350997658017156E-14   0.5202277267059308E-15
-0.1556290064514032E-14   0.5850215247826942E-15
 0.1216857469941627E+00   0.5705167283494154E-01
-0.8221781335271225E-03  -0.3854735582822816E-03
 0.1233900123699080E-16  -0.1696401687675892E-17
-0.2242389867554719E-16  -0.1560857137725708E-16
 0.2043899069613027E+00   0.2821299129187518E-01
 0.6546975925549818E-03   0.9037127983565886E-04
 0.4250928198247246E-15   0.2851117619300365E-16
-0.3260987137974274E-15  -0.8439392156353651E-16
-0.2148942817342732E-01  -0.8065995440725869E-01
-0.4866295589039091E-05  -0.1826550140119102E-04
-0.2314166494065238E-14   0.2068254510202467E-14
-0.6990383703985384E-03   0.6013937637212841E-03
 0.4096014499881405E+00  -0.3523866043200333E+00
-0.2019774365136825E-15   0.1372492287875912E-15
-0.6758529062610480E-16   0.4012547237526640E-16
 0.1113294638537764E-15  -0.7051067969910021E-16
-0.2522091981877918E-15  -0.6653203201783839E-16
-0.6804508777293114E-04  -0.7253358599955505E-04
-0.1221319954072797E+00  -0.1301882601976650E+00
 0.5068047887312978E-16   0.3639724965264060E-16
-0.1462075917728062E+01   0.4029542470383719E+00
 0.4811607240257871E-15  -0.5917162692323325E-15
-0.3189166573414365E-04  -0.9618443770408299E-04
-0.2882932349427517E-01  -0.8694849284050692E-01
 0.5537035396774035E-15  -0.2222629703021476E-15
-0.4340601336596701E-15  -0.7855055963250265E-15
 0.8221781335276089E-03   0.3854735582823037E-03
 0.1216857469941630E+00   0.5705167283494122E-01
 0.8114629469434684E-16   0.4084798962833933E-15
 0.1007391799027721E-15  -0.7758928510507824E-16
 0.6546975925558494E-03   0.9037127983544825E-04
-0.2043899069613020E+00  -0.2821299129187494E-01
 0.1227365476886388E-14  -0.8092047728141988E-15
 0.6248943950347546E-15  -0.6845124578051713E-15
-0.4866295589879829E-05  -0.1826550140102240E-04
 0.2148942817342697E-01   0.8065995440725872E-01
-0.3194467499143279E-14   0.2608884762602886E-14
 0.4096014499881425E+00  -0.3523866043200339E+00
 0.6990383703985933E-03  -0.6013937637213148E-03
-0.3239999225997144E-15   0.6008848428957198E-16
 0.5491772001561376E-16  -0.5211379299449195E-16
-0.1572817138859352E-15  -0.3005686019653487E-15
 0.3218736846734825E-15   0.1644994113818423E-14
 0.1221319954072799E+00   0.1301882601976644E+00
-0.6804508777304110E-04  -0.7253358599951765E-04
 0.4323677921051787E-15   0.2691280506922061E-15
-0.2370118332324282E-16   0.8827617764189197E-17
-0.1462075917728060E+01   0.4029542470383711E+00
 0.3130603129066264E-01   0.1463475459977722E+00
 0.1414163492319269E-14  -0.6401539920987773E-15
-0.2535268939004669E-15   0.9237246916116488E-16
 0.1531511016094079E-01  -0.8976017004122433E-01
 0.1591124587550698E+00   0.3744667555799277E+00
-0.5539788959379950E-15   0.2786636742147537E-16
-0.8843218591513416E-15   0.5662809618884437E-15
 0.2411861838198469E+00  -0.1830129421387598E+00
-0.1464532629347788E+00  -0.3961743700070523E-01
 0.9771122046394464E-15  -0.4422521371489074E-15
-0.6623026860583627E-15   0.2183561939014135E-15
-0.2846448315255202E+00   0.2101671847401829E+00
-0.2610500821596649E+00   0.1834563321162541E+00
 0.2940642304253581E-15   0.2036282411634317E-15
-0.4682479436375168E-15   0.4952868478099001E-15
 0.1671792155527765E+00   0.7501867715907966E-01
 0.1714573208164950E-14   0.8034132081308851E-16
 0.5179047890230207E-15   0.7129539917633142E-15
 0.1865454509240075E+00  -0.3242497193793425E-01
-0.3872672794435410E-15  -0.4084143903162448E-15
-0.1754257415911286E-15  -0.3533659104174191E-15
-0.4877457895482693E+00  -0.7305126223113081E+00
-0.4743704888995699E-15  -0.5496917934020644E-15
 0.3838093298654645E-16  -0.6501543734189477E-17
-0.3357961215805533E-01  -0.1426031811697162E+00
 0.1852032329736827E-16  -0.3701124834639498E-17
 0.7570950545189446E-15  -0.7416472793828920E-16
-0.1649572389673663E+01   0.3558168582159577E+00
 0.8576922930616583E-01   0.1862268300915141E+00
 0.7323854837889625E-15  -0.3028863073405792E-15
-0.8600756751714025E-15   0.1559977150256682E-15
-0.2706797053144946E-01  -0.4702901184541553E-01
 0.1468393227590156E+00  -0.5005500469304851E-01
-0.2622237090468495E-15   0.2369051001344131E-16
 0.1870724012166909E-15   0.2350159696855308E-15
 0.2393302301447955E+00  -0.1817432467989990E+00
 0.1044737258538758E+00  -0.6565518811225671E-01
 0.3821216302170505E-15  -0.1524910022009183E-15
-0.3415797561478163E-15   0.2296310528604823E-15
-0.4145388155512631E-01   0.2501579500190892E-01
 0.4592794335209510E-01  -0.7668678140781213E-01
 0.5066999525168937E-15   0.9497552896222318E-16
-0.1727153407615930E-16  -0.1642491940215210E-15
-0.1360169604561952E+00   0.1544265541815443E+00
-0.5251038890209894E-15   0.9335274967296878E-15
-0.1032904241067359E-14   0.1114198406007950E-14
-0.1256268612945705E+00   0.2312829532612154E+00
-0.2968160617902841E-15  -0.2207623862484295E-15
-0.9256490527709119E-16  -0.1501216963089135E-15
-0.3742851350829215E+00  -0.3706659188149552E+00
-0.6042643434202395E-15  -0.6778426877132479E-15
-0.2225169454996916E-15  -0.1210973373868880E-17
-0.2519370865760258E+00  -0.1831867922277103E+00
 0.1884975282469096E-15  -0.5288947955195372E-16
 0.2906339204251983E-15  -0.2028872093639528E-16
-0.1796020028092090E+00  -0.2804799993903547E-01
-0.1558350350944560E+01   0.2691976839652038E+00
