-2.6756503845062198e+00
-2.7286295733191062e+00
-2.7716851765066659e+00
-2.8066557726137580e+00
-2.8350048396645473e+00
-2.8579083798989768e+00
-2.8763186690612965e+00
-2.8910120472652601e+00
-2.9026250556963431e+00
-2.9116824114728548e+00
-2.9186181156825795e+00
-2.9237927951189189e+00
-2.9275068549888150e+00
-2.9300111956822601e+00
-2.9315158107061117e+00
-2.9321967780312668e+00
-2.9322019988984351e+00
-2.9316558925145575e+00
-2.9306633018007942e+00
-2.9293126616240728e+00
-2.9276786237690953e+00
-2.9258242092220850e+00
-2.9238025976207185e+00
-2.9216585736745255e+00
-2.9194298215961791e+00
-2.9171479383526524e+00
-2.9148393197583720e+00
-2.9125259549946145e+00
-2.9102260199387855e+00
-2.9079544262427288e+00
-2.9057233398321332e+00
-2.9035425425585690e+00
-2.9014197860221134e+00
-2.8993610868296944e+00
-2.8973709722253944e+00
-2.8954527411054101e+00
-2.8936085693648339e+00
-2.8918397577635333e+00
-2.8901468321281514e+00
-2.8885296751963394e+00
-2.8869876338498828e+00
-2.8855196122292579e+00
-2.8841241525007071e+00
-2.8827995047900457e+00
-2.8815436875953488e+00
-2.8803545398315067e+00
-2.8792297655303516e+00
-2.8781669721101828e+00
-2.8771637030305306e+00
-2.8762174695037048e+00
-2.8753257542892223e+00
-2.8744860709786768e+00
-2.8736959411825067e+00
-2.8729529281156241e+00
-2.8722546440971892e+00
-2.8715987626188983e+00
-2.8709830147609998e+00
-2.8704052120192607e+00
