-7.0284101017804481e+00
-7.2994860914765063e+00
-7.4858686002333981e+00
-7.6156907059957044e+00
-7.7056802444554382e+00
-7.7673001247696476e+00
-7.8086939193060871e+00
-7.8355795276958826e+00
-7.8519300685929228e+00
-7.8605266324371765e+00
-7.8633564865430774e+00
-7.8618735921941907e+00
-7.8571627963905986e+00
-7.8500446308449341e+00
-7.8411452051913919e+00
-7.8309451849045200e+00
-7.8198155420166255e+00
-7.8080446410382169e+00
-7.7958591297051241e+00
-7.7834400302869877e+00
-7.7709352431868357e+00
-7.7584685766400465e+00
-7.7461458848036848e+00
-7.7340589515148324e+00
-7.7222872684062622e+00
-7.7108986923249123e+00
-7.6999495057359884e+00
-7.6894842321563051e+00
-7.6795357162766331e+00
-7.6701255659184149e+00
-7.6612649967641815e+00
-7.6529559426970408e+00
-7.6451924888851099e+00
-7.6379622075408324e+00
-7.6312475503527821e+00
-7.6250271576662705e+00
-7.6192769169493779e+00
-7.6139709818927699e+00
