-1.8753439575513782E+00  -7.2256843206074735E-04   1.0000000000000000E+00
 1.5064106126122851E+00   1.6519979959403078E-03   2.4113665118392036E-01
 1.0860611250184775E-08   1.2002601298017925E-11   8.3771376910557858E-18
-3.7246348263284364E-09  -4.1162790727757778E-12   0.0000000000000000E+00
 8.2234010297787996E-01   4.3527217020975246E-03   0.0000000000000000E+00
-2.6380963826677389E-01  -3.4808745234366852E-03   3.3260933649692742E-01
 6.4496745072383006E-13   9.8485343153273740E-15   9.5808583278288362E-01
 3.5090684485162435E-13   5.3582829631607316E-15   2.4137558333642309E-01
 2.8744003138418810E+00   1.2965776611550062E-01  -6.8208094952953810E-02
 5.0091957705227008E+00   3.7829944782407315E-01   0.0000000000000000E+00
 2.2720444469334243E-13   4.6585765623218321E-14   0.0000000000000000E+00
 5.4275338085707847E-14   1.1128559490085615E-14   8.2513593158627815E-02
 2.4265644044230772E+00   5.1271568368922238E-01   7.8336683540766627E-01
 2.2528402390823732E-01   5.1154859825223581E-02   2.4234880107815532E-01
-1.1884641074753982E-01  -5.1950068694478782E-02  -1.6255382757205422E-01
 1.7806463679348591E-01   1.1809041338831928E-01   0.0000000000000000E+00
-8.1206760412269086E-01  -5.5551604563967771E-01   0.0000000000000000E+00
 1.4364856400104439E-01   1.2077924546661542E-01   7.2188145460429145E-03
-7.0372671535288119E-03  -8.2927100402109908E-03   5.6957361574571330E-01
-2.4205965204719571E-01  -4.0408070973177579E-01   2.4303313804865012E-01
 1.6564830180704027E-16   3.2954124251454063E-16  -2.3868708506311134E-01
-1.1840737099146109E-17  -2.3555998904751744E-17   0.0000000000000000E+00
-7.1010102839139347E-02  -1.4796062833426479E-01   0.0000000000000000E+00
 9.4222800609156818E-02   2.2243581226205716E-01   2.6127998228815382E-04
 9.1146928349205746E+02   3.5118833982024089E-01   2.4113665118392036E-01
-1.3978051177853212E+02  -1.5328962992979012E-01   9.9999999999999978E-01
-1.0499539949731891E-06  -1.1603563457544713E-09  -4.3517931978716870E-18
 3.3141315104310479E-07   3.6626114550568205E-10   0.0000000000000000E+00
 9.6459420867598624E+01   5.1056857504789488E-01   0.0000000000000000E+00
 1.3692657468593202E+01   1.8066975434905513E-01   5.7239028123199631E-01
-2.9464941349375807E-11  -4.4992423362259198E-13   2.4137558333642312E-01
-3.9438703248948958E-11  -6.0222174291684174E-13   9.9874991309696670E-01
 1.1723447819476332E+01   5.2881849759238309E-01  -4.4417931996562146E-02
-1.9903690464690589E+00  -1.5031465044274012E-01   0.0000000000000000E+00
 2.3429294083964618E-14   4.8039183581385885E-15   0.0000000000000000E+00
 9.0039317688375094E-15   1.8461569078749887E-15   4.2062329041953578E-01
 1.1594600193723877E-01   2.4498559999447882E-02   2.4234880107815532E-01
-2.0548278059634148E-01  -4.6658625212520795E-02   9.9222750269103643E-01
-1.7191667488269857E-01  -7.5148109343028208E-02  -1.1042844384522697E-01
 1.3809345339113188E-01   9.1581985569051186E-02   0.0000000000000000E+00
 1.3293291433556664E-01   9.0936230594780579E-02   0.0000000000000000E+00
 1.3800325010829737E-01   1.1603268390416756E-01   1.8945378048548284E-01
-4.9439589736618869E-02  -5.8259573389534379E-02   2.4303313804865015E-01
 1.5459440321632839E-01   2.5807116404527608E-01   9.8028944587871436E-01
 3.2677425589232205E-17   6.5008571252339570E-17  -1.7480367340966607E-01
 3.1918452781665816E-17   6.3498668408110434E-17   0.0000000000000000E+00
-8.6565885112376631E-02  -1.8037352772962501E-01   0.0000000000000000E+00
 1.4460032267132489E-01   3.4136419230597459E-01   6.6195762125969559E-02
 2.7360500787590578E+01   1.0541977686215752E-02   8.3771376910557858E-18
-2.9830741487974694E+02  -3.2713740027421850E-01  -4.3517931978716870E-18
-2.1368722657453402E-06  -2.3615637499314013E-09   9.9999999999999956E-01
 7.4649839659595488E-07   8.2499248142337067E-10   0.0000000000000000E+00
-1.2606598100140392E+01  -6.6727881738218628E-02   0.0000000000000000E+00
 3.8156530928674670E+01   5.0346187988035940E-01  -5.0698303311170645E-01
-5.2360657836759246E-11  -7.9953761216896961E-13   6.8208094952953824E-02
-6.7352037643216405E-11  -1.0284532237905024E-12   4.4417931996562118E-02
-3.3757916463500504E+00  -1.5227440716220053E-01   9.9297388364924855E-01
 5.7115565859800344E-01   4.3134243532804317E-02   0.0000000000000000E+00
-7.3686176175329492E-14  -1.5108537764779298E-14   0.0000000000000000E+00
 2.9881887167362132E-14   6.1269514064175448E-15  -5.3038036791884080E-01
-4.8895225991664831E-01  -1.0331211146821294E-01   1.6255382757205422E-01
 2.6947041182024587E+00   6.1188187713322895E-01   1.1042844384522699E-01
 9.6304827773220483E-02   4.2096706050774174E-02   9.5679381777127903E-01
-3.7152441362085939E-02  -2.4639070608513558E-02   0.0000000000000000E+00
-9.1934590698710086E-02  -6.2890256948033185E-02   0.0000000000000000E+00
-4.2921174923113967E-02  -3.6087984295593997E-02  -2.8537345745679843E-01
 3.5223519172698482E-02   4.1507367096121871E-02   2.3868708506311134E-01
 2.7924202379560704E-02   4.6615086078148203E-02   1.7480367340966602E-01
 1.3114168663561665E-16   2.6089367586572432E-16   8.9261061551205423E-01
 2.9015456859355741E-17   5.7723439366721929E-17   0.0000000000000000E+00
-2.0303054838655990E-01  -4.2304582459734186E-01   0.0000000000000000E+00
-7.8476464550132560E-02  -1.8526276042326481E-01  -1.0808860503996143E-01
-8.1073617082078315E-08  -3.1237595717097046E-11   0.0000000000000000E+00
 2.2457878723380235E-06   2.4628325327420799E-09   0.0000000000000000E+00
-2.5366807764613799E+02  -2.8034120068236928E-01   0.0000000000000000E+00
 1.5757008725051597E+02   1.7413853515516661E-01   9.9999999999999956E-01
-2.6353675871791342E-10  -1.3949242713786955E-12   0.0000000000000000E+00
-4.3149552193323015E-12  -5.6934302292455967E-14   0.0000000000000000E+00
-3.2163370475358597E+01  -4.9112874993561723E-01   0.0000000000000000E+00
 9.4191429998933440E+00   1.4382858073128732E-01   0.0000000000000000E+00
 3.5163724494857837E-13   1.5861569261417005E-14   0.0000000000000000E+00
-6.6111259050766344E-14  -4.9927880521326547E-15   9.9765503868484740E-01
-1.8553270782562652E+00  -3.8041435562017173E-01   0.0000000000000000E+00
 2.3686102341378379E+00   4.8565740590696821E-01   0.0000000000000000E+00
 1.1921509204169093E-13   2.5189295330803887E-14   0.0000000000000000E+00
-3.7849965073602721E-14  -8.5945271401864348E-15   0.0000000000000000E+00
 2.8848491158806837E-16   1.2610234402582516E-16   0.0000000000000000E+00
 2.4573087369484994E-16   1.6296588126340017E-16   9.8548626823314645E-01
-4.3406427155017397E-17  -2.9693299727862178E-17   0.0000000000000000E+00
-4.8188767059152238E-17  -4.0516958633353155E-17   0.0000000000000000E+00
 8.1709096194865454E-17   9.6285934242520758E-17   0.0000000000000000E+00
 5.7351665270056861E-17   9.5739630337505876E-17   0.0000000000000000E+00
 2.2084021285299532E-01   4.3934020057462875E-01   0.0000000000000000E+00
-1.1851823319592553E-01  -2.3578053865900497E-01   9.6350049791594317E-01
 1.0679460858280215E-16   2.2252322918639487E-16   0.0000000000000000E+00
 2.8909774365344307E-17   6.8248546017461717E-17   0.0000000000000000E+00
 1.1105833036224650E-07   4.2790680245084820E-11   0.0000000000000000E+00
-5.0083684137411598E-07  -5.4924032751491378E-10   0.0000000000000000E+00
 1.5757008727024640E+02   1.7413853515532846E-01   0.0000000000000000E+00
 2.5366807761483264E+02   2.8034120068261509E-01   0.0000000000000000E+00
 3.1797957388124316E-11   1.6830950929482279E-13   9.9999999999999956E-01
-1.1681324514786987E-10  -1.5413093005495240E-12   0.0000000000000000E+00
-9.4191429998957492E+00  -1.4382858073123142E-01   0.0000000000000000E+00
-3.2163370475325785E+01  -4.9112874993543248E-01   0.0000000000000000E+00
-6.5964808311489008E-14  -2.9755248935640631E-15   0.0000000000000000E+00
 3.5682551680884913E-14   2.6947818005572084E-15   0.0000000000000000E+00
-2.3686102341378752E+00  -4.8565740590697443E-01   9.9765503868484740E-01
-1.8553270782562479E+00  -3.8041435562016929E-01   0.0000000000000000E+00
 2.4456683893738932E-13   5.1675221891878077E-14   0.0000000000000000E+00
-1.0599835237246235E-14  -2.4068865440394433E-15   0.0000000000000000E+00
 1.9240537653477858E-15   8.4104117787803826E-16   0.0000000000000000E+00
-2.5246616535102199E-16  -1.6743264900735545E-16   0.0000000000000000E+00
-3.6876251958758727E-18  -2.5226162898436531E-18   9.8548626823314645E-01
-1.2736878679698842E-16  -1.0709126173531831E-16   0.0000000000000000E+00
 1.1811280133022445E-17   1.3918403154233587E-17   0.0000000000000000E+00
-3.4784056444453706E-17  -5.8066538956622609E-17   0.0000000000000000E+00
-1.1851823319592560E-01  -2.3578053865900506E-01   0.0000000000000000E+00
-2.2084021285299535E-01  -4.3934020057462886E-01   0.0000000000000000E+00
-7.4670834796477287E-17  -1.5558833451852482E-16   9.6350049791594317E-01
-3.4290025254385824E-18  -8.0949935372697040E-18   0.0000000000000000E+00
 1.5191864738875316E+00   5.8534125647973856E-04   3.3260933649692742E-01
-8.0900895480286428E-01  -8.8719580228825278E-04   5.7239028123199631E-01
-5.9051737322642788E-09  -6.5261009966350402E-12  -5.0698303311170645E-01
 2.0120009589544427E-09   2.2235622625890871E-12   0.0000000000000000E+00
 1.5775597104589028E+00   8.3501684560966360E-03   0.0000000000000000E+00
 7.8239883430731383E-01   1.0323474863920080E-02   1.0000000000000000E+00
-3.2110269289543287E-13  -4.9031790459745370E-15   2.7668736087486939E-01
-1.9453354948267540E-12  -2.9704915114920412E-14   5.5500583477068766E-01
 7.3682023720716061E-01   3.3236312118712426E-02  -5.3180728171075498E-01
-3.7158401577560690E-01  -2.8062394529550509E-02   0.0000000000000000E+00
-4.6428851751118678E-14  -9.5197240034281001E-15   0.0000000000000000E+00
-4.4971033738257520E-15  -9.2208144976738772E-16   6.8703181439377903E-01
-4.8893909687876669E-01  -1.0330933021256004E-01   2.0653661359138761E-01
 2.4540417926486055E-01   5.5723509253063228E-02   5.2516268838656244E-01
 1.5967829667723736E+00   6.9798477120366553E-01  -5.5299700556311837E-01
-7.5771029144753543E-01  -5.0250472613154318E-01   0.0000000000000000E+00
-3.4044058700454222E-01  -2.3288727158661632E-01   0.0000000000000000E+00
-2.4435664269450497E-01  -2.0545427052917198E-01   1.7824014840080674E-01
-1.0908823261244055E-01  -1.2854948691274720E-01   1.5200645401630325E-01
 2.5441622144926113E-02   4.2470806869725514E-02   4.9159581590646995E-01
-5.8675302731170197E-17  -1.1672882822228150E-16  -5.5751343553271626E-01
 1.1321372632704993E-16   2.2522773633367574E-16   0.0000000000000000E+00
 4.4771372140432877E-02   9.3288139129893061E-02   0.0000000000000000E+00
 1.4733536609095049E-01   3.4782092677664678E-01   2.7926549566301858E-02
 1.2359898631863471E+00   4.7622584320565573E-04   9.5808583278288362E-01
-9.2248375712827713E-01  -1.0116374017179247E-03   2.4137558333642312E-01
-6.6320750636999582E-09  -7.3294357872134626E-12   6.8208094952953824E-02
 2.2623835927072594E-09   2.5002725559627763E-12   0.0000000000000000E+00
-1.2562502765578574E+00  -6.6494481081953126E-03   0.0000000000000000E+00
-3.7390537933850421E-01  -4.9335487424427872E-03   2.7668736087486939E-01
-3.7890704781880794E-13  -5.7858409111575398E-15   1.0000000000000000E+00
 9.2701016258408747E-13   1.4155274636923865E-14   2.4113665118392036E-01
-3.8016966342307841E+00  -1.7148602811845368E-01  -6.8775627323629664E-18
-9.3644744699746845E+00  -7.0721442791292455E-01   0.0000000000000000E+00
-1.2765911787774648E-13  -2.6175094211498757E-14   0.0000000000000000E+00
-2.7307608526491199E-14  -5.5991239619574110E-15   6.6516780863007108E-02
-1.3292473938537872E+00  -2.8086045649132330E-01   9.1038143840324326E-01
-3.7122368788799454E-01  -8.4293130903272007E-02   2.4164948046195434E-01
-2.7658336692518176E-01  -1.2089994827051063E-01  -1.0114262322425850E-01
 1.4042017747880658E-01   9.3125042148402906E-02   0.0000000000000000E+00
-4.2693175737240308E-01  -2.9205381474333919E-01   0.0000000000000000E+00
 6.6114417887895113E-02   5.5588787555902172E-02   5.4787828896486496E-03
 2.1297301059817825E-02   2.5096722701451777E-02   7.1220660569419680E-01
-2.6116307935507416E-01  -4.3597089217065588E-01   2.4268143186979632E-01
 9.3038160585027545E-17   1.8509040362014900E-16  -1.9032337767880336E-01
-3.0064312371311095E-17  -5.9810035757131180E-17   0.0000000000000000E+00
-8.9772710688423990E-02  -1.8705544914952799E-01   0.0000000000000000E+00
 9.1850638759769607E-02   2.1683574789998988E-01   1.7906612647500817E-04
-1.9204296408423706E+03  -7.3993990749211092E-01   2.4137558333642309E-01
 7.2933081781333769E+01   7.9981715431212283E-02   9.9874991309696670E-01
 6.2273365989172590E-07   6.8821391930483817E-10   4.4417931996562118E-02
-1.4196612202972967E-07  -1.5689381762296258E-10   0.0000000000000000E+00
-5.9193669242584967E+01  -3.1331752860642492E-01   0.0000000000000000E+00
 9.3795125380578881E+00   1.2375933817461554E-01   5.5500583477068766E-01
 3.4684203673718724E-11   5.2962140910687315E-13   2.4113665118392036E-01
-6.6653936109320341E-12  -1.0177933418004166E-13   9.9999999999999978E-01
 6.0381482201019008E+00   2.7236735465224593E-01  -1.7594183980761340E-17
-9.9401704707118477E-01  -7.5069156260088879E-02   0.0000000000000000E+00
-3.0664582852289736E-15  -6.2874345245253395E-16   0.0000000000000000E+00
-5.0700279951384968E-15  -1.0395533247752485E-15   3.9526977256373874E-01
 8.2605189116412181E-02   1.7453884981127599E-02   2.4164948046195436E-01
-1.5803631609397256E-01  -3.5885037282425314E-02   9.9719081146732058E-01
-1.2876759296488072E-01  -5.6286809656863883E-02  -6.6539509052780513E-02
 1.2799575222740597E-01   8.4885306620501366E-02   0.0000000000000000E+00
 9.8336144611000723E-02   6.7269407030182776E-02   0.0000000000000000E+00
 1.3868229995167719E-01   1.1660362680420966E-01   1.7278122163875165E-01
-5.1634897730353041E-02  -6.0846522590669368E-02   2.4268143186979635E-01
 1.5763004356986973E-01   2.6313869057510125E-01   9.8883769631414220E-01
-1.8898695711158387E-17  -3.7597123535948384E-17  -1.3212074494839887E-01
-6.7529201596440389E-17  -1.3434280193242562E-16   0.0000000000000000E+00
-9.5221520931625947E-02  -1.9840889542018980E-01   0.0000000000000000E+00
 1.4073969523679422E-01   3.3225024330754549E-01   5.9096553767472616E-02
-6.9655222797812044E+01  -2.6838098109518760E-02  -6.8208094952953810E-02
 6.2796514468089299E+02   6.8865497351630933E-01  -4.4417931996562146E-02
 4.4985572608457675E-06   4.9715792209500866E-09   9.9297388364924855E-01
-1.5704938488032235E-06  -1.7356308108530131E-09   0.0000000000000000E+00
 4.1964763026472966E+01   2.2212334542271744E-01   0.0000000000000000E+00
-2.4852874847966756E+01  -3.2792486074737753E-01  -5.3180728171075498E-01
 8.7167247637069138E-11   1.3310278349130278E-12  -6.8775627323629664E-18
 1.8981529527438130E-11   2.8984446377673243E-13  -1.7594183980761340E-17
 3.3379085175377470E+00   1.5056558399250644E-01   9.9999999999999956E-01
-5.2045899847618360E-01  -3.9305581326494123E-02   0.0000000000000000E+00
-5.3543032570276713E-14  -1.0978408320496845E-14   0.0000000000000000E+00
-1.0844280508630363E-14  -2.2235001203842797E-15  -5.1290946539961757E-01
-2.7855489522461635E-01  -5.8856654820181716E-02   1.0114262322425849E-01
 1.4103213374808035E+00   3.2023926542051800E-01   6.6539509052780527E-02
 7.7482449516603449E-02   3.3869079845874582E-02   9.8425257471932048E-01
-8.4051963680156563E-02  -5.5742292887729618E-02   0.0000000000000000E+00
-1.0660417802066177E-01  -7.2925371141586620E-02   0.0000000000000000E+00
-1.1300261898079406E-01  -9.5012234554273087E-02  -2.6240393891872416E-01
 5.7565810489173086E-02   6.7835505488386932E-02   1.9032337767880339E-01
 4.2206917309507527E-02   7.0457843584319724E-02   1.3212074494839887E-01
 1.6048764243729197E-16   3.1927461084763584E-16   9.3830407916976100E-01
-3.4656299010317658E-17  -6.8945348139573469E-17   0.0000000000000000E+00
-1.9591941361397569E-01  -4.0822866581213779E-01   0.0000000000000000E+00
-8.7952917005564235E-02  -2.0763422874790574E-01  -9.7446605810768208E-02
 1.7671220092498789E-07   6.8087060741162233E-11   0.0000000000000000E+00
-4.9291816228204986E-06  -5.4055634594902278E-09   0.0000000000000000E+00
 5.5689629989639513E+02   6.1545378045679811E-01   0.0000000000000000E+00
-3.4592527123780252E+02  -3.8229921083138424E-01   9.9765503868484740E-01
 6.2972048560787421E-10   3.3331683740523058E-12   0.0000000000000000E+00
 2.1440237636449562E-11   2.8289632424148319E-13   0.0000000000000000E+00
 2.3402574186039708E+01   3.5735300235623335E-01   0.0000000000000000E+00
-6.8535165800642819E+00  -1.0465193730896256E-01   0.0000000000000000E+00
-5.7546885896237391E-13  -2.5958112501862869E-14   0.0000000000000000E+00
 2.4050640626069776E-13   1.8163283060721783E-14   9.9999999999999956E-01
-8.7499676363639023E-01  -1.7940843633959885E-01   0.0000000000000000E+00
 1.1170678817098674E+00   2.2904244937989046E-01   0.0000000000000000E+00
 4.0550831513933587E-14   8.5681003421691810E-15   0.0000000000000000E+00
-1.7519880719032226E-14  -3.9782094921288426E-15   0.0000000000000000E+00
-1.0355540715329883E-16  -4.5266074772139942E-17   0.0000000000000000E+00
 2.8931183847457782E-16   1.9186827445822975E-16   9.9473614085794515E-01
-8.4595506400919499E-17  -5.7869764729125623E-17   0.0000000000000000E+00
-4.7496747953021693E-17  -3.9935111219366331E-17   0.0000000000000000E+00
 7.4980874915743729E-17   8.8357403615947098E-17   0.0000000000000000E+00
 8.1132527196582008E-17   1.3543805791117705E-16   0.0000000000000000E+00
 2.2223515813812811E-01   4.4211530902722213E-01   0.0000000000000000E+00
-1.1926685795254517E-01  -2.3726985505876477E-01   9.7920576413317317E-01
 1.0815782014465651E-16   2.2536369316518142E-16   0.0000000000000000E+00
 2.7794634091989792E-17   6.5615986478941291E-17   0.0000000000000000E+00
-2.4473417836899430E-07  -9.4295870804763947E-11   0.0000000000000000E+00
 1.0993488941067733E-06   1.2055957085659556E-09   0.0000000000000000E+00
-3.4592527128089762E+02  -3.8229921083149582E-01   0.0000000000000000E+00
-5.5689629982734425E+02  -6.1545378045697963E-01   0.0000000000000000E+00
-9.2195659509219672E-11  -4.8800009452508610E-13   9.9765503868484740E-01
 1.0910784845159238E-10   1.4396393265892754E-12   0.0000000000000000E+00
 6.8535165800613722E+00   1.0465193730885072E-01   0.0000000000000000E+00
 2.3402574185998585E+01   3.5735300235583556E-01   0.0000000000000000E+00
-5.3997379725340841E-13  -2.4357009695425634E-14   0.0000000000000000E+00
 5.3366505385935275E-14   4.0302915766642322E-15   0.0000000000000000E+00
-1.1170678817098381E+00  -2.2904244937988377E-01   9.9999999999999956E-01
-8.7499676363641676E-01  -1.7940843633960482E-01   0.0000000000000000E+00
 1.2782023034176842E-13   2.7007499438109872E-14   0.0000000000000000E+00
 3.8856444059820259E-15   8.8230666103352931E-16   0.0000000000000000E+00
 2.9478283543550640E-17   1.2885528855691420E-17   0.0000000000000000E+00
 3.9289495218801084E-18   2.6056340078280761E-18   0.0000000000000000E+00
-1.4407815845804270E-17  -9.8560425811009583E-18   9.9473614085794515E-01
-5.7722299727030852E-17  -4.8532721897435192E-17   0.0000000000000000E+00
 6.0979936929745284E-18   7.1858709381973055E-18   0.0000000000000000E+00
-2.2560777219733287E-17  -3.7661687083945887E-17   0.0000000000000000E+00
-1.1926685795254521E-01  -2.3726985505876480E-01   0.0000000000000000E+00
-2.2223515813812808E-01  -4.4211530902722218E-01   0.0000000000000000E+00
-7.5300085602204935E-17  -1.5689947674861308E-16   9.7920576413317317E-01
-3.5876367457882711E-18  -8.4694881545801131E-18   0.0000000000000000E+00
-6.9863380610722192E-01  -2.6918301137816603E-04   8.2513593158627815E-02
-9.0193433466525877E-02  -9.8910197582380673E-05   4.2062329041953578E-01
-5.9402534631051859E-10  -6.5648693507567318E-13  -5.3038036791884080E-01
 2.3979055624484214E-10   2.6500446205967731E-13   0.0000000000000000E+00
-7.3327911411919966E-01  -3.8813137072646721E-03   0.0000000000000000E+00
 3.2299807418888404E-01   4.2618449232937044E-03   6.8703181439377903E-01
-1.8990173558506027E-13  -2.8997645654067580E-15   6.6516780863007108E-02
-5.2789281813340460E-13  -8.0608262143622718E-15   3.9526977256373874E-01
-4.9065354719590737E-01  -2.2132283579192245E-02  -5.1290946539961757E-01
 2.4537587619581919E-01   1.8531030274454685E-02   0.0000000000000000E+00
-1.1202734568800836E-15  -2.2969971721533576E-16   0.0000000000000000E+00
 7.1364729342203530E-15   1.4632550694100623E-15   1.0000000000000000E+00
 1.0111913347842785E-01   2.1365748859148975E-02   4.7945817603785815E-02
 6.4534326174521150E-01   1.4653699592641994E-01   3.5753368526226392E-01
-1.3309421858740051E+00  -5.8178061541472004E-01  -4.8144308862522694E-01
-4.2228392100876766E-01  -2.8005382594299622E-01   0.0000000000000000E+00
-1.7581155563847345E-01  -1.2026848463134740E-01   0.0000000000000000E+00
-7.6535067904035570E-01  -6.4350436201495087E-01   4.6874605087718557E-01
 1.0709060774449108E-01   1.2619548735047212E-01   3.4314385117547266E-02
 6.9288001318457845E-02   1.1566547548039832E-01   3.2088879548589549E-01
-3.7913248189281209E-17  -7.5424732881426240E-17  -4.4563131480960427E-01
-5.3045914664433275E-18  -1.0552970623991438E-17   0.0000000000000000E+00
 7.5040954328904078E-02   1.5635953631076430E-01   0.0000000000000000E+00
 1.1829661228451505E-01   2.7926789345294145E-01   1.0167997889287622E-01
-8.2586628789070238E-01  -3.1820557841142900E-04   7.8336683540766627E-01
-8.5846696558685098E-01  -9.4143369334815145E-04   2.4234880107815532E-01
-6.1020806901682105E-09  -6.7437126626898659E-12   1.6255382757205422E-01
 2.1677988378250945E-09   2.3957422421792712E-12   0.0000000000000000E+00
-4.9729271954699261E-01  -2.6322160439809137E-03   0.0000000000000000E+00
 4.8341770470329393E-01   6.3785249983107544E-03   2.0653661359138761E-01
-3.4553198766609531E-13  -5.2762098827680922E-15   9.1038143840324326E-01
-9.9145432554650148E-13  -1.5139325149311750E-14   2.4164948046195436E-01
 3.1172097268631700E+00   1.4061035540257794E-01   1.0114262322425849E-01
 6.6995450404197419E+00   5.0595630627525512E-01   0.0000000000000000E+00
-2.4681198829620756E-13  -5.0606076194003885E-14   0.0000000000000000E+00
-8.0917534121121425E-14  -1.6591247959357382E-14   4.7945817603785815E-02
-2.8280972941985025E+00  -5.9755670819681750E-01   1.0000000000000000E+00
-6.9156906546286367E-01  -1.5703341048996650E-01   2.4113665118392036E-01
-1.0611156410298465E-01  -4.6383420498399469E-02  -1.3649256270682297E-17
-3.1784161998716684E-02  -2.1078889650519714E-02   0.0000000000000000E+00
 3.5385818649919337E-01   2.4206593082065642E-01   0.0000000000000000E+00
-8.8422032635312356E-02  -7.4344957491115776E-02   3.5593898917751022E-03
 5.7955024748294434E-02   6.8294155263078291E-02   9.1038143840324315E-01
-2.5446806652670156E-01  -4.2479461594092444E-01   2.4164948046195439E-01
 1.5351629821728157E-16   3.0540579715502756E-16  -1.0114262322425857E-01
 1.4680915665848355E-17   2.9206258905150050E-17   0.0000000000000000E+00
-1.1028496829933805E-01  -2.2979593822529248E-01   0.0000000000000000E+00
 8.2373005012597963E-02   1.9446149084920200E-01   9.9702678922209781E-05
 1.4254925089889755E+03   5.4924105148123792E-01   2.4234880107815532E-01
 2.0982310324091941E+02   2.3010150297260878E-01   9.9222750269103643E-01
 1.4309147536434987E-06   1.5813750150703771E-09   1.1042844384522699E-01
-5.5682034150324959E-07  -6.1536983513765237E-10   0.0000000000000000E+00
-1.1420484578303974E+02  -6.0449673915259550E-01   0.0000000000000000E+00
-1.7231915911182687E+00  -2.2736901304789690E-02   5.2516268838656244E-01
-1.4799278223080026E-11  -2.2598225578439347E-13   2.4164948046195434E-01
-6.2879647464279923E-12  -9.6016064856149635E-14   9.9719081146732058E-01
-3.6370870924141245E+00  -1.6406086003366541E-01   6.6539509052780527E-02
 6.6612108177407992E-01   5.0306126764299665E-02   0.0000000000000000E+00
-1.1305098102833886E-15  -2.3179856858739595E-16   0.0000000000000000E+00
 2.0207530232968945E-15   4.1433312122382826E-16   3.5753368526226392E-01
 2.2301926980463703E-02   4.7122374821508845E-03   2.4113665118392036E-01
-1.6501462146370913E-01  -3.7469589204100331E-02   9.9999999999999978E-01
-8.2348227053266859E-02  -3.5996005477803676E-02   3.1047353140747663E-17
 1.1595663959159239E-01   7.6901105975200779E-02   0.0000000000000000E+00
 4.2688220712931157E-02   2.9201991860592042E-02   0.0000000000000000E+00
 1.3663759002094519E-01   1.1488444134385162E-01   1.4987831068604562E-01
-5.2447260780405715E-02  -6.1803810565460846E-02   2.4164948046195439E-01
 1.6106448216984998E-01   2.6887194837033113E-01   9.9719081146732058E-01
-7.0385053792188564E-17  -1.4002424309878914E-16  -6.6539509052780527E-02
-1.3200136024680931E-17  -2.6260391319927337E-17   0.0000000000000000E+00
-1.0785497202792380E-01  -2.2473266186329571E-01   0.0000000000000000E+00
 1.3442343655233846E-01   3.1733918014819323E-01   4.9651111653588986E-02
 7.1615478958158292E+01   2.7593383141107427E-02  -1.6255382757205422E-01
-4.8519575141627729E+02  -5.3208760099510799E-01  -1.1042844384522697E-01
-3.4764567024648465E-06  -3.8420050923743151E-09   9.5679381777127903E-01
 1.2123567277161497E-06   1.3398356777854115E-09   0.0000000000000000E+00
-4.1914847280322661E+01  -2.2185913679327321E-01   0.0000000000000000E+00
-4.1593442263064020E+01  -5.4881070482013961E-01  -5.5299700556311837E-01
-4.1114979058471536E-11  -6.2781816613674015E-13  -1.0114262322425850E-01
 1.1910548345902894E-10   1.8187188201113338E-12  -6.6539509052780513E-02
 5.7055809877457033E+00   2.5736599098592844E-01   9.8425257471932048E-01
-8.7306375345830600E-01  -6.5934643200025261E-02   0.0000000000000000E+00
 1.4034940264078155E-14   2.8777097145290722E-15   0.0000000000000000E+00
-4.8136271481966220E-15  -9.8698115886823655E-16  -4.8144308862522694E-01
 1.0631893285453391E-01   2.2464429235118991E-02  -1.3649256270682297E-17
-6.9846545691097894E-01  -1.5859936235689473E-01   3.1047353140747663E-17
 7.2819407891419607E-02   3.1830774008703738E-02   9.9999999999999956E-01
-1.5029492931039132E-01  -9.9673863671293661E-02   0.0000000000000000E+00
-1.6415421767149999E-01  -1.1229397825130964E-01   0.0000000000000000E+00
-2.0056334786883370E-01  -1.6863301065564376E-01  -2.3019997939246417E-01
 8.2481384858442044E-02   9.7195998592027683E-02   1.0114262322425856E-01
 6.3144780226756986E-02   1.0541032920641416E-01   6.6539509052780596E-02
 1.3037861729328313E-16   2.5937562336259473E-16   9.8425257471932048E-01
 4.9254543371186345E-18   9.7987140495618575E-18   0.0000000000000000E+00
-1.8018350054835544E-01  -3.7544043580665709E-01   0.0000000000000000E+00
-1.0020039163173595E-01  -2.3654736812626009E-01  -8.3175716908989672E-02
-1.3918415361528739E-07  -5.3627536026411908E-11   0.0000000000000000E+00
 3.9237627058544328E-06   4.3029756112619542E-09   0.0000000000000000E+00
-4.4346280917583715E+02  -4.9009279187173016E-01   0.0000000000000000E+00
 2.7546419787027088E+02   3.0442917651341755E-01   9.8548626823314645E-01
-5.6224013027359275E-10  -2.9759886547790499E-12   0.0000000000000000E+00
-3.1799395939962381E-11  -4.1958174051304967E-13   0.0000000000000000E+00
 3.8292916093864427E+01   5.8472578385333029E-01   0.0000000000000000E+00
-1.1214199483475983E+01  -1.7123876299193566E-01   0.0000000000000000E+00
 2.0766585623272096E-13   9.3673420810371037E-15   0.0000000000000000E+00
-2.0601620490453519E-13  -1.5558548742858240E-14   9.9473614085794515E-01
 6.2884452220297749E-01   1.2893763396368552E-01   0.0000000000000000E+00
-8.0281670462730370E-01  -1.6460871128930016E-01   0.0000000000000000E+00
-4.1998928924085935E-14  -8.8740729561008417E-15   0.0000000000000000E+00
 4.6611592793014198E-15   1.0584015032190035E-15   0.0000000000000000E+00
 2.1321699423304112E-16   9.3201279092612936E-17   0.0000000000000000E+00
-8.6437685838823931E-17  -5.7324476307301274E-17   9.9999999999999956E-01
-2.8018881514422363E-16  -1.9167047402357591E-16   0.0000000000000000E+00
-2.0692066373198525E-16  -1.7397822115937568E-16   0.0000000000000000E+00
 8.3959391914893089E-17   9.8937680936769734E-17   0.0000000000000000E+00
 8.0872362954768317E-17   1.3500375442197594E-16   0.0000000000000000E+00
 2.2242093796895568E-01   4.4248489999566065E-01   0.0000000000000000E+00
-1.1936656034382928E-01  -2.3746820330349178E-01   9.9473614085794504E-01
 1.1199652371040533E-16   2.3336223096287800E-16   0.0000000000000000E+00
 2.6268442160795684E-17   6.2013039637113202E-17   0.0000000000000000E+00
 1.9600751357120310E-07   7.5521528295104624E-11   0.0000000000000000E+00
-8.7521852873373825E-07  -9.5980421498138409E-10   0.0000000000000000E+00
 2.7546419790433748E+02   3.0442917651322954E-01   0.0000000000000000E+00
 4.4346280912045358E+02   4.9009279187143545E-01   0.0000000000000000E+00
 1.0114233303954100E-10   5.3535565932849519E-13   9.8548626823314645E-01
 9.1420177214713894E-11   1.2062567838138147E-12   0.0000000000000000E+00
 1.1214199483489066E+01   1.7123876299202515E-01   0.0000000000000000E+00
 3.8292916093860541E+01   5.8472578385364748E-01   0.0000000000000000E+00
 1.2223232805678580E-12   5.5136267995174199E-14   0.0000000000000000E+00
-1.8335424200812386E-13  -1.3847094760410381E-14   0.0000000000000000E+00
 8.0281670462731725E-01   1.6460871128930246E-01   9.9473614085794515E-01
 6.2884452220299825E-01   1.2893763396369015E-01   0.0000000000000000E+00
-9.3600300856409231E-14  -1.9777073363326041E-14   0.0000000000000000E+00
-2.0134086008970006E-14  -4.5718126373549580E-15   0.0000000000000000E+00
 4.7696153287706090E-16   2.0848912677912014E-16   0.0000000000000000E+00
-1.2292689188400736E-16  -8.1523696903161364E-17   0.0000000000000000E+00
-4.9787355970739681E-18  -3.4058340674234874E-18   9.9999999999999956E-01
-1.1615860121423687E-16  -9.7665774152890285E-17   0.0000000000000000E+00
 2.0729359174348688E-17   2.4427460433424252E-17   0.0000000000000000E+00
-4.0908678410189678E-17  -6.8290636900343037E-17   0.0000000000000000E+00
-1.1936656034382928E-01  -2.3746820330349172E-01   0.0000000000000000E+00
-2.2242093796895573E-01  -4.4248489999566082E-01   0.0000000000000000E+00
-7.2354853857413590E-17  -1.5076262689026929E-16   9.9473614085794504E-01
-6.6426012554309963E-18  -1.5681474083048661E-17   0.0000000000000000E+00
-2.9473956884160857E-01  -1.1356290522951024E-04   7.2188145460429145E-03
-1.5422571920189235E-01  -1.6913089758585851E-04   1.8945378048548284E-01
-1.0888699800523209E-09  -1.2033643351083382E-12  -2.8537345745679843E-01
 3.9510391208968550E-10   4.3664897117170480E-13   0.0000000000000000E+00
-1.4365462642689461E-02  -7.6037713324541136E-05   0.0000000000000000E+00
 2.7394222608527696E-01   3.6145704225919910E-03   1.7824014840080674E-01
-1.4537548157538829E-13  -2.2198568583509986E-15   5.4787828896486496E-03
-5.7579878077558701E-13  -8.7923414504585058E-15   1.7278122163875165E-01
-6.7192214325800331E-02  -3.0308904323047784E-03  -2.6240393891872416E-01
-1.5127098580964702E-02  -1.1424135335325748E-03   0.0000000000000000E+00
-9.8387438445663414E-15  -2.0173259171425004E-15   0.0000000000000000E+00
-1.5552781206747136E-15  -3.1889262600677866E-16   4.6874605087718557E-01
-1.0328221585507773E-01  -2.1822792676984018E-02   3.5593898917751022E-03
 1.5821545582265040E-01   3.5925714235680445E-02   1.4987831068604562E-01
 7.6376468886064086E-01   3.3385634284751720E-01  -2.3019997939246417E-01
 8.6918797760482491E-01   5.7643544184774331E-01   0.0000000000000000E+00
-6.0788310012039062E-02  -4.1583830493384405E-02   0.0000000000000000E+00
-3.6509784074633472E-01  -3.0697307720049483E-01   1.0000000000000000E+00
 5.4928852037741838E-01   6.4728115737688363E-01   2.2626657242172700E-03
 5.4572406821984949E-02   9.1100093278244268E-02   1.2940331579866074E-01
-1.0491890037861938E-16  -2.0872598400860907E-16  -2.0088324590450618E-01
 3.6791111231272959E-17   7.3192350156221584E-17   0.0000000000000000E+00
 5.1112690155103536E-02   1.0650126459238585E-01   0.0000000000000000E+00
 5.9748437278054595E-02   1.4105070207434561E-01   4.6874599386750559E-01
 7.5212910544341394E-01   2.8979470472024652E-04   5.6957361574571330E-01
 1.4452189940177174E+00   1.5848924999751200E-03   2.4303313804865015E-01
 1.0314799431453092E-08   1.1399397528628705E-11   2.3868708506311134E-01
-3.6342178827933670E-09  -4.0163548144654311E-12   0.0000000000000000E+00
-1.2890816174089895E-01  -6.8232274110825123E-04   0.0000000000000000E+00
-1.9745928516638428E-01  -2.6054051689219648E-03   1.5200645401630325E-01
 2.7957131487585961E-13   4.2690025443083450E-15   7.1220660569419680E-01
 4.9801850912057086E-13   7.6046510118313793E-15   2.4268143186979635E-01
-2.2677774942249740E+00  -1.0229436816168967E-01   1.9032337767880339E-01
-2.2071638379894383E+00  -1.6668720876955045E-01   0.0000000000000000E+00
 2.2358845722569207E-13   4.5844347272482197E-14   0.0000000000000000E+00
 6.2817447296018000E-14   1.2880024775619726E-14   3.4314385117547266E-02
 2.4378144218630124E+00   5.1509273182061266E-01   9.1038143840324315E-01
 6.0129074239769979E-02   1.3653406534538679E-02   2.4164948046195439E-01
 2.7653086720040604E-01   1.2087699962366985E-01   1.0114262322425856E-01
-2.1911513912798342E-01  -1.4531463307491074E-01   0.0000000000000000E+00
 9.3541349727468959E-01   6.3989402410086516E-01   0.0000000000000000E+00
-2.1738594515637144E-01  -1.8277739574788016E-01   2.2626657242172700E-03
 7.8742893877613754E-02   9.2790563781100122E-02   1.0000000000000000E+00
-2.0932249017315907E-01  -3.4943114094661726E-01   2.4113665118392036E-01
 5.6969193135845505E-18   1.1333468853128600E-17  -6.2899102550460651E-19
 6.5568934007446611E-17   1.3044303954493982E-16   0.0000000000000000E+00
-1.1921882517329546E-01  -2.4841102289167530E-01   0.0000000000000000E+00
 6.7263267226029488E-02   1.5879128389405625E-01   5.4277225393829003E-05
-4.1665088377339970E+02  -1.6053523119991289E-01   2.4303313804865012E-01
-1.4270116037222385E+02  -1.5649254524599179E-01   9.8028944587871436E-01
-1.0017243396415832E-06  -1.1070553564868329E-09   1.7480367340966602E-01
 3.6668253847242473E-07   4.0523909855458290E-10   0.0000000000000000E+00
 7.7030185747110608E+01   4.0772784885947694E-01   0.0000000000000000E+00
-2.2040863080921945E+01  -2.9082136375682327E-01   4.9159581590646995E-01
 9.9102194603684540E-12   1.5132722793736126E-13   2.4268143186979632E-01
 5.3886716591152165E-11   8.2284024859398461E-13   9.8883769631414220E-01
-1.4272073060525415E+01  -6.4378127916066441E-01   1.3212074494839887E-01
 2.3840617279620622E+00   1.8004671340134970E-01   0.0000000000000000E+00
 6.4995502662524062E-15   1.3326611007484093E-15   0.0000000000000000E+00
-1.1664182572400275E-14  -2.3916119961371113E-15   3.2088879548589549E-01
-5.5156524219286525E-02  -1.1654178629450474E-02   2.4164948046195439E-01
-2.6528707478449459E-01  -6.0238284493586862E-02   9.9719081146732058E-01
-5.5353910738095133E-02  -2.4196266822568858E-02   6.6539509052780596E-02
 1.0538731332736202E-01   6.9891650699549751E-02   0.0000000000000000E+00
-1.2265432166659946E-02  -8.3904890931410687E-03   0.0000000000000000E+00
 1.2989881838813566E-01   1.0921850406948633E-01   1.2940331579866074E-01
-5.0482199646639893E-02  -5.9488184081757323E-02   2.4113665118392036E-01
 1.6312977018571476E-01   2.7231962352062200E-01   9.9999999999999978E-01
 4.3688913298789748E-17   8.6914858863837193E-17  -1.7407172791486748E-17
 2.2738695729257655E-17   4.5236431415448240E-17   0.0000000000000000E+00
-1.1991184108527872E-01  -2.4985502966934425E-01   0.0000000000000000E+00
 1.2756490784317345E-01   3.0114795685104262E-01   4.1512450528828466E-02
-2.8926104633214138E+01  -1.1145203516552264E-02  -2.3868708506311134E-01
 1.5334328053391604E+02   1.6816317543969739E-01  -1.7480367340966607E-01
 1.0989796644950830E-06   1.2145370498681252E-09   8.9261061551205423E-01
-3.8280225563088617E-07  -4.2305379918762383E-10   0.0000000000000000E+00
 1.5025432512216206E+01   7.9530994466269433E-02   0.0000000000000000E+00
 3.4274796488393790E+01   4.5224377197235033E-01  -5.5751343553271626E-01
 3.6037224135240242E-12   5.5028178263375444E-14  -1.9032337767880336E-01
-8.4406701005201491E-11  -1.2888747957139753E-12  -1.3212074494839887E-01
-2.6822199569272751E+00  -1.2098894025682165E-01   9.3830407916976100E-01
 3.9650876285600967E-01   2.9944736224630064E-02   0.0000000000000000E+00
 8.6046589308999845E-14   1.7642904159012910E-14   0.0000000000000000E+00
-1.1478028602114425E-14  -2.3534431775593192E-15  -4.4563131480960427E-01
 4.3723582367763569E-01   9.2384798796880954E-02  -1.0114262322425857E-01
-2.8836282515858089E+00  -6.5478055850960393E-01  -6.6539509052780527E-02
 7.0854357450670383E-02   3.0971812389729046E-02   9.8425257471932048E-01
-2.0163146958401040E-01  -1.3371966508366909E-01   0.0000000000000000E+00
-2.6049547652762395E-01  -1.7819873159942701E-01   0.0000000000000000E+00
-2.6312140805688655E-01  -2.2123162422280204E-01  -2.0088324590450618E-01
 9.7885792185815404E-02   1.1534853998633186E-01  -6.2899102550460651E-19
 8.0231273552585497E-02   1.3393355598764520E-01  -1.7407172791486748E-17
 5.7610898281807083E-17   1.1461129872783655E-16   9.9999999999999956E-01
 1.1100249904942110E-16   2.2082871396759867E-16   0.0000000000000000E+00
-1.5940008355010624E-01  -3.3213494384081471E-01   0.0000000000000000E+00
-1.0951745501847714E-01  -2.5854255983069180E-01  -7.0740828126720154E-02
 4.3528091924620613E-08   1.6771336802468950E-11   0.0000000000000000E+00
-1.2402445328763631E-06  -1.3601082371788953E-09   0.0000000000000000E+00
 1.4022190690889195E+02   1.5496619878062401E-01   0.0000000000000000E+00
-8.7101137482630492E+01  -9.6259796235686756E-02   9.6350049791594317E-01
 1.9657574949013877E-10   1.0404934987523394E-12   0.0000000000000000E+00
 1.4803425680840209E-11   1.9532594658242620E-13   0.0000000000000000E+00
-3.0024860463359861E+01  -4.5847409548258355E-01   0.0000000000000000E+00
 8.7928736969027899E+00   1.3426556369186834E-01   0.0000000000000000E+00
 1.5770559371101209E-14   7.1137464346983744E-16   0.0000000000000000E+00
 3.1027157997054294E-14   2.3432018382885288E-15   9.7920576413317317E-01
 2.1074764393792429E+00   4.3211480124822099E-01   0.0000000000000000E+00
-2.6905176564391171E+00  -5.5166097264151115E-01   0.0000000000000000E+00
-1.1811090392724895E-13  -2.4955988288556959E-14   0.0000000000000000E+00
 5.0398581575286573E-14   1.1443920128681674E-14   0.0000000000000000E+00
 5.0584926113044740E-16   2.2111651247593158E-16   0.0000000000000000E+00
-6.4675807534939895E-16  -4.2892249609799175E-16   9.9473614085794504E-01
 2.8875493482421064E-16   1.9753035183047789E-16   0.0000000000000000E+00
 2.3524000898590895E-16   1.9778903455429840E-16   0.0000000000000000E+00
-1.2885408641594250E-16  -1.5184155338026078E-16   0.0000000000000000E+00
-2.0846907850458182E-17  -3.4800650371436661E-17   0.0000000000000000E+00
 2.2031927563700882E-01   4.3830384647044823E-01   0.0000000000000000E+00
-1.1823866201798157E-01  -2.3522435889533783E-01   9.9999999999999956E-01
 1.4287291763875413E-16   2.9769801507917289E-16   0.0000000000000000E+00
 7.7086867261553068E-17   1.8198227842098932E-16   0.0000000000000000E+00
-6.2336149968960687E-08  -2.4018065572667904E-11   0.0000000000000000E+00
 2.7667988060164962E-07   3.0341966821271266E-10   0.0000000000000000E+00
-8.7101137493329617E+01  -9.6259796235546993E-02   0.0000000000000000E+00
-1.4022190689125219E+02  -1.5496619878038978E-01   0.0000000000000000E+00
-4.1011024878702351E-11  -2.1707512179980710E-13   9.6350049791594317E-01
-8.5264048711269547E-11  -1.1250288536614967E-12   0.0000000000000000E+00
-8.7928736969106325E+00  -1.3426556369190162E-01   0.0000000000000000E+00
-3.0024860463347352E+01  -4.5847409548268780E-01   0.0000000000000000E+00
-6.2347849693816817E-13  -2.8123719839845440E-14   0.0000000000000000E+00
 9.7183005261194475E-14   7.3393572366522975E-15   0.0000000000000000E+00
 2.6905176564391073E+00   5.5166097264150749E-01   9.7920576413317317E-01
 2.1074764393792269E+00   4.3211480124821899E-01   0.0000000000000000E+00
-2.7935868591318373E-13  -5.9026490037281519E-14   0.0000000000000000E+00
 2.6356624314512585E-14   5.9847538182474400E-15   0.0000000000000000E+00
-2.6430736150971414E-15  -1.1553386846535725E-15   0.0000000000000000E+00
 5.0775759370278207E-16   3.3673897985123879E-16   0.0000000000000000E+00
 8.4037290511172857E-17   5.7487902576133687E-17   9.9473614085794504E-01
 2.2047867575689861E-16   1.8537775357923632E-16   0.0000000000000000E+00
-6.7214562992053124E-18  -7.9205587795980062E-18   0.0000000000000000E+00
 3.0315442162812068E-17   5.0606886696644809E-17   0.0000000000000000E+00
-1.1823866201798160E-01  -2.3522435889533783E-01   0.0000000000000000E+00
-2.2031927563700904E-01  -4.3830384647044873E-01   0.0000000000000000E+00
-1.1703040421088627E-16  -2.4385110637681748E-16   9.9999999999999956E-01
-2.3475592722119494E-17  -5.5419840014503005E-17   0.0000000000000000E+00
-7.8533742347277780E-02  -3.0258984141676088E-05   2.6127998228815382E-04
-6.8908764934225456E-03  -7.5568467601709088E-06   6.6195762125969559E-02
-4.3720414209012351E-11  -4.8317602780050256E-14  -1.0808860503996143E-01
 1.8770115414375535E-11   2.0743787478876739E-14   0.0000000000000000E+00
-7.3766701515961541E-02  -3.9045392705275007E-04   0.0000000000000000E+00
 2.4358047809770512E-02   3.2139579364398705E-04   2.7926549566301858E-02
-9.4308997634659293E-15  -1.4400810434800954E-16   1.7906612647500817E-04
-3.5922948761312418E-14  -5.4853681869792465E-16   5.9096553767472616E-02
-5.4174923465402307E-02  -2.4437095703673359E-03  -9.7446605810768208E-02
 1.7342006106842393E-02   1.3096855533150000E-03   0.0000000000000000E+00
-1.7187696896655770E-15  -3.5241476913500930E-16   0.0000000000000000E+00
 1.0518988027624968E-15   2.1568024846951280E-16   1.0167997889287622E-01
-5.8502811142434480E-05  -1.2361225095843365E-05   9.9702678922209781E-05
 6.5579525668169034E-02   1.4891031262502127E-02   4.9651111653588986E-02
-2.6305544661777203E-01  -1.1498663221121248E-01  -8.3175716908989672E-02
-7.3046972995495441E-01  -4.8443909993244766E-01   0.0000000000000000E+00
-2.3583162628879200E-02  -1.6132678093255234E-02   0.0000000000000000E+00
 5.9817046371309301E-01   5.0293978063823574E-01   4.6874599386750559E-01
 5.9467571825046706E-01   7.0076539540387650E-01   5.4277225393829003E-05
 2.7675728364525046E-02   4.6200297593176176E-02   4.1512450528828466E-02
-1.8023177914940533E-17  -3.5855365731842958E-17  -7.0740828126720154E-02
 1.4270734655909638E-18   2.8390243538880059E-18   0.0000000000000000E+00
 2.3460666873124848E-02   4.8883959787411231E-02   0.0000000000000000E+00
 2.3440609051265805E-02   5.5337252560171989E-02   1.0000000000000000E+00
