 0.1898180034399515E+01   0.4450371928713578E+01
 0.2815876329852196E-15   0.1876635375959793E-15
 0.1898180034399509E+01   0.4450371928713563E+01
 0.2300744772650021E-15  -0.2714401782771131E-15
 0.4992110065052472E-14   0.7659266176440551E-15
 0.1448537644221596E+01   0.3949979983877805E+01
 0.3847616669716558E-14   0.1056446596869876E-14
 0.3987966640944807E-15   0.1671467055475856E-15
-0.6942959662054049E-16  -0.4485208862300971E-15
 0.1448537644221590E+01   0.3949979983877794E+01
-0.2929271435919631E-15   0.6318610605232232E-16
-0.2716017022492416E-15  -0.3610755801684524E-15
 0.2912308979308327E-15  -0.1871398149496270E-15
 0.8080871719184144E-14   0.7794588388161184E-14
 0.2112378792213092E+01   0.4389626231687794E+01
 0.2794867900803160E-15   0.5107983495235175E-15
 0.1084337209176423E-14   0.3085942310913375E-14
-0.5900479072406255E-15  -0.1000493470757110E-14
-0.2322457314855330E-14  -0.3479997438120160E-14
-0.1252470349655256E-14   0.2152249732600974E-14
 0.1692084205586469E+01   0.4277065750144043E+01
-0.5282389956932421E-15  -0.6588918523902272E-15
-0.7821143196617363E-15  -0.1334283225746418E-14
 0.6897705425181688E-15   0.1006311129176800E-14
 0.5966852766691890E-14   0.1293742061834618E-13
 0.6537647474433239E+00   0.1329457675222973E+01
-0.5863365348801609E-15  -0.2969846590872294E-14
 0.2473946463183161E-01   0.1479744661356614E+01
 0.2364252338168425E-15  -0.2329063678870326E-14
-0.4113839126338259E-15  -0.5959403878415018E-15
 0.1550746711586449E-15  -0.6135997320883758E-16
 0.5718278693369969E-14   0.6368987425981404E-14
 0.5620153034801274E+00   0.5812876114902021E+00
-0.1408595462493168E-14  -0.5447031714567173E-15
 0.1858954555266757E+00  -0.3203427454260128E-01
 0.1007183116166289E+00   0.2626535016282463E+01
 0.2700379042319645E-16  -0.2074101821833379E-15
-0.1172200020805259E-14  -0.1989751113557266E-14
-0.1387806471152221E-15   0.6489996025668053E-15
 0.1023512069810433E-14   0.3013492836592820E-14
 0.7754213937616324E-15   0.2584737979205446E-15
-0.2959828580526622E+00  -0.4286129492037267E+00
 0.7632783294297946E-16  -0.9887923813067800E-15
 0.2914335439641036E-15   0.2775557561562891E-15
 0.1941193343033702E-01   0.2163586547891978E+01
 0.1120280041591446E-02   0.1260661794075290E-03
-0.2262761334872341E+00  -0.2546306868034287E-01
-0.3139681792229354E-14  -0.1993073885019738E-15
-0.1092526812291120E-14  -0.2802073080943740E-14
 0.1585845204230207E-16  -0.1946512348481580E-15
 0.4958883065042805E-15  -0.9564133514381568E-16
-0.2196819109352360E-15  -0.1491834419546550E-15
-0.3023818150303948E-15  -0.1357304261591873E-14
 0.3586333958571954E-15   0.7317052097135332E-15
 0.4353313356954989E+00   0.2377119682348081E+01
 0.2262761334872345E+00   0.2546306868034089E-01
 0.1120280041592022E-02   0.1260661794096036E-03
-0.5057803134644878E-16   0.8941957417574198E-16
 0.2768618667658984E-14   0.5689893001203927E-15
-0.4037441286718331E-15  -0.9341427545863546E-15
 0.1534314936624466E-15  -0.2215731311247846E-15
 0.1774733927764786E-15   0.1052146390467102E-14
-0.1141864145279126E-15  -0.6802219636663656E-15
-0.1864469563466461E-16  -0.4459247850298123E-15
 0.9173366818764073E-16   0.1953410442298922E-15
 0.4353313356954990E+00   0.2377119682348082E+01
-0.5089603912410963E-15  -0.1608025325591643E-14
 0.1584191741071962E-14   0.4617802757634317E-15
-0.3450363532494875E-15  -0.7394907909097062E-15
-0.2169487915264248E-14  -0.4068643863160160E-14
 0.1205632815803881E-14  -0.2758210326803124E-15
 0.5044129624672531E+00   0.1002196675002889E+00
 0.1318389841742374E-15   0.1089406342913435E-14
-0.4059252933785729E-15  -0.9159339953157541E-15
 0.2354657804243182E+00  -0.4935509568071605E-01
-0.2130957791224835E-15  -0.8688146814215335E-15
 0.1295856231570149E-15   0.8433764310349153E-15
 0.4311381369334395E+00   0.3280735357899994E+01
 0.5252334192012066E-15  -0.1907303865814264E-14
-0.1630606524666008E-15   0.2632975987491258E-15
 0.1971088949148028E-14  -0.1812776558937344E-14
-0.1814546401719007E-14  -0.1411111361065857E-14
-0.2039393915267501E+00  -0.1678386245383964E+00
-0.4024558464266181E-15  -0.1977584762613562E-15
 0.5571418796677431E+00   0.8709869847370003E+00
 0.9769106658751769E-01   0.1088425957643407E+01
-0.1387778780781450E-16   0.1728651943810888E-14
 0.2932326886810073E-15  -0.3822940494705888E-15
 0.1504100333057731E-15  -0.2593004565450491E-15
-0.2220446049250315E-15   0.1283695372222837E-15
 0.9917186290474694E-01   0.2626210636091332E+01
 0.8522777752636990E-15   0.1150721363899279E-14
-0.1876475816128354E-14   0.1698686942309351E-14
 0.1251150925997804E+00  -0.5231250675502808E-01
-0.1200110450483827E-02   0.5017842751301270E-03
 0.3460195499292916E-14   0.3824833504071835E-14
-0.3625351106267292E-15  -0.7711597471816366E-16
-0.9194150793908498E-14  -0.1439692639835655E-13
-0.1587268207601920E-14  -0.1808548667229190E-13
-0.2302714298939368E-15  -0.2333736762205914E-15
-0.4578759151462676E-15  -0.2570374045771102E-14
 0.2677979366039196E-16   0.8899944583390385E-16
 0.8038052360742036E-16  -0.3907457712976983E-15
 0.8175652394898589E-14   0.5330477533844888E-14
 0.5940234119906556E+00   0.2957397922184820E+01
-0.1238592561847440E-14   0.1685934378214959E-14
 0.4445228907190568E-17  -0.1508853670261975E-15
 0.1200110450484291E-02  -0.5017842751276836E-03
 0.1251150925997801E+00  -0.5231250675502742E-01
-0.1206506597400969E-14   0.3380423215146735E-15
 0.4331629884010617E-15  -0.2895904314200575E-15
-0.2805091029257881E-15  -0.7464415217116373E-16
 0.6700642612392809E-16  -0.3513484637456633E-15
-0.2284157541597392E-16  -0.1691315192890681E-15
 0.1617409412782086E-15   0.4230658520992109E-15
 0.2914335439641036E-15   0.1354819034737886E-14
-0.1141206736297009E-15  -0.2808857554360069E-15
 0.2267166808111090E-15   0.1130320540771459E-15
-0.1137599129480416E-15  -0.2394731548477358E-15
 0.5940234119906521E+00   0.2957397922184804E+01
-0.9501720828682855E-16  -0.2286764728702934E-15
 0.1031914410689528E-15  -0.9264372181079810E-15
 0.1583949923678019E-15  -0.1874346637124804E-15
 0.1345500736303794E-14  -0.9050522400575124E-16
 0.2359223927328460E-15  -0.1739927646404738E-14
 0.9627939855605927E-01  -0.4261440267657076E+00
-0.3469446951953614E-15   0.3642919299551295E-15
 0.9298117831235686E-15   0.2303712776097200E-14
-0.3612150971125941E+00  -0.1605658565537135E+01
 0.3455380396318590E-15   0.6495807451933376E-15
-0.1224183048228505E-15   0.6584052020056576E-15
-0.6367280799090884E+00   0.3637616667461791E+00
-0.3053113317719180E-15   0.4735795089416683E-15
 0.6494891318481512E-15   0.1205798316548605E-15
-0.2424149430166466E-16   0.4399904031888719E-16
-0.1271144957381886E+01   0.2264586310320866E+01
 0.9518306175587632E-15  -0.8685513851986599E-15
-0.1115534005296668E-14  -0.6669535775672791E-15
 0.1187396244527205E-14   0.4464109439681663E-15
 0.5194902635128031E-14   0.1871965053683701E-14
 0.5263305109837301E+00   0.1619590647622722E+00
-0.8396061623727747E-15   0.1040834085586084E-14
 0.8424459281666213E-02  -0.4662604417085158E+00
 0.1760281698370240E+00   0.1172994821214572E+01
-0.9124645483638005E-15   0.1207367539279858E-14
 0.6124312347474019E-15   0.9297913087914965E-15
 0.4907560390777664E-15  -0.3972829368651869E-15
-0.2012279232133096E-15   0.1394717674685353E-14
-0.6852034668393674E+00  -0.5070854678403359E+00
 0.1143599988888633E-13   0.8254857661799072E-14
 0.4652139309023795E-15   0.9461584600261853E-15
-0.6696032617270475E-15   0.9072603779358701E-15
-0.1083796043298419E+01   0.2724994513625436E+01
-0.3154293329532494E+00  -0.4909546877643316E-01
 0.5747605200110412E-02   0.8945945800261124E-03
 0.2620516650897464E-15  -0.1593777193553692E-15
-0.3830269434956790E-14  -0.1110223024625157E-14
-0.2483422334785121E-16   0.7997131212432150E-15
 0.1367365730482079E-15   0.9049432844267880E-16
-0.1255358010323923E-15  -0.1080496205553215E-14
-0.8382659958331041E-17  -0.3808343884046448E-16
-0.2425473832572302E-15  -0.2525264427559553E-16
-0.1659355396268451E-01  -0.3387969018333875E-01
-0.7160244522867638E+00  -0.1461934354853895E+01
-0.6226888196153160E-16   0.6385119377237276E-15
-0.1444131704183156E-15  -0.2801765879156872E-15
-0.9394611824586896E-16  -0.3980106175194287E-15
 0.9159339953157541E-15   0.2033095913844818E-14
-0.4903446903937701E-15   0.2309090468644994E-15
 0.4572769546882190E-16  -0.2300980320619540E-15
-0.4952776131059182E+00   0.1996881283893695E+01
-0.5747605200110669E-02  -0.8945945800276258E-03
-0.3154293329532485E+00  -0.4909546877643272E-01
-0.4169367216928788E-14  -0.5418012365794242E-15
 0.8278967789099312E-15  -0.3023189337758581E-14
-0.3979867041410509E-15  -0.2986454635767451E-15
 0.1138947821069516E-14  -0.3950631239300333E-15
 0.1325709583817483E-15   0.5595462648147443E-15
-0.2552861149134663E-15  -0.1045989764447775E-14
 0.3802224806663172E-15   0.1347065309647698E-14
 0.7160244522867634E+00   0.1461934354853895E+01
-0.1659355396268461E-01  -0.3387969018333848E-01
 0.1808011226889845E-15   0.9639334664691063E-15
 0.3421619449287433E-15   0.1318170314358054E-14
 0.1335825167928656E-14   0.3100867341219483E-14
 0.3686287386450715E-17   0.6236330896136622E-15
-0.2124311870271119E-15  -0.1654042471037326E-15
 0.2853875757344293E-15  -0.3884438556199672E-15
 0.3556183125752455E-16  -0.2515349040166370E-16
-0.4952776131059176E+00   0.1996881283893694E+01
 0.3261280134836397E-14  -0.7702172233337023E-15
 0.4612196041753336E-15  -0.1418136441611040E-15
-0.3487365650640201E-01   0.4611630768042783E-02
-0.2746193306356778E+00   0.3631517545131402E-01
 0.2546770265454063E-14  -0.2692157555624496E-15
-0.1063986102687344E-14   0.1702956624434492E-15
 0.1240222293180647E-15  -0.2002190682565453E-15
 0.1829972665866614E-15   0.4620963729840872E-16
-0.5829146089014929E-16   0.1144311435968934E-15
 0.2468457296206372E-15   0.3055485009971493E-15
-0.1221245327087672E-14  -0.2303712776097200E-14
-0.6069348843203843E-16   0.3065932203667807E-16
-0.1401070687602854E-14  -0.2722013794824846E-14
-0.6373404484660013E-01  -0.1482290810904221E+00
-0.5435544549856826E+00  -0.1264168586491824E+01
 0.5784005349956205E-16  -0.2705713441869145E-16
-0.3977376710362376E-15  -0.1302579060579469E-15
 0.5551115123125783E-16   0.7285838599102590E-15
 0.1084202172485504E-15  -0.5421010862427522E-16
-0.9662919387845073E+00   0.1203082944289885E+01
 0.1384309333829492E-14  -0.1332267629550188E-14
 0.5032608986661746E-14  -0.1506027968349935E-14
-0.2746193306356767E+00   0.3631517545131323E-01
 0.3487365650640209E-01  -0.4611630768044234E-02
-0.4592487442470975E-15  -0.6157964210813359E-15
-0.1889704262993928E-14  -0.2998901580086667E-15
 0.3789544824018802E-15   0.1470897390906750E-15
-0.1064256068121062E-15   0.1413414765003459E-14
 0.1397009895804606E-15  -0.1610788798086851E-14
 0.1329764647191051E-14   0.2480689298997672E-14
 0.1734723475976807E-15   0.3660266534311063E-15
-0.2820651197251499E-14  -0.6632686668872536E-14
-0.8979921200734333E-14  -0.1827011109291659E-13
-0.5435544549856830E+00  -0.1264168586491826E+01
 0.6373404484659985E-01   0.1482290810904218E+00
 0.5268338289873564E-15   0.2064214394451879E-14
-0.2129471659152592E-14   0.4817948112443818E-15
-0.3122502256758253E-16  -0.6158268339717665E-16
 0.2789110088718960E-15  -0.7332188241976345E-15
 0.1942890293094024E-15  -0.1847480501915300E-15
-0.9662919387845065E+00   0.1203082944289883E+01
-0.6734431596155702E-16  -0.3306237024471804E-15
 0.9922814704578572E-15   0.3092006171113099E-15
-0.1668426413397508E-14   0.8051986449280182E-16
-0.2284207883025042E-14  -0.8617908325342696E-15
 0.1748601263784623E-14  -0.9298117831235692E-15
 0.3356663465942940E+00   0.6091019163426981E-01
 0.1110223024625174E-15   0.4163336342344327E-15
 0.5551115123125763E-16  -0.4163336342344336E-15
 0.1837228420181623E-01   0.3043753873884775E+00
-0.4297148853546794E-15  -0.1211439689116595E-14
-0.8345199477351028E-16   0.6096212885011668E-15
 0.4543060404219966E+00   0.1096233078913960E+01
 0.4996003610813118E-15   0.9853229343548314E-15
-0.2869737296029683E-14  -0.6809626782286542E-14
 0.6694060793392812E-15   0.9604594216089460E-15
-0.8913805445217254E-01  -0.4395214406710696E+00
-0.5759281940242998E-15  -0.1387778780781457E-16
-0.8236573906017455E-16   0.6846382250018014E-16
-0.4792257978039136E-15  -0.1413716784201339E-15
 0.2857114870483812E-17  -0.2466236557227956E-15
 0.3181676353196925E-15  -0.5155886693691215E-15
-0.9342088699928679E+00   0.1188587263316178E+01
-0.1407070384948783E-14   0.1138803303503469E-14
 0.1178954007303426E-14  -0.2713589104746128E-15
-0.1262395389638975E-14   0.5727065850517184E-15
 0.8727405787897962E-15   0.1360403186360721E-14
 0.3462715458354864E-01   0.1251570579033052E+00
-0.3400058012914536E-15  -0.5377642775528135E-16
-0.1544585064540706E+00  -0.5951395057768647E-01
 0.2916693866081968E-01  -0.6101284240041245E+00
 0.1162264728904461E-14  -0.1113692471577110E-14
-0.7983436775073712E-16   0.3609736935330536E-15
-0.1125729396058145E-15   0.3136006891797150E-15
 0.3642919299551294E-15   0.1247266179227324E-14
-0.4156069349309539E-01  -0.1115798871209971E+01
-0.5695479649007739E-15   0.1608177256856970E-13
-0.1442995242674349E-15   0.3782986889395989E-15
-0.2116362640691705E-15  -0.1322726650432315E-15
 0.9234944969498570E+00  -0.1279920243865672E+00
-0.1220632642493253E-15   0.4479468207572407E-16
-0.3074386594100235E-15  -0.4493429850379168E-15
 0.4346490830741898E-15   0.8391664685631445E-16
 0.2437906698034558E-14   0.3833974359970107E-16
 0.2740863092043346E-15   0.2792904796322664E-15
-0.1831893425940284E+01   0.9776058543295030E+00
 0.1049368917981107E-14   0.1710067016133048E-15
-0.9434525089301856E-16   0.2498942446067765E-15
 0.2089901294732104E-15   0.1555795034862976E-17
 0.9894423904655050E-15  -0.7610530260754116E-17
-0.1776356839400251E-14   0.7910339050454242E-15
-0.1857111620051061E+00   0.1291398783424246E+00
-0.1110223024625157E-15  -0.1526556658859590E-15
-0.9436895709313831E-15  -0.2359223927328458E-15
 0.1175807534019079E+00   0.2217764597976573E+00
-0.1677291360048840E-15  -0.1740233386237768E-16
-0.9651384111393053E-15  -0.5768071349490301E-15
 0.2776083933021632E+00  -0.3071089069351555E+00
 0.1249000902703304E-15  -0.2289834988289387E-15
-0.1500761258920847E-15   0.4752674839524246E-15
-0.1949208046488990E-15   0.2081041732234200E-15
 0.6701893762701514E+00  -0.5577261523623105E+00
 0.3885780586188048E-15  -0.4649058915617843E-15
 0.1468619416904528E-14   0.2156586415472082E-15
 0.2764899250031438E-15  -0.1963358002731959E-15
-0.7890350985906016E-16  -0.8064170842282021E-16
-0.5329062125686252E-15   0.6029482365526680E-15
 0.1429178126548717E+00  -0.1587755107516855E+00
 0.5412337245047638E-15  -0.1500535806719938E-15
-0.2160121669780183E+01   0.3712294881008624E+00
 0.1927952597625739E+01   0.4450371928713578E+01
 0.2028203451541477E-15   0.1876635375959793E-15
 0.1927952597625732E+01   0.4450371928713563E+01
 0.8674633819420741E-16  -0.2714401782771131E-15
 0.4505536792767237E-14   0.7659266176440551E-15
 0.1485309100034074E+01   0.3949979983877805E+01
 0.3550978955324524E-14   0.1056446596869876E-14
 0.2394020040801664E-15   0.1671467055475856E-15
-0.1728082737670333E-15  -0.4485208862300971E-15
 0.1485309100034067E+01   0.3949979983877794E+01
-0.2353026919312581E-15   0.6318610605232232E-16
-0.2989481503209031E-15  -0.3610755801684524E-15
 0.2291624067560085E-15  -0.1871398149496270E-15
 0.7892463853698325E-14   0.7794588388161184E-14
 0.2129461941945643E+01   0.4389626231687794E+01
 0.2740554716282652E-15   0.5107983495235175E-15
 0.1051284257655631E-14   0.3085942310913375E-14
-0.5356341771654242E-15  -0.1000493470757110E-14
-0.2192687850696136E-14  -0.3479997438120160E-14
-0.1344410693882026E-14   0.2152249732600974E-14
 0.1730829058698776E+01   0.4277065750144043E+01
-0.4873274169480370E-15  -0.6588918523902272E-15
-0.8129418190963409E-15  -0.1334283225746418E-14
 0.7368685265795382E-15   0.1006311129176800E-14
 0.6460869810610015E-14   0.1293742061834618E-13
 0.7060241470785591E+00   0.1329457675222973E+01
-0.1158795281952507E-14  -0.2969846590872294E-14
 0.5891875214567172E-01   0.1479744661356614E+01
 0.2102371433813412E-15  -0.2329063678870326E-14
-0.3414945318817229E-15  -0.5959403878415018E-15
 0.1895904914367767E-15  -0.6135997320883758E-16
 0.5798556370994653E-14   0.6368987425981404E-14
 0.5620261244598451E+00   0.5812876114902021E+00
-0.1793704074160019E-14  -0.5447031714567173E-15
 0.1237967107849464E+00  -0.3203427454260128E-01
 0.4757602135930464E-01   0.2626535016282463E+01
-0.2836153728128753E-16  -0.2074101821833379E-15
-0.1345630081944449E-14  -0.1989751113557266E-14
-0.1410635068652696E-16   0.6489996025668053E-15
 0.1352734580621421E-14   0.3013492836592820E-14
 0.1517883041479702E-15   0.2584737979205446E-15
-0.3595644367803514E+00  -0.4286129492037267E+00
 0.1387778780781440E-16  -0.9887923813067800E-15
 0.3573530360512223E-15   0.2775557561562891E-15
-0.9334295540686845E-01   0.2163586547891978E+01
 0.7721475435910031E-03   0.1260661794075290E-03
-0.1559597191406460E+00  -0.2546306868034287E-01
-0.2117211116241947E-14  -0.1993073885019738E-15
-0.1118544276298983E-14  -0.2802073080943740E-14
-0.1824432583940409E-16  -0.1946512348481580E-15
 0.4029724557238543E-15  -0.9564133514381568E-16
-0.2258366893069220E-15  -0.1491834419546550E-15
-0.1974880393361903E-15  -0.1357304261591873E-14
 0.4224842613679631E-15   0.7317052097135332E-15
 0.4242181595451783E+00   0.2377119682348081E+01
 0.1559597191406462E+00   0.2546306868034089E-01
 0.7721475435915848E-03   0.1260661794096036E-03
-0.1900064307280847E-16   0.8941957417574198E-16
 0.1970645868709653E-14   0.5689893001203927E-15
-0.3898581570438101E-15  -0.9341427545863546E-15
 0.9418184049619745E-16  -0.2215731311247846E-15
 0.2292821049703523E-15   0.1052146390467102E-14
-0.8501090353731157E-16  -0.6802219636663656E-15
-0.2264100674643852E-16  -0.4459247850298123E-15
 0.9446280834369408E-16   0.1953410442298922E-15
 0.4242181595451785E+00   0.2377119682348082E+01
-0.4969871305306946E-15  -0.1608025325591643E-14
 0.1147546125415988E-14   0.4617802757634317E-15
-0.3955964756903972E-15  -0.7394907909097062E-15
-0.1784918896764428E-14  -0.4068643863160160E-14
 0.1153591111524577E-14  -0.2758210326803124E-15
 0.3447812473007952E+00   0.1002196675002889E+00
 0.1231653667943534E-15   0.1089406342913435E-14
-0.3191891195797325E-15  -0.9159339953157541E-15
 0.2209323263777332E+00  -0.4935509568071605E-01
-0.2648339049484964E-15  -0.8688146814215335E-15
 0.1939203206575780E-15   0.8433764310349153E-15
 0.5928574106668463E+00   0.3280735357899994E+01
 0.7089401527663483E-15  -0.1907303865814264E-14
-0.1255586890345813E-15   0.2632975987491258E-15
 0.7668907415417886E-15  -0.1812776558937344E-14
-0.7399866302853228E-15  -0.1411111361065857E-14
-0.1045000790442301E+00  -0.1678386245383964E+00
-0.2775557561562782E-16  -0.1977584762613562E-15
 0.5315683553735827E+00   0.8709869847370003E+00
-0.3540776612625923E-01   0.1088425957643407E+01
-0.2185751579730777E-15   0.1728651943810888E-14
 0.4590331957336292E-15  -0.3822940494705888E-15
 0.2332389469006249E-15  -0.2593004565450491E-15
 0.9020562075079382E-16   0.1283695372222837E-15
-0.1679094682606560E+00   0.2626210636091332E+01
 0.7550112878645932E-15   0.1150721363899279E-14
-0.5084307324960057E-15   0.1698686942309351E-14
 0.4236710755011557E-01  -0.5231250675502808E-01
-0.4063874906784469E-03   0.5017842751301270E-03
 0.1872888843275882E-14   0.3824833504071835E-14
-0.2720530167326017E-15  -0.7711597471816366E-16
-0.8770797560645500E-14  -0.1439692639835655E-13
 0.6194458422374423E-15  -0.1808548667229190E-13
-0.1944888230313709E-15  -0.2333736762205914E-15
-0.4346305782165311E-15  -0.2570374045771102E-14
 0.2677979366039196E-16   0.8899944583390385E-16
-0.7977878090586569E-16  -0.3907457712976983E-15
 0.1229723158938051E-13   0.5330477533844888E-14
 0.5755038891144570E+00   0.2957397922184820E+01
-0.3764349942869671E-15   0.1685934378214959E-14
-0.1439278383974507E-16  -0.1508853670261975E-15
 0.4063874906789236E-03  -0.5017842751276836E-03
 0.4236710755011577E-01  -0.5231250675502742E-01
-0.4613906163736392E-15   0.3380423215146735E-15
 0.1281763479271961E-15  -0.2895904314200575E-15
-0.2462547151228748E-15  -0.7464415217116373E-16
 0.1434347246956893E-15  -0.3513484637456633E-15
-0.2283888977357066E-16  -0.1691315192890681E-15
 0.1649562783459860E-15   0.4230658520992109E-15
 0.2983724378680108E-15   0.1354819034737886E-14
-0.1170697933187506E-15  -0.2808857554360069E-15
 0.3754934159917081E-15   0.1130320540771459E-15
-0.1055470814914639E-15  -0.2394731548477358E-15
 0.5755038891144537E+00   0.2957397922184804E+01
-0.6814343775673697E-16  -0.2286764728702934E-15
 0.2159920023561192E-15  -0.9264372181079810E-15
 0.5806511778940764E-18  -0.1874346637124804E-15
 0.1085284699455738E-14  -0.9050522400575124E-16
 0.3469446951953616E-15  -0.1739927646404738E-14
 0.1104892057817000E+00  -0.4261440267657076E+00
-0.2498001805406602E-15   0.3642919299551295E-15
 0.7632783294297951E-15   0.2303712776097200E-14
-0.1733153440509700E+00  -0.1605658565537135E+01
 0.1699207478353212E-15   0.6495807451933376E-15
-0.3415867213742667E-16   0.6584052020056576E-15
-0.4564898791203623E+00   0.3637616667461791E+00
-0.1318389841742373E-15   0.4735795089416683E-15
 0.4564779907100835E-15   0.1205798316548605E-15
-0.4544628298946946E-16   0.4399904031888719E-16
-0.1492657567636559E+01   0.2264586310320866E+01
 0.7622271760876120E-15  -0.8685513851986599E-15
-0.8498705126281348E-15  -0.6669535775672791E-15
 0.1096444532931853E-14   0.4464109439681663E-15
 0.3626641689911068E-14   0.1871965053683701E-14
 0.3688875262472332E+00   0.1619590647622722E+00
-0.1249000902703301E-15   0.1040834085586084E-14
-0.1385257303927466E+00  -0.4662604417085158E+00
 0.1960190356263642E+00   0.1172994821214572E+01
-0.6661338147750939E-15   0.1207367539279858E-14
 0.6903190959680243E-15   0.9297913087914965E-15
 0.4521039794549858E-15  -0.3972829368651869E-15
 0.1387778780781446E-15   0.1394717674685353E-14
-0.7674279022903828E+00  -0.5070854678403359E+00
 0.1274476870375966E-13   0.8254857661799072E-14
 0.5238971319980890E-15   0.9461584600261853E-15
-0.6626643678231403E-15   0.9072603779358701E-15
-0.8210830451106713E+00   0.2724994513625436E+01
-0.2008188474572466E+00  -0.4909546877643316E-01
 0.3659226746982736E-02   0.8945945800261124E-03
 0.1847480501915300E-15  -0.1593777193553692E-15
-0.2664535259100376E-14  -0.1110223024625157E-14
-0.1813000088623450E-16   0.7997131212432150E-15
 0.1010020436156820E-15   0.9049432844267880E-16
-0.1251133192976746E-15  -0.1080496205553215E-14
 0.3413495809760963E-17  -0.3808343884046448E-16
-0.1658526688308589E-15  -0.2525264427559553E-16
-0.1626438562287891E-01  -0.3387969018333875E-01
-0.7018205885002918E+00  -0.1461934354853895E+01
 0.2222497805439323E-16   0.6385119377237276E-15
-0.1105455655443263E-15  -0.2801765879156872E-15
-0.8711564455921028E-16  -0.3980106175194287E-15
 0.9992007221626409E-15   0.2033095913844818E-14
-0.5577579448014994E-15   0.2309090468644994E-15
 0.2911625680528677E-16  -0.2300980320619540E-15
-0.5119374604225695E+00   0.1996881283893695E+01
-0.3659226746982978E-02  -0.8945945800276258E-03
-0.2008188474572459E+00  -0.4909546877643272E-01
-0.2556084548665724E-14  -0.5418012365794242E-15
 0.8049116928532385E-15  -0.3023189337758581E-14
-0.2797501056493724E-15  -0.2986454635767451E-15
 0.7407793742377176E-15  -0.3950631239300333E-15
 0.1637545943538138E-15   0.5595462648147443E-15
-0.2335755467108504E-15  -0.1045989764447775E-14
 0.3984811317168010E-15   0.1347065309647698E-14
 0.7018205885002913E+00   0.1461934354853895E+01
-0.1626438562287903E-01  -0.3387969018333848E-01
 0.2270577951823806E-15   0.9639334664691063E-15
 0.3769666726842549E-15   0.1318170314358054E-14
 0.1351676542503573E-14   0.3100867341219483E-14
-0.7806255641895632E-17   0.6236330896136622E-15
-0.1413212715707385E-15  -0.1654042471037326E-15
 0.1947684402522591E-15  -0.3884438556199672E-15
 0.3534499082302744E-16  -0.2515349040166370E-16
-0.5119374604225687E+00   0.1996881283893694E+01
 0.2303712776097200E-14  -0.7702172233337023E-15
 0.3409273731380669E-15  -0.1418136441611040E-15
-0.2271393041430207E-01   0.4611630768042783E-02
-0.1788652235344428E+00   0.3631517545131402E-01
 0.1621941774780733E-14  -0.2692157555624496E-15
-0.6845112393837150E-15   0.1702956624434492E-15
 0.6777701232457472E-16  -0.2002190682565453E-15
 0.1498041072133543E-15   0.4620963729840872E-16
-0.6431586849522566E-16   0.1144311435968934E-15
 0.2309147339486783E-15   0.3055485009971493E-15
-0.1193489751472043E-14  -0.2303712776097200E-14
-0.5780438565512849E-16   0.3065932203667807E-16
-0.1426729703393761E-14  -0.2722013794824846E-14
-0.6080906285963555E-01  -0.1482290810904221E+00
-0.5186088079050031E+00  -0.1264168586491824E+01
 0.6240570657620040E-16  -0.2705713441869145E-16
-0.3494330769269832E-15  -0.1302579060579469E-15
 0.4163336342344337E-16   0.7285838599102590E-15
 0.1064686533380765E-15  -0.5421010862427522E-16
-0.9584529368529886E+00   0.1203082944289885E+01
 0.1536964999715451E-14  -0.1332267629550188E-14
 0.3519266041779323E-14  -0.1506027968349935E-14
-0.1788652235344433E+00   0.3631517545131323E-01
 0.2271393041430209E-01  -0.4611630768044234E-02
-0.3701579273791169E-15  -0.6157964210813359E-15
-0.1171266503961157E-14  -0.2998901580086667E-15
 0.2658397599209143E-15   0.1470897390906750E-15
-0.2922571437643602E-15   0.1413414765003459E-14
 0.2219653178429394E-15  -0.1610788798086851E-14
 0.1351154770208064E-14   0.2480689298997672E-14
 0.1700029006457271E-15   0.3660266534311063E-15
-0.2922346984120636E-14  -0.6632686668872536E-14
-0.9077367219249301E-14  -0.1827011109291659E-13
-0.5186088079050034E+00  -0.1264168586491826E+01
 0.6080906285963526E-01   0.1482290810904218E+00
-0.3317525666605905E-15   0.2064214394451879E-14
-0.1873269124207762E-14   0.4817948112443818E-15
-0.2428612866367530E-16  -0.6158268339717665E-16
 0.2558446076522669E-15  -0.7332188241976345E-15
 0.2029626466892864E-15  -0.1847480501915300E-15
-0.9584529368529875E+00   0.1203082944289883E+01
-0.5626547227801220E-16  -0.3306237024471804E-15
 0.5049698410844574E-15   0.3092006171113099E-15
-0.1099612116514911E-14   0.8051986449280182E-16
-0.1842178554001809E-14  -0.8617908325342696E-15
 0.1235123114895488E-14  -0.9298117831235692E-15
 0.2014631740917178E+00   0.6091019163426981E-01
-0.1110223024625140E-15   0.4163336342344327E-15
-0.1961884355420101E-30  -0.4163336342344336E-15
-0.4367198968996677E-03   0.3043753873884775E+00
-0.4254841543114693E-15  -0.1211439689116595E-14
-0.1145085423502856E-15   0.6096212885011668E-15
 0.4800563990967603E+00   0.1096233078913960E+01
 0.4718447854656830E-15   0.9853229343548314E-15
-0.2771960476896885E-14  -0.6809626782286542E-14
 0.6500387884622599E-15   0.9604594216089460E-15
 0.7921800512441061E-01  -0.4395214406710696E+00
-0.4232725281383407E-15  -0.1387778780781457E-16
 0.3479737037114346E-16   0.6846382250018014E-16
-0.4595794905633366E-15  -0.1413716784201339E-15
-0.1266663189482110E-17  -0.2466236557227956E-15
 0.5026945335202197E-15  -0.5155886693691215E-15
-0.9621728191826845E+00   0.1188587263316178E+01
-0.1519298105033675E-14   0.1138803303503469E-14
 0.1122191342750544E-14  -0.2713589104746128E-15
-0.1165982999988215E-14   0.5727065850517184E-15
 0.6032205034008344E-15   0.1360403186360721E-14
 0.1495540046760049E-01   0.1251570579033052E+00
-0.2775557561562885E-15  -0.5377642775528135E-16
-0.9927551023375819E-01  -0.5951395057768647E-01
 0.1107988656362859E+00  -0.6101284240041245E+00
 0.1569924745759010E-14  -0.1113692471577110E-14
-0.2367936264262696E-15   0.3609736935330536E-15
-0.1352797817282077E-15   0.3136006891797150E-15
 0.3469446951953613E-15   0.1247266179227324E-14
 0.1871184548604510E+00  -0.1115798871209971E+01
-0.4296382729925127E-14   0.1608177256856970E-13
-0.2922527901986605E-15   0.3782986889395989E-15
-0.1838806884535416E-15  -0.1322726650432315E-15
 0.8248043418155663E+00  -0.1279920243865672E+00
-0.1435413334967813E-15   0.4479468207572407E-16
-0.2897707550105066E-15  -0.4493429850379168E-15
 0.5009215632939353E-15   0.8391664685631445E-16
 0.2803472808877180E-14   0.3833974359970107E-16
 0.4024558464266184E-15   0.2792904796322664E-15
-0.1998497182749204E+01   0.9776058543295030E+00
 0.1054723568692091E-14   0.1710067016133048E-15
 0.5596594595841257E-16   0.2498942446067765E-15
 0.1836838497179572E-15   0.1555795034862976E-17
 0.8001899565646038E-15  -0.7610530260754116E-17
-0.1693090112553364E-14   0.7910339050454242E-15
-0.1245197701489529E+00   0.1291398783424246E+00
-0.1110223024625157E-15  -0.1526556658859590E-15
-0.7771561172376096E-15  -0.2359223927328458E-15
 0.2410703907253370E-01   0.2217764597976573E+00
-0.6552424594110977E-16  -0.1740233386237768E-16
-0.1002203526853028E-14  -0.5768071349490301E-15
 0.1589393992885308E+00  -0.3071089069351555E+00
 0.1526556658859593E-15  -0.2289834988289387E-15
-0.3412070094921212E-16   0.4752674839524246E-15
-0.1641170122244877E-15   0.2081041732234200E-15
 0.7224472827850411E+00  -0.5577261523623105E+00
 0.4996003610813204E-15  -0.4649058915617843E-15
 0.1435295654103420E-14   0.2156586415472082E-15
 0.1857042150744554E-15  -0.1963358002731959E-15
-0.7691484445789120E-16  -0.8064170842282021E-16
 0.2000714832653665E-15   0.6029482365526680E-15
-0.8436094440006925E-03  -0.1587755107516855E+00
 0.5828670879282072E-15  -0.1500535806719938E-15
-0.2086106639070452E+01   0.3712294881008624E+00
 0.1951468624681365E+01   0.4450371928713578E+01
 0.7239082380414152E-16   0.1876635375959793E-15
 0.1951468624681358E+01   0.4450371928713563E+01
-0.1446393460731443E-15  -0.2714401782771131E-15
 0.4197772519754520E-14   0.7659266176440551E-15
 0.1521838899594314E+01   0.3949979983877805E+01
 0.3738654351381765E-14   0.1056446596869876E-14
-0.2974102084399299E-16   0.1671467055475856E-15
-0.3495603329364827E-15  -0.4485208862300971E-15
 0.1521838899594307E+01   0.3949979983877794E+01
-0.1075924198196092E-15   0.6318610605232232E-16
-0.3438820127205678E-15  -0.3610755801684524E-15
 0.1479444763001976E-15  -0.1871398149496270E-15
 0.7228355600878601E-14   0.7794588388161184E-14
 0.2104857792904283E+01   0.4389626231687794E+01
 0.1655367492906910E-15   0.5107983495235175E-15
 0.1014810812856435E-14   0.3085942310913375E-14
-0.4802766451520221E-15  -0.1000493470757110E-14
-0.1833818120841920E-14  -0.3479997438120160E-14
-0.1686151218649457E-14   0.2152249732600974E-14
 0.1762606798036688E+01   0.4277065750144043E+01
-0.4495476545171132E-15  -0.6588918523902272E-15
-0.8170573591907173E-15  -0.1334283225746418E-14
 0.8037138763672005E-15   0.1006311129176800E-14
 0.7102264135655687E-14   0.1293742061834618E-13
 0.7725882123703728E+00   0.1329457675222973E+01
-0.1386044057305469E-14  -0.2969846590872294E-14
 0.8458953886280438E-01   0.1479744661356614E+01
-0.3566120908795724E-15  -0.2329063678870326E-14
-0.1131293548505627E-15  -0.5959403878415018E-15
 0.6961349472119284E-17  -0.6135997320883758E-16
 0.5985874791451425E-14   0.6368987425981404E-14
 0.5566895849795230E+00   0.5812876114902021E+00
-0.7459310946700271E-15  -0.5447031714567173E-15
 0.2005574752570326E-01  -0.3203427454260128E-01
 0.1927587644345538E+00   0.2626535016282463E+01
-0.2858500174744926E-15  -0.2074101821833379E-15
-0.1379009857547420E-14  -0.1989751113557266E-14
 0.1209929036097694E-15   0.6489996025668053E-15
 0.1985503456731628E-14   0.3013492836592820E-14
-0.6409803243734306E-15   0.2584737979205446E-15
-0.3979076551089474E+00  -0.4286129492037267E+00
-0.3035766082959413E-15  -0.9887923813067800E-15
 0.6175615574477433E-15   0.2775557561562891E-15
-0.1392073146062272E+00   0.2163586547891978E+01
 0.1818746192148892E-03   0.1260661794075290E-03
-0.3673535552507807E-01  -0.2546306868034287E-01
-0.1248423861507984E-15  -0.1993073885019738E-15
-0.1224287869434210E-14  -0.2802073080943740E-14
-0.9293657767338020E-16  -0.1946512348481580E-15
 0.1833527558395391E-15  -0.9564133514381568E-16
-0.2000941445217159E-15  -0.1491834419546550E-15
-0.1509927614763475E-15  -0.1357304261591873E-14
 0.5137342427266876E-15   0.7317052097135332E-15
 0.4419011666968604E+00   0.2377119682348081E+01
 0.3673535552507740E-01   0.2546306868034089E-01
 0.1818746192155145E-03   0.1260661794096036E-03
 0.4090152695701565E-16   0.8941957417574198E-16
 0.5134781488891349E-15   0.5689893001203927E-15
-0.3975631848352209E-15  -0.9341427545863546E-15
-0.3494777738465765E-16  -0.2215731311247846E-15
 0.3317098917971857E-15   0.1052146390467102E-14
-0.1334060831391612E-15  -0.6802219636663656E-15
-0.1005936676049405E-15  -0.4459247850298123E-15
 0.1043680116288859E-15   0.1953410442298922E-15
 0.4419011666968606E+00   0.2377119682348082E+01
-0.4388308589704884E-15  -0.1608025325591643E-14
 0.3483215060062984E-15   0.4617802757634317E-15
-0.4176033563920974E-15  -0.7394907909097062E-15
-0.1119772190334881E-14  -0.4068643863160160E-14
 0.1526556658859591E-15  -0.2758210326803124E-15
 0.7124717316746727E-01   0.1002196675002889E+00
 0.1249000902703302E-15   0.1089406342913435E-14
-0.1804112415015879E-15  -0.9159339953157541E-15
 0.6142069153518768E-01  -0.4935509568071605E-01
-0.2384122814668422E-15  -0.8688146814215335E-15
 0.2608549639404548E-15   0.8433764310349153E-15
 0.7984503991195950E+00   0.3280735357899994E+01
 0.4945548017954737E-15  -0.1907303865814264E-14
 0.7424993874111180E-16   0.2632975987491258E-15
-0.1575867992976504E-14  -0.1812776558937344E-14
 0.1456933624085219E-14  -0.1411111361065857E-14
 0.8529888361452076E-01  -0.1678386245383964E+00
-0.4163336342344327E-15  -0.1977584762613562E-15
 0.4584356232670830E+00   0.8709869847370003E+00
-0.5430560241832968E-01   0.1088425957643407E+01
-0.3677613769070832E-15   0.1728651943810888E-14
 0.7260355536863105E-15  -0.3822940494705888E-15
 0.2895996863842367E-15  -0.2593004565450491E-15
 0.4024558464266191E-15   0.1283695372222837E-15
-0.5155901779424262E+00   0.2626210636091332E+01
 0.6324693373194190E-15   0.1150721363899279E-14
 0.1981546123949632E-14   0.1698686942309351E-14
-0.1032059913260347E+00  -0.5231250675502808E-01
 0.9899572159470557E-03   0.5017842751301270E-03
-0.1158235998635433E-14   0.3824833504071835E-14
-0.1310038099901387E-15  -0.7711597471816366E-16
-0.7577115335002750E-14  -0.1439692639835655E-13
 0.9180221555999884E-15  -0.1808548667229190E-13
-0.3298930511314618E-16  -0.2333736762205914E-15
-0.4150627010017480E-15  -0.2570374045771102E-14
 0.2832478175618380E-16   0.8899944583390385E-16
-0.2230887962575952E-15  -0.3907457712976983E-15
 0.1840411990754343E-13   0.5330477533844888E-14
 0.5985717337698578E+00   0.2957397922184820E+01
 0.1857888842771160E-14   0.1685934378214959E-14
-0.4676977121559345E-16  -0.1508853670261975E-15
-0.9899572159465055E-03  -0.5017842751276836E-03
-0.1032059913260341E+00  -0.5231250675502742E-01
 0.8335203678111148E-15   0.3380423215146735E-15
-0.4256077763032954E-15  -0.2895904314200575E-15
-0.1576312457783082E-15  -0.7464415217116373E-16
 0.1622520681886178E-15  -0.3513484637456633E-15
-0.3068898709448799E-16  -0.1691315192890681E-15
 0.1818545856437093E-15   0.4230658520992109E-15
 0.3191891195797325E-15   0.1354819034737886E-14
-0.1112942837362397E-15  -0.2808857554360069E-15
 0.6079273847158163E-15   0.1130320540771459E-15
-0.9969238976004213E-16  -0.2394731548477358E-15
 0.5985717337698544E+00   0.2957397922184804E+01
 0.2313306781831660E-15  -0.2286764728702934E-15
 0.2961744159483677E-15  -0.9264372181079810E-15
-0.2129839757519387E-15  -0.1874346637124804E-15
 0.2127011581681971E-15  -0.9050522400575124E-16
 0.9853229343548266E-15  -0.1739927646404738E-14
 0.1166752005396867E+00  -0.4261440267657076E+00
 0.1942890293094024E-15   0.3642919299551295E-15
 0.3885780586188048E-15   0.2303712776097200E-14
-0.9606208574901783E-01  -0.1605658565537135E+01
-0.2132991984997633E-16   0.6495807451933376E-15
 0.2055758106885666E-15   0.6584052020056576E-15
 0.1795739319565302E-02   0.3637616667461791E+00
 0.1734723475976814E-16   0.4735795089416683E-15
 0.3281948237880595E-16   0.1205798316548605E-15
-0.6768145277824720E-16   0.4399904031888719E-16
-0.1534956154520517E+01   0.2264586310320866E+01
 0.1038036354887099E-15  -0.8685513851986599E-15
-0.3968782623292544E-15  -0.6669535775672791E-15
 0.7804664457948944E-15   0.4464109439681663E-15
 0.1536568751209976E-14   0.1871965053683701E-14
 0.1528672454649424E+00   0.1619590647622722E+00
 0.5412337245047637E-15   0.1040834085586084E-14
-0.3238729576031504E+00  -0.4662604417085158E+00
 0.4024090452958651E+00   0.1172994821214572E+01
-0.8673617379884035E-16   0.1207367539279858E-14
 0.6804186270616157E-15   0.9297913087914965E-15
 0.3281581487638092E-15  -0.3972829368651869E-15
 0.3816391647148976E-15   0.1394717674685353E-14
-0.6759165807458868E+00  -0.5070854678403359E+00
 0.1114740774564301E-13   0.8254857661799072E-14
 0.4898717716820057E-15   0.9461584600261853E-15
-0.7927686285214008E-15   0.9072603779358701E-15
-0.3603552530210415E+00   0.2724994513625436E+01
-0.9138406776010105E-02  -0.4909546877643316E-01
 0.1665157574749550E-03   0.8945945800261124E-03
 0.5507747036226363E-16  -0.1593777193553692E-15
-0.4718447854656915E-15  -0.1110223024625157E-14
 0.3159635793425356E-17   0.7997131212432150E-15
 0.6937374228723228E-16   0.9049432844267880E-16
-0.1517112811897871E-15  -0.1080496205553215E-14
-0.1942663436476787E-17  -0.3808343884046448E-16
-0.1241812692382732E-15  -0.2525264427559553E-16
-0.1659472447677371E-01  -0.3387969018333875E-01
-0.7160749608584349E+00  -0.1461934354853895E+01
 0.2214555728942331E-15   0.6385119377237276E-15
-0.7895974075890769E-16  -0.2801765879156872E-15
-0.8792879618857441E-16  -0.3980106175194287E-15
 0.9436895709313831E-15   0.2033095913844818E-14
-0.5661713284522832E-15   0.2309090468644994E-15
-0.2264515096798126E-16  -0.2300980320619540E-15
-0.4931273006941873E+00   0.1996881283893695E+01
-0.1665157574751927E-03  -0.8945945800276258E-03
-0.9138406776009834E-02  -0.4909546877643272E-01
-0.1994762590783877E-16  -0.5418012365794242E-15
 0.6895525817007808E-15  -0.3023189337758581E-14
-0.1086355442416247E-15  -0.2986454635767451E-15
 0.6757130874311363E-16  -0.3950631239300333E-15
 0.2070602322372134E-15   0.5595462648147443E-15
-0.2766118201326956E-15  -0.1045989764447775E-14
 0.4235253196512845E-15   0.1347065309647698E-14
 0.7160749608584345E+00   0.1461934354853895E+01
-0.1659472447677380E-01  -0.3387969018333848E-01
 0.2770381549734724E-15   0.9639334664691063E-15
 0.3918607194274641E-15   0.1318170314358054E-14
 0.1318191636032716E-14   0.3100867341219483E-14
-0.9324138683375338E-17   0.6236330896136622E-15
 0.1020170388019487E-16  -0.1654042471037326E-15
 0.3503256608089723E-16  -0.3884438556199672E-15
 0.3361026734705064E-16  -0.2515349040166370E-16
-0.4931273006941866E+00   0.1996881283893694E+01
 0.5134781488891349E-15  -0.7702172233337023E-15
 0.1383984073177746E-15  -0.1418136441611040E-15
-0.2607396268752211E-02   0.4611630768042783E-02
-0.2053244453718861E-01   0.3631517545131402E-01
 0.1208928351008170E-15  -0.2692157555624496E-15
-0.5028116239051448E-16   0.1702956624434492E-15
-0.2338469034774911E-16  -0.2002190682565453E-15
 0.1635588416363301E-15   0.4620963729840872E-16
-0.6756793961524365E-16   0.1144311435968934E-15
 0.2135539466617542E-15   0.3055485009971493E-15
-0.1082467449009528E-14  -0.2303712776097200E-14
-0.5734274902140111E-16   0.3065932203667807E-16
-0.1509655989676146E-14  -0.2722013794824846E-14
-0.6032694475894375E-01  -0.1482290810904221E+00
-0.5144970738688063E+00  -0.1264168586491824E+01
 0.6355142979264068E-16  -0.2705713441869145E-16
-0.2142834264921598E-15  -0.1302579060579469E-15
 0.9714451465470120E-16   0.7285838599102590E-15
 0.1073360150760649E-15  -0.5421010862427522E-16
-0.9209201596513826E+00   0.1203082944289885E+01
 0.1756407519426517E-14  -0.1332267629550188E-14
 0.1054664439548852E-14  -0.1506027968349935E-14
-0.2053244453718940E-01   0.3631517545131323E-01
 0.2607396268752237E-02  -0.4611630768044234E-02
-0.8531500381093505E-16  -0.6157964210813359E-15
-0.3410338589821936E-16  -0.2998901580086667E-15
 0.1176902465455327E-15   0.1470897390906750E-15
-0.1969785177140262E-15   0.1413414765003459E-14
 0.3716829677053141E-15  -0.1610788798086851E-14
 0.1325242338285661E-14   0.2480689298997672E-14
 0.1422473250300982E-15   0.3660266534311063E-15
-0.2658183483588047E-14  -0.6632686668872536E-14
-0.9553127336645706E-14  -0.1827011109291659E-13
-0.5144970738688067E+00  -0.1264168586491826E+01
 0.6032694475894348E-01   0.1482290810904218E+00
-0.1638446622850566E-14   0.2064214394451879E-14
-0.1112379178936436E-14   0.4817948112443818E-15
-0.6938893903907228E-17  -0.6158268339717665E-16
 0.2642200694347174E-15  -0.7332188241976345E-15
 0.1890848588814720E-15  -0.1847480501915300E-15
-0.9209201596513816E+00   0.1203082944289883E+01
-0.9945452304812651E-16  -0.3306237024471804E-15
-0.2789172678558718E-15   0.3092006171113099E-15
-0.1531691916668955E-15   0.8051986449280182E-16
-0.1006823505839680E-14  -0.8617908325342696E-15
 0.4440892098500638E-15  -0.9298117831235692E-15
-0.1057366278224686E-01   0.6091019163426981E-01
-0.1942890293094007E-15   0.4163336342344327E-15
 0.1110223024625155E-15  -0.4163336342344336E-15
-0.3529341363571407E-01   0.3043753873884775E+00
-0.4041723752981591E-15  -0.1211439689116595E-14
-0.2097001491378019E-15   0.6096212885011668E-15
 0.4317603702359923E+00   0.1096233078913960E+01
 0.2775557561562808E-15   0.9853229343548314E-15
-0.2698054588615742E-14  -0.6809626782286542E-14
 0.6578365137709213E-15   0.9604594216089460E-15
 0.3359202287345181E+00  -0.4395214406710696E+00
-0.1179611963664227E-15  -0.1387778780781457E-16
 0.2100461503528830E-15   0.6846382250018014E-16
-0.4915992913566104E-15  -0.1413716784201339E-15
-0.1458065434292395E-16  -0.2466236557227956E-15
 0.1224658855231407E-14  -0.5155886693691215E-15
-0.1068106369026983E+01   0.1188587263316178E+01
-0.1277753460724842E-14   0.1138803303503469E-14
 0.9626137026744824E-15  -0.2713589104746128E-15
-0.8403590278731697E-15   0.5727065850517184E-15
-0.6365968329572286E-15   0.1360403186360721E-14
-0.8215852316364994E-01   0.1251570579033052E+00
-0.9783840404509186E-15  -0.5377642775528135E-16
-0.2046827321235412E-01  -0.5951395057768647E-01
 0.6973865851474374E-01  -0.6101284240041245E+00
 0.1347880140833979E-14  -0.1113692471577110E-14
-0.4449902881509269E-15   0.3609736935330536E-15
-0.9792317413228456E-16   0.3136006891797150E-15
 0.9020562075079388E-16   0.1247266179227324E-14
 0.4437906375205086E+00  -0.1115798871209971E+01
-0.8498423663602919E-14   0.1608177256856970E-13
-0.4787236039089442E-15   0.3782986889395989E-15
 0.1682681771697503E-15  -0.1322726650432315E-15
 0.5066989185671602E+00  -0.1279920243865672E+00
-0.1624768724549795E-15   0.4479468207572407E-16
-0.2218082408785115E-15  -0.4493429850379168E-15
 0.5719022027224859E-15   0.8391664685631445E-16
 0.3182276597467409E-14   0.3833974359970107E-16
 0.4579669976578762E-15   0.2792904796322664E-15
-0.2158061499095387E+01   0.9776058543295030E+00
 0.9687503329853932E-15   0.1710067016133048E-15
 0.2109865367493532E-15   0.2498942446067765E-15
 0.1603955442466363E-15   0.1555795034862976E-17
 0.8189823525586083E-15  -0.7610530260754116E-17
-0.1568190022283034E-14   0.7910339050454242E-15
-0.5696820572033548E-01   0.1291398783424246E+00
-0.1110223024625157E-15  -0.1526556658859590E-15
-0.5551115123125783E-15  -0.2359223927328458E-15
-0.1825570291905754E-01   0.2217764597976573E+00
 0.3994537978381166E-16  -0.1740233386237768E-16
-0.1098588730802133E-14  -0.5768071349490301E-15
-0.7485554094211612E-01  -0.3071089069351555E+00
 0.1387778780781476E-16  -0.2289834988289387E-15
 0.1826521846751621E-15   0.4752674839524246E-15
-0.1227105537110183E-15   0.2081041732234200E-15
 0.6791156988452132E+00  -0.5577261523623105E+00
 0.3608224830031759E-15  -0.4649058915617843E-15
 0.1357834563806397E-14   0.2156586415472082E-15
 0.4059176568972771E-16  -0.1963358002731959E-15
-0.7378553765749598E-16  -0.8064170842282021E-16
 0.1207099225890374E-14   0.6029482365526680E-15
-0.1997391771649558E+00  -0.1587755107516855E+00
 0.2844946500601964E-15  -0.1500535806719938E-15
-0.1931861819179501E+01   0.3712294881008624E+00
 0.1949883499243097E+01   0.4450371928713578E+01
-0.4621411760219463E-16   0.1876635375959793E-15
 0.1949883499243090E+01   0.4450371928713563E+01
-0.3615441550742365E-15  -0.2714401782771131E-15
 0.4252726495360052E-14   0.7659266176440551E-15
 0.1532550750779819E+01   0.3949979983877805E+01
 0.3459472291966748E-14   0.1056446596869876E-14
-0.2751535707178759E-15   0.1671467055475856E-15
-0.5098325190841524E-15  -0.4485208862300971E-15
 0.1532550750779813E+01   0.3949979983877794E+01
-0.3284235506081147E-16   0.6318610605232232E-16
-0.2681500660893379E-15  -0.3610755801684524E-15
 0.5877348120877818E-16  -0.1871398149496270E-15
 0.6129467124195522E-14   0.7794588388161184E-14
 0.2012936083529123E+01   0.4389626231687794E+01
 0.1233947864691685E-15   0.5107983495235175E-15
 0.9577802899616676E-15   0.3085942310913375E-14
-0.4931780408669626E-15  -0.1000493470757110E-14
-0.1404910230367769E-14  -0.3479997438120160E-14
-0.1863093013199090E-14   0.2152249732600974E-14
 0.1737877993931561E+01   0.4277065750144043E+01
-0.5350358417816720E-15  -0.6588918523902272E-15
-0.7780418293062578E-15  -0.1334283225746418E-14
 0.8017369801041352E-15   0.1006311129176800E-14
 0.7511222201562863E-14   0.1293742061834618E-13
 0.8135697821774384E+00   0.1329457675222973E+01
-0.1894318035766673E-14  -0.2969846590872294E-14
 0.9117865732491530E-01   0.1479744661356614E+01
-0.9544971447896011E-15  -0.2329063678870326E-14
-0.6988541978760720E-16  -0.5959403878415018E-15
-0.2421024326037629E-15  -0.6135997320883758E-16
 0.5731768896761622E-14   0.6368987425981404E-14
 0.5239257231135470E+00   0.5812876114902021E+00
-0.4839878497975293E-15  -0.5447031714567173E-15
-0.2251674831498345E-01  -0.3203427454260128E-01
 0.4828263868846833E+00   0.2626535016282463E+01
-0.4305045042675592E-15  -0.2074101821833379E-15
-0.1134867289857637E-14  -0.1989751113557266E-14
 0.8479404537189329E-16   0.6489996025668053E-15
 0.2374053351488676E-14   0.3013492836592820E-14
-0.8387388006347866E-15   0.2584737979205446E-15
-0.3781326211939418E+00  -0.4286129492037267E+00
-0.6696032617270475E-15  -0.9887923813067800E-15
 0.1377370439925585E-14   0.2775557561562891E-15
 0.5721610468693900E-02   0.2163586547891978E+01
-0.3263700700062379E-03   0.1260661794075290E-03
 0.6592080085787644E-01  -0.2546306868034287E-01
 0.1404177629807865E-14  -0.1993073885019738E-15
-0.1385037782164131E-14  -0.2802073080943740E-14
-0.2091466789708341E-15  -0.1946512348481580E-15
-0.4456265452932959E-16  -0.9564133514381568E-16
-0.1876968192706057E-15  -0.1491834419546550E-15
-0.2878074071753523E-15  -0.1357304261591873E-14
 0.5246920794228502E-15   0.7317052097135332E-15
 0.5006352066827799E+00   0.2377119682348081E+01
-0.6592080085787677E-01   0.2546306868034089E-01
-0.3263700700055356E-03   0.1260661794096036E-03
 0.9584347204771859E-16   0.8941957417574198E-16
-0.6869504964868156E-15   0.5689893001203927E-15
-0.4218216929369049E-15  -0.9341427545863546E-15
-0.1977849732442364E-15  -0.2215731311247846E-15
 0.4269348242461922E-15   0.1052146390467102E-14
-0.2514251351017337E-15  -0.6802219636663656E-15
-0.1828544237151416E-15  -0.4459247850298123E-15
 0.1192520745780384E-15   0.1953410442298922E-15
 0.5006352066827803E+00   0.2377119682348082E+01
-0.4862217925254389E-15  -0.1608025325591643E-14
-0.4733286136739313E-15   0.4617802757634317E-15
-0.3775026010053511E-15  -0.7394907909097062E-15
-0.1708916140359206E-15  -0.4068643863160160E-14
-0.9835882108788496E-15  -0.2758210326803124E-15
-0.2013575175427832E+00   0.1002196675002889E+00
 0.9714451465470125E-16   0.1089406342913435E-14
-0.2775557561562892E-16  -0.9159339953157541E-15
-0.9754097395522190E-01  -0.4935509568071605E-01
-0.1568983679869724E-15  -0.8688146814215335E-15
 0.2276501007934647E-15   0.8433764310349153E-15
 0.8395522951709481E+00   0.3280735357899994E+01
 0.4325582131895339E-16  -0.1907303865814264E-14
 0.5173421172225287E-16   0.2632975987491258E-15
-0.3818402070930280E-14  -0.1812776558937344E-14
 0.3887941318911553E-14  -0.1411111361065857E-14
 0.3060146620059507E+00  -0.1678386245383964E+00
-0.8743006318923097E-15  -0.1977584762613562E-15
 0.4376382132175610E+00   0.8709869847370003E+00
 0.1785693456364451E+00   0.1088425957643407E+01
-0.2671474153004283E-15   0.1728651943810888E-14
 0.8703679147730402E-15  -0.3822940494705888E-15
 0.2363279931059782E-15  -0.2593004565450491E-15
 0.5828670879282070E-15   0.1283695372222837E-15
-0.5981506308325447E+00   0.2626210636091332E+01
 0.5731634784844619E-15   0.1150721363899279E-14
 0.4091145735953103E-14   0.1698686942309351E-14
-0.2351176928968076E+00  -0.5231250675502808E-01
 0.2255261091816488E-02   0.5017842751301270E-03
-0.4691009744871826E-14   0.3824833504071835E-14
 0.1467207559372339E-16  -0.7711597471816366E-16
-0.7264455452055401E-14  -0.1439692639835655E-13
-0.2947933037943819E-14  -0.1808548667229190E-13
 0.1023508132849619E-15  -0.2333736762205914E-15
-0.5678570023583709E-15  -0.2570374045771102E-14
 0.3108949729602184E-16   0.8899944583390385E-16
-0.1613413257399187E-15  -0.3907457712976983E-15
 0.2114299726782642E-13   0.5330477533844888E-14
 0.6850202263470236E+00   0.2957397922184820E+01
 0.3065256382051018E-14   0.1685934378214959E-14
-0.7527073582480615E-16  -0.1508853670261975E-15
-0.2255261091815830E-02  -0.5017842751276836E-03
-0.2351176928968071E+00  -0.5231250675502742E-01
 0.1964452437883218E-14   0.3380423215146735E-15
-0.9338453988744282E-15  -0.2895904314200575E-15
-0.9512462234764082E-16  -0.7464415217116373E-16
 0.3465877778997645E-16  -0.3513484637456633E-15
-0.5561713989509549E-16  -0.1691315192890681E-15
 0.2088122562230246E-15   0.4230658520992109E-15
 0.2983724378680108E-15   0.1354819034737886E-14
-0.1010880312186783E-15  -0.2808857554360069E-15
 0.7244531037983912E-15   0.1130320540771459E-15
-0.1020234244308860E-15  -0.2394731548477358E-15
 0.6850202263470193E+00   0.2957397922184804E+01
 0.3784451455091613E-15  -0.2286764728702934E-15
 0.2682878645476255E-15  -0.9264372181079810E-15
-0.2504016142278731E-15  -0.1874346637124804E-15
-0.6839701112398944E-15  -0.9050522400575124E-16
 0.1228184220991580E-14  -0.1739927646404738E-14
 0.1328086148835120E+00  -0.4261440267657076E+00
 0.5134781488891349E-15   0.3642919299551295E-15
 0.6106226635438361E-15   0.2303712776097200E-14
-0.2987921994612777E+00  -0.1605658565537135E+01
-0.3653018849714112E-16   0.6495807451933376E-15
 0.4532289075991822E-15   0.6584052020056576E-15
 0.4439128675748774E+00   0.3637616667461791E+00
 0.1006139616066549E-15   0.4735795089416683E-15
-0.3349662609947892E-15   0.1205798316548605E-15
-0.7138039193786180E-16   0.4399904031888719E-16
-0.1219753450168278E+01   0.2264586310320866E+01
-0.4341964785945816E-15  -0.8685513851986599E-15
-0.9301162515817052E-16  -0.6669535775672791E-15
 0.4683476536052828E-15   0.4464109439681663E-15
-0.7037815688758681E-15   0.1871965053683701E-14
-0.6412364511156229E-01   0.1619590647622722E+00
 0.1450228825916611E-14   0.1040834085586084E-14
-0.4362985797797672E+00  -0.4662604417085158E+00
 0.6287720488858959E+00   0.1172994821214572E+01
 0.4059252933785729E-15   0.1207367539279858E-14
 0.5539260229906129E-15   0.9297913087914965E-15
 0.2007069434066829E-15  -0.3972829368651869E-15
 0.5273559366969494E-15   0.1394717674685353E-14
-0.4171284768178962E+00  -0.5070854678403359E+00
 0.6808096442561544E-14   0.8254857661799072E-14
 0.3536137319341959E-15   0.9461584600261853E-15
-0.5082739784612045E-15   0.9072603779358701E-15
-0.2489982129609703E-01   0.2724994513625436E+01
 0.1653000078678255E+00  -0.4909546877643316E-01
-0.3012019129305917E-02   0.8945945800261124E-03
-0.6917209860457518E-16  -0.1593777193553692E-15
 0.1304512053934559E-14  -0.1110223024625157E-14
 0.3596226866769448E-16   0.7997131212432150E-15
 0.7740142133521599E-16   0.9049432844267880E-16
-0.2146155246476751E-15  -0.1080496205553215E-14
-0.2812734455551138E-16  -0.3808343884046448E-16
-0.1757234482915754E-15  -0.2525264427559553E-16
-0.1792213540979096E-01  -0.3387969018333875E-01
-0.7733537504661659E+00  -0.1461934354853895E+01
 0.4249036420590690E-15   0.6385119377237276E-15
-0.8305990069415052E-16  -0.2801765879156872E-15
-0.9958396954279358E-16  -0.3980106175194287E-15
 0.1040834085586084E-14   0.2033095913844818E-14
-0.4681574372274397E-15   0.2309090468644994E-15
-0.8647783226054651E-16  -0.2300980320619540E-15
-0.4195065974635031E+00   0.1996881283893695E+01
 0.3012019129305635E-02  -0.8945945800276258E-03
 0.1653000078678253E+00  -0.4909546877643272E-01
 0.2323828114528595E-14  -0.5418012365794242E-15
 0.4956972332603726E-15  -0.3023189337758581E-14
 0.3641507103922654E-16  -0.2986454635767451E-15
-0.5829816465944396E-15  -0.3950631239300333E-15
 0.2359755860172110E-15   0.5595462648147443E-15
-0.3612304612995886E-15  -0.1045989764447775E-14
 0.4922192255157224E-15   0.1347065309647698E-14
 0.7733537504661656E+00   0.1461934354853895E+01
-0.1792213540979103E-01  -0.3387969018333848E-01
 0.2719421545644279E-15   0.9639334664691063E-15
 0.3774967409894451E-15   0.1318170314358054E-14
 0.1497235766357435E-14   0.3100867341219483E-14
 0.8673617379884035E-17   0.6236330896136622E-15
 0.1470435283932991E-15  -0.1654042471037326E-15
-0.8685863429439295E-16  -0.3884438556199672E-15
 0.3014082039509702E-16  -0.2515349040166370E-16
-0.4195065974635024E+00   0.1996881283893694E+01
-0.1124100812432971E-14  -0.7702172233337023E-15
-0.4987329993433320E-16  -0.1418136441611040E-15
 0.1594855873891421E-01   0.4611630768042783E-02
 0.1255900001389415E+00   0.3631517545131402E-01
-0.1229062761021739E-14  -0.2692157555624496E-15
 0.5403367034559227E-15   0.1702956624434492E-15
-0.8342950313870296E-16  -0.2002190682565453E-15
 0.2397888219298166E-15   0.4620963729840872E-16
-0.6150297234478514E-16   0.1144311435968934E-15
 0.2211636906598868E-15   0.3055485009971493E-15
-0.1304512053934559E-14  -0.2303712776097200E-14
-0.5848360374788247E-16   0.3065932203667807E-16
-0.1609736427931452E-14  -0.2722013794824846E-14
-0.6475014349038653E-01  -0.1482290810904221E+00
-0.5522202308024273E+00  -0.1264168586491824E+01
 0.5665564786312708E-16  -0.2705713441869145E-16
-0.5332123647186906E-16  -0.1302579060579469E-15
 0.6938893903907228E-16   0.7285838599102590E-15
 0.9996344030316351E-16  -0.5421010862427522E-16
-0.8528064720240512E+00   0.1203082944289885E+01
 0.1927277781810233E-14  -0.1332267629550188E-14
-0.1382472966399845E-14  -0.1506027968349935E-14
 0.1255900001389407E+00   0.3631517545131323E-01
-0.1594855873891424E-01  -0.4611630768044234E-02
 0.3358254610949863E-15  -0.6157964210813359E-15
 0.1153707425868327E-14  -0.2998901580086667E-15
 0.1475747761289528E-15   0.1470897390906750E-15
 0.2738404339298867E-15   0.1413414765003459E-14
 0.8429563487170237E-16  -0.1610788798086851E-14
 0.1303578623626685E-14   0.2480689298997672E-14
 0.1665334536937735E-15   0.3660266534311063E-15
-0.1976821722788840E-14  -0.6632686668872536E-14
-0.1022694614387904E-13  -0.1827011109291659E-13
-0.5522202308024278E+00  -0.1264168586491826E+01
 0.6475014349038624E-01   0.1482290810904218E+00
-0.2347448594611526E-14   0.2064214394451879E-14
-0.1723987953229536E-15   0.4817948112443818E-15
-0.3469446951953614E-17  -0.6158268339717665E-16
 0.2596122102016540E-15  -0.7332188241976345E-15
 0.1734723475976807E-15  -0.1847480501915300E-15
-0.8528064720240504E+00   0.1203082944289883E+01
-0.1492549733244257E-15  -0.3306237024471804E-15
-0.1063453267511058E-14   0.3092006171113099E-15
 0.7154371532859710E-15   0.8051986449280182E-16
 0.2411092168795373E-16  -0.8617908325342696E-15
-0.3330669073875459E-15  -0.9298117831235692E-15
-0.2329154265097941E+00   0.6091019163426981E-01
-0.4996003610813189E-15   0.4163336342344327E-15
 0.2775557561562889E-15  -0.4163336342344336E-15
 0.1511178875047082E-01   0.3043753873884775E+00
-0.4274521524879329E-15  -0.1211439689116595E-14
-0.3555142779101458E-15   0.6096212885011668E-15
 0.2939827762728574E+00   0.1096233078913960E+01
 0.2220446049250232E-15   0.9853229343548314E-15
-0.2743578451736963E-14  -0.6809626782286542E-14
 0.7035359291373544E-15   0.9604594216089460E-15
 0.4749283505304743E+00  -0.4395214406710696E+00
 0.1040834085586086E-15  -0.1387778780781457E-16
 0.3419833456536504E-15   0.6846382250018014E-16
-0.5925093795416777E-15  -0.1413716784201339E-15
-0.3325286059445499E-16  -0.2466236557227956E-15
 0.2245269090331416E-14  -0.5155886693691215E-15
-0.1205245840524886E+01   0.1188587263316178E+01
-0.9034167536416515E-15   0.1138803303503469E-14
 0.1019208588137849E-14  -0.2713589104746128E-15
-0.4712660533117731E-15   0.5727065850517184E-15
-0.2516409863625567E-14   0.1360403186360721E-14
-0.2487835614435099E+00   0.1251570579033052E+00
-0.1047772979489991E-14  -0.5377642775528135E-16
-0.1862766232245507E-01  -0.5951395057768647E-01
-0.1445321525963601E+00  -0.6101284240041245E+00
 0.8985867605559861E-15  -0.1113692471577110E-14
-0.5328088056537177E-15   0.3609736935330536E-15
 0.2389200876255223E-16   0.3136006891797150E-15
 0.1387778780781437E-16   0.1247266179227324E-14
 0.4840918914367704E+00  -0.1115798871209971E+01
-0.9192452693723723E-14   0.1608177256856970E-13
-0.5462345920490086E-15   0.3782986889395989E-15
 0.1075528555105620E-15  -0.1322726650432315E-15
 0.9698933570847393E-01  -0.1279920243865672E+00
-0.1606112060471114E-15   0.4479468207572407E-16
-0.1316469248183688E-15  -0.4493429850379168E-15
 0.5918754760662325E-15   0.8391664685631445E-16
 0.3267898011026055E-14   0.3833974359970107E-16
 0.4649058915617835E-15   0.2792904796322664E-15
-0.2160025450258663E+01   0.9776058543295030E+00
 0.9332872355340055E-15   0.1710067016133048E-15
 0.2755432612853170E-15   0.2498942446067765E-15
 0.1126635079202972E-15   0.1555795034862976E-17
 0.9835099540858892E-15  -0.7610530260754116E-17
-0.1443289932012704E-14   0.7910339050454242E-15
-0.3060918531465631E-01   0.1291398783424246E+00
-0.5551115123125784E-15  -0.1526556658859590E-15
-0.3885780586188048E-15  -0.2359223927328458E-15
 0.4740346116452707E-01   0.2217764597976573E+00
 0.6623544300804437E-16  -0.1740233386237768E-16
-0.1194592764307515E-14  -0.5768071349490301E-15
-0.2779646004318627E+00  -0.3071089069351555E+00
-0.2775557561562862E-16  -0.2289834988289387E-15
 0.3663861825758808E-15   0.4752674839524246E-15
-0.8891672520356004E-16   0.2081041732234200E-15
 0.5164691582396918E+00  -0.5577261523623105E+00
 0.2359223927328458E-15  -0.4649058915617843E-15
 0.1260570464587455E-14   0.2156586415472082E-15
-0.8596896693526691E-16  -0.1963358002731959E-15
-0.7092303251299138E-16  -0.8064170842282021E-16
 0.1889095623417630E-14   0.6029482365526680E-15
-0.3360852603576412E+00  -0.1587755107516855E+00
 0.1873501354054952E-15  -0.1500535806719938E-15
-0.1749735164830247E+01   0.3712294881008624E+00
