-5.6847581684071997e+00
-5.6859197636725298e+00
-5.6870324624361395e+00
-5.6880982085976584e+00
-5.6891189289643522e+00
-5.6900964158794611e+00
-5.6910324118556073e+00
-5.6919285754777142e+00
-5.6927865512637252e+00
-5.6936078708090516e+00
-5.6943940237963950e+00
-5.6951464291840566e+00
-5.6958664937018364e+00
-5.6965555287095428e+00
-5.6972147975011396e+00
-5.6978455519353624e+00
-5.6984489595095420e+00
-5.6990261554224464e+00
-5.6995782212428674e+00
-5.7001062276890995e+00
-5.7006111735162897e+00
-5.7010940201644997e+00
-5.7015557184994039e+00
-5.7019971553666622e+00
-5.7024191917143643e+00
-5.7028226469932930e+00
-5.7032083304465555e+00
-5.7035769964966772e+00
-5.7039293766542762e+00
-5.7042661665484893e+00
-5.7045880521110206e+00
-5.7048956724055140e+00
-5.7051896409083902e+00
-5.7054705619123354e+00
-5.7057389981411166e+00
-5.7059954941240587e+00
-5.7062405668750920e+00
-5.7064747250685501e+00
-5.7066984421125966e+00
-5.7069121717579323e+00
-5.7071163601317867e+00
-5.7073114223010180e+00
-5.7074977593696294e+00
-5.7076757518010410e+00
-5.7078457734330277e+00
-5.7080081720031988e+00
-5.7081632805627454e+00
-5.7083114262726333e+00
-5.7084529134544644e+00
-5.7085880360511858e+00
-5.7087170728284171e+00
-5.7088402975728254e+00
-5.7089579650066575e+00
-5.7090703211659175e+00
-5.7091775994182132e+00
-5.7092800289476076e+00
-5.7093778230484862e+00
-5.7094711860327081e+00
-5.7095603185392179e+00
-5.7096454073456613e+00
-5.7097266328783061e+00
-5.7098041663309171e+00
-5.7098781757939445e+00
-5.7099488177904361e+00
