-8.7444104687348613e+01
-8.8932452054644585e+01
-9.0054464215616321e+01
-9.0888657339800460e+01
-9.1502708604389767e+01
-9.1950271214398995e+01
-9.2272494693471288e+01
-9.2500535922430970e+01
-9.2657871930679363e+01
-9.2762175281912789e+01
-9.2826768787471181e+01
-9.2861721794266430e+01
-9.2874666423263591e+01
-9.2871404614412612e+01
-9.2856358754904321e+01
-9.2832908014560743e+01
-9.2803640385608446e+01
-9.2770542583343826e+01
-9.2735145492263314e+01
-9.2698636642045471e+01
-9.2661949616815335e+01
-9.2625838176471277e+01
-9.2590938002504956e+01
-9.2557815678339210e+01
-9.2526993583633526e+01
-9.2498924177973109e+01
-9.2473901904127842e+01
-9.2451970059406534e+01
-9.2432919910020104e+01
-9.2416388759425359e+01
-9.2401972699093818e+01
-9.2389297129942108e+01
-9.2378044770098001e+01
-9.2367959507175641e+01
-9.2358839314448957e+01
-9.2350526396245584e+01
-9.2342897774004797e+01
-9.2223638212300187e+01
