-1.1010417400229877e-01
-1.4097656231969724e-01
-1.6977825575267680e-01
-1.9667508699797120e-01
-2.2181645070379608e-01
-2.4533727171673414e-01
-2.6735969598722353e-01
-2.8799454948547099e-01
-3.0734260201251740e-01
-3.2549566606084945e-01
-3.4253755551192921e-01
-3.5854492466233401e-01
-3.7358800462025332e-01
-3.8773125132964514e-01
-4.0103391722155424e-01
-4.1355055665008700e-01
-4.2533147375739144e-01
-4.3642312016081386e-01
-4.4686844881209453e-01
-4.5670722950242315e-01
-4.6597633074584233e-01
-4.7470997214208110e-01
-4.8293995077877305e-01
-4.9069584476713024e-01
-4.9800519660265097e-01
-5.0489367869332169e-01
-5.1138524309547284e-01
-5.1750225723432364e-01
-5.2326562715841374e-01
-5.2869490967927990e-01
-5.3380841457636330e-01
-5.3862329789912289e-01
-5.4315564727030241e-01
-5.4742055998391037e-01
-5.5143221461236602e-01
-5.5520393664457324e-01
-5.5874825893739233e-01
-5.6207697715177651e-01
-5.6520120084123526e-01
-5.6813140048649036e-01
-5.7087745084015218e-01
-5.7344867089511187e-01
-5.7585386076067024e-01
-5.7810133570397626e-01
-5.8019895759101292e-01
-5.8215416394090580e-01
-5.8397399478880074e-01
-5.8566511753599315e-01
-5.8723384995127514e-01
-5.8868618147376028e-01
-5.9002779295535845e-01
-5.9126407496976296e-01
-5.9240014480464942e-01
-5.9344086224428161e-01
-5.9439084424115329e-01
-5.9525447856725422e-01
-5.9603593652816977e-01
-5.9673918481650545e-01
-5.9736799657470963e-01
-5.9792596173163259e-01
-5.9841649667177210e-01
-5.9884285329114972e-01
-5.9920812748917229e-01
-5.9951526714163039e-01
-5.9976707959604392e-01
-5.9996623872690780e-01
-6.0011529158521504e-01
-6.0021666467343060e-01
-6.0027266987443917e-01
-6.0028551006026842e-01
-6.0025728440424797e-01
-6.0018999341204837e-01
-6.0008554372731227e-01
-5.9994575263740946e-01
-5.9977235242049554e-01
-5.9956699445309569e-01
-5.9933125313036406e-01
-5.9906662960453461e-01
-5.9877455535266966e-01
-5.9845639558370578e-01
-5.9811345249395920e-01
-5.9774696837950048e-01
-5.9735812861294735e-01
-5.9694806449168358e-01
-5.9651785596375473e-01
-5.9606853423728667e-01
-5.9560108427860969e-01
-5.9511644720389612e-01
-5.9461552256861161e-01
-5.9409917055869688e-01
-5.9356821408708127e-01
-5.9302344079855751e-01
-5.9246560498608103e-01
-5.9189542942091222e-01
-5.9131360709893077e-01
-5.9072080290519624e-01
-5.9011765519867798e-01
-5.8950477731813922e-01
-5.8888275901207821e-01
-5.8825216779236000e-01
-5.8761355021392081e-01
-5.8696743308125854e-01
-5.8631432458293808e-01
-5.8565471535516056e-01
-5.8498907947555046e-01
-5.8431787538833468e-01
-5.8364154676212787e-01
-5.8296053694640038e-01
-5.8227523512177815e-01
-5.8158605869979940e-01
-5.8089339952847441e-01
-5.8019763801161806e-01
-5.7949914359642596e-01
-5.7879827520663607e-01
-5.7809538162387208e-01
-5.7739080181998814e-01
-5.7668486524337625e-01
-5.7597789206238681e-01
-5.7527019336924479e-01
-5.7456207134779125e-01
-5.7385381940864855e-01
-5.7314572229543859e-01
-5.7243805616564780e-01
-5.7173108864980182e-01
-5.7102507889261467e-01
-5.7032027757959958e-01
-5.6961692695263944e-01
-5.6891526081782662e-01
