-0.1686728119203741E+00   0.2563655482847167E+01
 0.1091229927026504E+01   0.5032284742212431E+00
 0.1734752279655607E+01   0.3281728094198549E+01
-0.1259019789113844E-16   0.4736713339471694E-15
 0.1774954070986315E-14   0.1510518238757397E-14
 0.5771451700620588E+00   0.3007005533205310E+01
 0.2798294115234009E-14   0.4658792052592055E-14
-0.1280984759788055E-14  -0.3042747474240004E-14
-0.2833020276704623E-15   0.2892109295105082E-16
 0.5771451700620458E+00   0.3007005533205253E+01
-0.2449513220009576E+00   0.2441194305879938E+00
 0.1644112730890121E-01  -0.2299182778815459E+00
-0.1296145993862599E-15  -0.8232975017411284E-15
 0.1633575101742723E-15  -0.1945967411356008E-14
 0.1424403456134456E+00   0.1233691950759115E+01
 0.1938048974114949E+00   0.1270707062201275E+01
 0.1957632331994907E+00   0.6527376853322874E+00
-0.7792094884045187E-15  -0.1406626437482643E-14
-0.1649796302114093E-14  -0.1605774459699061E-13
 0.3632402414772030E-01   0.7350568932247702E+00
 0.2186237419214423E+01   0.1372138671995344E+02
 0.5846405527640945E-17   0.1056330344005892E-15
-0.5501683514539751E-15  -0.2721671719090212E-15
-0.6950757783783725E+00  -0.1352285435304225E+00
 0.1944804372644259E-02   0.3783660299288696E-03
 0.6202444747835241E-15  -0.9183965637507261E-16
-0.1173509411869842E-14  -0.1754720448295910E-14
 0.5755621512058534E+00   0.2340805041765531E+01
-0.2529507467052522E-14   0.5292804490408580E-15
 0.8453576176889204E-15   0.3536322926163520E-16
-0.1944804372644191E-02  -0.3783660299282397E-03
-0.6950757783783642E+00  -0.1352285435304187E+00
-0.1538356636726776E-15   0.2462715059222673E-15
-0.2255208824303663E-14   0.2714566946294694E-14
 0.5393905808115395E-17  -0.4422189611025252E-16
 0.5755621512058552E+00   0.2340805041765522E+01
 0.4062175972436202E-01   0.4801839265839746E+00
 0.6729192666770135E-01   0.1458608394012573E-01
-0.1992102123207655E-14  -0.6153063165333981E-15
 0.5621124304117312E-15  -0.2832995579675309E-14
-0.3861784479047353E+00  -0.4496179994588692E-01
 0.1817564247321638E+00   0.1534293816249449E+01
 0.2731198777231525E-14   0.3201867546233649E-14
-0.1359874119473159E-14  -0.5380450246301034E-15
-0.9438133095607055E+00   0.8866123846188780E+00
 0.9005263797267929E-01   0.5074130845158571E+00
-0.1989768737185444E+00  -0.3613732089376605E-01
 0.5301276146676596E-15   0.9453403479870901E-15
 0.5084337700133439E-15   0.1193567030999577E-15
-0.8043060504073542E-01  -0.1418880050254903E+00
-0.5358139872346634E+00  -0.1622934073415944E+01
 0.1147484264141882E-14   0.1088419782940374E-14
 0.3747949004259927E-15   0.9583626956830724E-17
-0.1541589544536667E+00  -0.3646041773263342E+00
-0.3380576054501114E+00   0.2954063705718505E+01
-0.2504434342365171E-15   0.3864227560457470E-15
-0.7897164522573553E-16  -0.7835729888301092E-16
 0.1018662377618011E-02   0.1955261236584659E-03
-0.6247138907224512E-01  -0.1199100782870681E-01
-0.3249938515599280E-15  -0.6254196475384976E-15
-0.1295918036669126E-14  -0.1068959001818581E-14
 0.1045900814204311E-01   0.1749774514117253E-03
-0.5474513518011184E+00  -0.9158769264646358E-02
 0.2736433378586235E-15  -0.1235226299883141E-15
-0.5649543495528954E-16   0.1166682506489430E-14
 0.4631673876108782E+00   0.1885909765426061E+01
 0.1016135444800473E-16  -0.8808467085352937E-15
 0.5757510018931823E-15  -0.4497066549446016E-15
 0.6247138907224363E-01   0.1199100782870793E-01
 0.1018662377618416E-02   0.1955261236580729E-03
-0.1114441973804288E-14  -0.1487661445665323E-14
 0.4913669341900660E-15   0.9493530134236610E-14
 0.5474513518011185E+00   0.9158769264644057E-02
 0.1045900814204314E-01   0.1749774514117391E-03
-0.2091076429071118E-15  -0.2486740120521829E-15
 0.1790976954934545E-14  -0.3291198498492419E-14
-0.4651227319962814E-16  -0.5074066167232160E-16
 0.4631673876108788E+00   0.1885909765426062E+01
-0.1956661600427192E-01  -0.1932836012073520E-03
-0.2260518171485771E+00  -0.1853881855984649E+00
-0.7327397000153706E-15  -0.1805280516195903E-15
-0.1141899095609980E-14   0.1078749400598242E-14
-0.3927767987558088E+00  -0.4675038551862110E+00
 0.8520188588614257E-01  -0.1255909391571543E+01
-0.3302455701603092E-15   0.1248195856453166E-15
 0.1253649329355804E-14   0.1018025370029912E-15
 0.2866560709469488E+00  -0.7959228966153439E-02
 0.2625694813784802E+00   0.6110921550071713E+00
 0.1497426382726464E-16  -0.4376833565275224E-16
-0.5538273150751625E-15  -0.2027331631062397E-14
 0.1144359457853711E+00   0.1358933868033384E+01
-0.1133411920459260E+00  -0.1179934504355342E+00
-0.1998286818294788E+00  -0.1966013009400686E+00
-0.4713882597833808E-15  -0.5294617536178576E-15
 0.1079272239657937E-14  -0.1822152425897731E-14
-0.6845743787379939E-01   0.3070932777745665E-01
-0.1311179823698995E-01   0.1522859828650773E+01
 0.6741363737971146E-15  -0.1975925904979532E-15
-0.1201501741065895E-14   0.3142663322290260E-15
-0.1266749998918675E+00   0.1280774065429900E+00
 0.5175647590050420E-02  -0.6346622635999598E+00
-0.2038652960958097E-15  -0.2742790131810916E-15
-0.1905171218149380E-14   0.2289834304565846E-14
 0.6301159051696441E+00   0.6918684125316606E-01
-0.3926558928143781E+00   0.1256987667526221E+01
 0.3793213149124151E-15  -0.2086967480330389E-15
 0.3992302529836653E-16   0.2687099733895745E-15
 0.9263745782730923E-05  -0.1363408451154831E-04
 0.2016911114313145E-01  -0.2968425216978585E-01
 0.1030819426527657E-15  -0.2426294570256353E-15
-0.5948853526347509E-15  -0.7089681468273807E-15
 0.3737376877673964E-03  -0.1476928949373567E-04
-0.1598079300234662E+00   0.6315257088471197E-02
 0.4563533105105027E-15  -0.4526329718303347E-16
 0.5007332824938144E-15   0.5046695496485183E-15
-0.3508665789493037E+00   0.7840266252908341E-01
 0.5882450728506988E-02  -0.1314459190419712E-02
-0.2262840931972068E-15  -0.2783808357079580E-15
 0.6684847477963229E-16   0.3657215338932974E-15
 0.1799131329497167E+00   0.1604836042281916E+01
-0.5783717832269093E-15   0.7778710552866827E-15
-0.1076697929178093E-14  -0.1497882077079530E-14
 0.2016911114313153E-01  -0.2968425216978549E-01
-0.9263745782455942E-05   0.1363408451297032E-04
-0.7703005681215044E-15   0.5239997444427958E-16
-0.6292383690762611E-15   0.4185980430028455E-14
-0.1598079300234662E+00   0.6315257088470096E-02
-0.3737376877675356E-03   0.1476928949340889E-04
-0.1354374218342930E-14   0.3221474327077462E-15
 0.1071387948357617E-14  -0.1586334847000185E-14
 0.5882450728507025E-02  -0.1314459190419781E-02
 0.3508665789493040E+00  -0.7840266252908284E-01
 0.1765359860908172E-14  -0.8681086460455613E-15
-0.1894107199102714E-14  -0.1308457441428562E-14
-0.1081627192325851E-15   0.1973247953923618E-16
 0.1799131329497179E+00   0.1604836042281917E+01
-0.4245315552937625E-15   0.4366124215173802E-15
 0.4608041832162097E-15  -0.5491040349288985E-15
 0.2235080562090608E-02  -0.1948415622112707E-02
-0.1386503016972768E+00   0.1208674167811319E+00
-0.1749600776970110E-15   0.3709043757794369E-16
-0.1111026842816756E-14   0.6933736961617232E-16
-0.1983932086312680E-02  -0.2620081297612600E-02
 0.1048639789679235E+00   0.1384886871796903E+00
-0.1059180766082976E-15  -0.1734848431496702E-15
-0.2268005337147507E-15   0.1500298806809177E-15
 0.2312500902878128E+00   0.9783258607032960E-01
-0.4295281390301136E-04  -0.1817160312409681E-04
-0.6458048841311169E-15  -0.1369151624400710E-16
 0.1726360002911743E-16  -0.6533801574236157E-16
-0.8156252229412818E-01  -0.6696629355433573E-01
 0.1352282010329787E-02   0.1110280941845073E-02
-0.1321125733802587E+01   0.7158537463408478E+00
-0.4338599581885550E-15   0.4598143981688305E-16
-0.7415168756165050E-15   0.7137880285647325E-16
 0.1386503016972777E+00  -0.1208674167811325E+00
 0.2235080562090928E-02  -0.1948415622112755E-02
-0.2641082393561016E-15  -0.2809822688189719E-15
 0.1626751689507420E-14   0.2324172856459826E-14
-0.1048639789679239E+00  -0.1384886871796906E+00
-0.1983932086312483E-02  -0.2620081297612840E-02
-0.6732713582248280E-16  -0.1877822410485372E-15
 0.6622455369464883E-15  -0.4550859819900850E-15
 0.4295281390262977E-04   0.1817160312394861E-04
 0.2312500902878132E+00   0.9783258607032894E-01
 0.1849247853198972E-14  -0.3519187326887165E-16
 0.6053967681876429E-15   0.7505741632410237E-15
 0.1352282010329783E-02   0.1110280941845206E-02
 0.8156252229413066E-01   0.6696629355433649E-01
-0.8754254916462644E-16  -0.1133160676836803E-16
-0.1321125733802580E+01   0.7158537463408440E+00
 0.4209727528807331E+00  -0.1366529562224457E+00
-0.6319773150730063E-01   0.2945964090674684E+00
 0.3013734404570186E-15  -0.2012384017398351E-16
-0.8305587613204406E-15   0.1633412458035902E-15
 0.2977733965328899E+00   0.1130916077704988E+00
 0.4089550385348218E+00   0.6028152802091166E+00
-0.8004291995272017E-16  -0.6775244768124258E-15
-0.2928482419969476E-15  -0.2460068808261212E-15
 0.1586007292368742E+00   0.2045192076856798E+00
 0.5875325144996856E+00  -0.1354566665761714E+00
 0.3374731249532468E-15  -0.1857858922261920E-15
-0.1064707777106482E-14   0.5511261616361961E-15
 0.4942264619211537E+00   0.4415537848790122E+00
-0.5789549089054218E-01   0.8692295322548510E-01
-0.3427835081591163E-15  -0.3759224584409175E-16
-0.8902911857482789E-16   0.2734794613169762E-15
-0.4170653309995583E-15  -0.6274976910335009E-15
 0.3576042368879262E-15   0.7886063084335483E-15
-0.2526300684423940E+00   0.1612813426169505E+01
-0.4509484292544411E+00   0.2176391783031534E+00
 0.7570785598156911E-01  -0.1761258349618610E+00
-0.3889251222926075E-15   0.4615040218603412E-15
-0.3005037574707374E-16  -0.1405408239077649E-15
 0.1873757596554728E-01   0.2731801980291506E+00
-0.1527287353917645E+00  -0.5721776357875539E+00
 0.6760182942612919E-15   0.2170525782927666E-15
 0.7236193156001163E-15   0.9990202304659016E-16
-0.2821707625791406E+00  -0.1467071834895304E+00
-0.2394574610592608E+00   0.2710814061363644E+00
 0.1987862128215724E-15  -0.3430825642519038E-15
 0.4639079521571057E-15  -0.6487048118988274E-15
-0.9004345090397087E-01   0.2118758619707315E+00
 0.3501673646849416E+00   0.9148085557158454E-01
 0.7859787258732389E-15  -0.1809420369681413E-15
 0.9262708983678363E-15   0.4571952453638326E-15
-0.6858867963355320E-15   0.4900211182780769E-15
 0.6831832556359209E-15  -0.1666758346549039E-15
 0.5552758094059673E+00  -0.2948932482814802E+00
-0.1382801371888237E+01   0.7753808382877410E+00
-0.1573217560985462E-15   0.1156028642330557E-15
-0.2920174152195980E-15   0.2060210323879701E-15
-0.4786775226578702E-16   0.3514956418939998E-16
 0.1375901173891923E-15  -0.1084763129054971E-15
-0.2870953114651223E-15   0.1997121804233879E-15
-0.2096008820638302E-15   0.1538792015845120E-15
 0.8099744146468408E-16  -0.5848471231680633E-16
 0.1650730628022394E-16  -0.8370070405060323E-17
-0.7948462058500551E-16   0.5558450786830417E-16
 0.1184247319281583E-16  -0.1241372991042879E-16
-0.8807110290342469E-16   0.5914573809208102E-16
-0.1241963263231652E-15   0.8961761327272538E-16
-0.9002279471477784E-16   0.6332122787092389E-16
-0.9606679847660396E-17   0.5322456796743609E-17
-0.7803676704170295E-16   0.5645927060526962E-16
 0.4154952922657780E-16  -0.2921284145604295E-16
-0.3845171685016060E-16   0.2673271736809567E-16
 0.3352262000197865E-16  -0.2252961902811342E-16
-0.2887772186878514E-16   0.1850058340587065E-16
-0.1884802960016110E-15   0.1360920413622243E-15
-0.1167403069821013E+01   0.8309386699770356E+00
 0.4505980529324803E-15  -0.3130301000148526E-14
 0.6959131017704103E-15   0.1563262372991232E-15
 0.8358604349356013E-16  -0.6908271553867746E-16
-0.5219636130470888E-15   0.5059859662096670E-15
 0.4809820463973358E-15  -0.1097252125634364E-14
 0.1286516097707404E-13  -0.2883984355678449E-14
-0.1459238362675754E-16  -0.7259888546314335E-17
-0.2242511181526526E-15   0.4508814965194269E-15
-0.4052779662061330E-15  -0.1269613858587100E-14
-0.3249014807714187E-14  -0.3792916355811859E-14
 0.8417711004592409E-16   0.2243089262497882E-15
 0.1136868217785903E-15  -0.7304374129469252E-16
-0.1019434554806316E-14   0.3175279496927605E-15
 0.1400705775891742E-14   0.3570991406780955E-16
 0.1597513891232760E-15   0.1009827148009327E-15
-0.5100652854453317E-16   0.2738227213656823E-16
 0.6627019125332773E-16  -0.1460958630252856E-15
 0.7813669374347018E-18   0.3416488052422564E-17
 0.5065917218636560E-15   0.2003476133829704E-14
-0.1299529740828842E-14  -0.1452681000620132E-14
 0.6898252911339341E-16  -0.4891129294089419E-16
-0.1167403069821014E+01   0.8309386699770352E+00
-0.4816086749270502E-01   0.9446639152173868E+00
-0.1802406304396710E+00  -0.6044621626213448E-01
 0.2897857916463708E-16   0.1339834596275307E-14
 0.5177146002837137E-14  -0.5011976543952745E-14
-0.1493404482147337E+00   0.3084069189957019E+00
-0.3951810645387263E+01   0.9020524930953218E+00
-0.1226247879120592E-14   0.1175809147100774E-15
-0.3274325167005220E-14   0.3308357094888879E-14
 0.2347806940885006E-01   0.4675822437176793E+00
 0.9477484497485481E+00   0.1206739367797354E+01
-0.9084333688153540E-15   0.2374804678312863E-14
-0.5235541334722002E-14  -0.1691351282078856E-15
 0.3577902822125588E+00  -0.1334893383903231E+00
-0.4780920749040050E+00   0.3760646316709165E-01
-0.9039253032565649E-15   0.8605023877781760E-15
-0.1550305943460427E-14   0.4331060903592862E-15
-0.1546745202098464E-14   0.1247348260121669E-14
-0.9962681009299647E-15  -0.6669385803980370E-15
-0.1541594045172652E+00  -0.5981549873666319E+00
 0.3103591748903453E+00   0.4986923245556747E+00
 0.1221093123774339E-15  -0.8948333145705970E-16
 0.1651955658926356E-13  -0.1447400931033629E-13
-0.6229963216065153E+01   0.5395155750465841E+01
-0.1526183795446577E-14   0.1058663736174446E-14
 0.4550445953777738E-15  -0.3145280352760013E-15
 0.9649973075419609E-02  -0.9526922766942886E-02
-0.2278805206995283E+00   0.2249747334865730E+00
-0.1190420169549645E-15   0.6797388689461423E-16
 0.4938750953036320E-15  -0.1639527752798531E-15
 0.4742167511605127E-02  -0.1019067913412462E-01
-0.1050314921715993E+00   0.2257073865652611E+00
-0.1096949800856424E-15  -0.1635905500355339E-15
-0.1846707526901349E-15  -0.1605679881154325E-15
 0.3426591381525665E-02   0.1449347114129458E+00
 0.8916882706993135E-04   0.3771578452011031E-02
 0.2980741717917617E-16  -0.4326057941374190E-16
 0.2402643016028075E-15  -0.1143928965198655E-15
 0.6282659340541447E-01   0.6989849261251867E-01
-0.2689403566253870E-02  -0.2992128732729875E-02
-0.5898773498950041E-01  -0.1019973829981652E-01
-0.1545978369909633E-02  -0.2673195502941825E-03
 0.1022364035561418E-15  -0.3649897721187244E-16
 0.1242707955075484E-15  -0.2498580966599536E-15
 0.1375765498754533E-16  -0.9544466681819528E-17
 0.7621242211175479E-16  -0.8820570845930535E-16
 0.1052259061670451E-14  -0.8419688879318473E-15
-0.1250026346672427E+01   0.8725922186906699E+00
 0.4274470161470163E-15  -0.1820570745416198E-14
 0.2885188021551862E-15   0.2942106802767416E-15
 0.2278805206995303E+00  -0.2249747334865747E+00
 0.9649973075420204E-02  -0.9526922766943526E-02
-0.2338102047251754E-15  -0.3363280854790229E-15
 0.6323740362362711E-14  -0.6213005587688385E-15
 0.1050314921716001E+00  -0.2257073865652625E+00
 0.4742167511605142E-02  -0.1019067913412450E-01
 0.3722601360760060E-15  -0.1292970791342498E-14
-0.1367420618350942E-14  -0.1818960246461184E-14
-0.8916882706899720E-04  -0.3771578452011433E-02
 0.3426591381525354E-02   0.1449347114129462E+00
-0.1245859093698878E-15   0.2781336092545757E-16
 0.7984755006555437E-15   0.2251124243900116E-15
-0.2689403566254573E-02  -0.2992128732729703E-02
-0.6282659340541387E-01  -0.6989849261251925E-01
 0.1545978369910029E-02   0.2673195502939763E-03
-0.5898773498950047E-01  -0.1019973829981657E-01
-0.3979887987296303E-16   0.1358992451345316E-14
-0.4279717115683685E-15  -0.6449463464947290E-15
 0.4608861260488443E-16  -0.3162631458054087E-16
-0.2270249963764790E-16   0.1731528640431161E-16
 0.7203815598333296E-14  -0.7379725062734395E-14
-0.2354887118638518E-15   0.1782428371566170E-15
-0.1250026346672430E+01   0.8725922186906728E+00
-0.1918199363639305E+00   0.3035933205963526E+00
 0.1467234991959882E+00  -0.6992233216601360E-01
-0.2416220098152184E-15   0.3384915058405259E-15
-0.1973089920612593E-15  -0.6118571394484325E-15
-0.1005714199539264E+00  -0.1422570537750798E-01
-0.5679092617879703E+00   0.2310760902164616E+00
-0.2261892475687084E-15   0.1923806526543147E-16
 0.1752896044105520E-16   0.4680638555418723E-15
 0.6874160792676699E-02   0.8289871342068063E-01
 0.3056935046274288E+00  -0.1185596036892041E+00
 0.1063815941844172E-16  -0.1128041217622912E-15
-0.1344083283785239E-14   0.6763259570028765E-15
 0.1150060067258375E+00  -0.1121606411250450E+00
-0.1253756791956184E+00   0.2166493003921214E+00
 0.7741222847040836E-16  -0.2432387593209375E-15
-0.3778381836203240E-15   0.8308154401395876E-15
-0.4626276223756931E-15   0.1642827545262360E-15
-0.1526725168251220E-15   0.3645505994793288E-16
 0.4696753241531261E-01   0.7917228469174580E-02
 0.6250788711141453E-01   0.1025092175549359E+00
-0.1262004953905417E-17   0.1642509394786366E-17
 0.2867697426945283E-14  -0.1224412875523557E-14
-0.9138357067697339E+00   0.4177509878351688E+00
 0.2630997324673602E-15  -0.1156704547390557E-15
 0.1363630962276861E-14  -0.7380781977537177E-15
-0.1442844817965619E+01   0.8378318792648145E+00
 0.1531896093412827E-15  -0.5016009646229734E-15
 0.7046381813018895E-15  -0.1135557809240304E-15
-0.9560419403161893E-01   0.5110402947153291E-01
 0.8392205137036649E-02  -0.4485948582051219E-02
 0.9098712875294321E-15  -0.3008200517843801E-15
 0.1429145448749390E-14  -0.2390681138654786E-15
 0.4604593816441956E-01   0.2919508998699051E-01
-0.3912149455859781E-02  -0.2480469721314913E-02
-0.2449051678778292E-15  -0.7016465921160742E-16
-0.8273685935262112E-15  -0.5027459707455422E-15
-0.1197786806983387E-01  -0.1017747666665154E-02
-0.1149110672884746E+00  -0.9763880343730017E-02
-0.8658753085855965E-15   0.4580628585907710E-15
-0.4506372635566505E-15  -0.2186385065655827E-15
-0.4756589970309966E-02  -0.6128079202158005E-02
 0.5447439881707563E-01   0.7018125012344746E-01
 0.5765395256759211E-01  -0.3552366250266046E-01
 0.5541079779255770E+00  -0.3414153569919223E+00
 0.5994881996882715E-16   0.2382372903882476E-15
-0.1100057478237064E-14  -0.1782682184487505E-15
 0.3588749788355038E-16  -0.2414550700700836E-16
-0.7524760811567237E-16  -0.5257862695177476E-16
 0.2317982708084264E-14  -0.2398872099567331E-14
 0.1938620599492134E-01  -0.1279513775716078E-01
 0.1484249265585315E+00  -0.9796230280491126E-01
 0.3302157157786741E-15  -0.2964587398831113E-15
-0.1707463559799717E+01   0.3833120760434013E+00
-0.2020393287266934E-15   0.3160910707945750E-16
-0.6613010396114303E-15   0.1999989839457084E-15
 0.8392205137037451E-02  -0.4485948582051463E-02
 0.9560419403161782E-01  -0.5110402947153253E-01
 0.2535227158348447E-15  -0.2044392289800809E-16
 0.1700174607104124E-15  -0.9054546691321077E-16
-0.3912149455859732E-02  -0.2480469721314952E-02
-0.4604593816441999E-01  -0.2919508998699030E-01
 0.1278305695510695E-16   0.2403871389474204E-16
 0.1374454273369802E-15   0.5908496868534975E-16
-0.1149110672884742E+00  -0.9763880343730146E-02
 0.1197786806983423E-01   0.1017747666665109E-02
 0.5685196347077358E-15  -0.1535298084230358E-15
-0.4102806675025615E-18  -0.7251888738272547E-16
-0.5447439881707749E-01  -0.7018125012344675E-01
-0.4756589970309846E-02  -0.6128079202158067E-02
 0.5541079779255800E+00  -0.3414153569919232E+00
-0.5765395256759190E-01   0.3552366250266040E-01
 0.3749840179796236E-15  -0.2033734411429985E-15
 0.1825171163353727E-15  -0.2859181095682130E-17
-0.1270543894799403E-16   0.9516069340020979E-17
 0.4737527330958601E-16  -0.1912004575204631E-15
 0.4678753721894982E-17   0.2187854804071818E-15
 0.1484249265585304E+00  -0.9796230280491088E-01
-0.1938620599492117E-01   0.1279513775716066E-01
 0.7350520696798079E-16   0.2821531793314988E-17
 0.5893451959088081E-15  -0.1089352132804811E-15
-0.1707463559799713E+01   0.3833120760434008E+00
 0.7582099755707111E-01   0.9850935499486840E-01
-0.8922365078025828E-01   0.3453875962964665E-02
-0.1728601046202851E-16   0.1984938873375678E-15
 0.5909021505555494E-15  -0.1038512138907284E-14
-0.1410221166484238E-01   0.8085095410694980E-01
-0.4453239158828323E+00   0.3398153870472613E+00
 0.7047135661351725E-15  -0.1543733561434347E-15
-0.1110285715539650E-14   0.8976510466645201E-15
-0.3107677549965622E+00   0.1694982369709344E+00
 0.1759739525082739E-01   0.1672527606145406E+00
-0.6830297493321035E-15   0.4717699187689230E-15
-0.5829284013433170E-15   0.2036524427447390E-15
 0.2241539742484214E+00  -0.1494709862590644E+00
-0.2661894795261996E+00   0.1851282836068235E+00
-0.1717920982136826E-15  -0.1158959240647735E-15
-0.8673609750224605E-15   0.5796633926022806E-15
 0.6126197279914917E-15   0.9553895969680896E-16
 0.8386764004084244E-16  -0.9861665369273169E-16
-0.1174180193831491E+00  -0.3757465042274626E-01
 0.2461853989924324E+00  -0.4838323307352461E-01
 0.9282689775140346E-16  -0.6645892185660176E-16
-0.1924740827226131E-15  -0.2569248353829504E-14
-0.9143582770041432E-02   0.7718749005901481E+00
-0.4655033751219016E-16   0.4608557151657036E-16
-0.1640877573951457E-15  -0.1168810963644537E-14
 0.1034262417067058E+00   0.5393374052776817E-01
-0.3754319582845519E-16  -0.3461253336921576E-15
-0.5146126962068706E-16  -0.6536579794643447E-17
-0.1615338833058014E+01   0.3595927083406658E+00
-0.2086713411660112E+00   0.1562043467110560E+00
 0.9694499211725364E-01  -0.4532351266819016E-01
-0.3533154269367160E-16   0.2228707210549939E-15
-0.1000984165163729E-14  -0.5868895468245566E-16
-0.1318646518418541E+00   0.2989965331731340E-01
 0.2159157630455739E-01  -0.7262838163180622E-01
 0.6372493317197319E-15  -0.2539493803008754E-15
 0.1860354479434166E-15   0.2167790273615353E-15
-0.3185276157676832E+00   0.1378656516546677E+00
-0.1678792306964565E+00   0.1205699304880110E+00
 0.6301090602457005E-16   0.5967883747634490E-16
-0.1670958143712443E-15  -0.9074628789897733E-16
-0.2398190422185958E-01   0.3275313460451329E-01
 0.8558032673507054E-01  -0.8738111244687437E-01
 0.5866217044813172E-15   0.1464488438317939E-16
-0.3705111831865833E-15  -0.1970962935439526E-15
 0.1916253652227718E-15   0.1995274469675884E-15
 0.3387007950175530E-16  -0.9754312066163656E-16
 0.2686242429728463E+00  -0.1242441333561288E+00
-0.6894391201298284E+00   0.2106000584789441E+00
 0.2942703443082946E-17  -0.2614664276247721E-17
-0.2984987264103086E-14  -0.1380637309246607E-14
 0.6760658827386998E+00   0.4058177146101939E+00
-0.2593710028082235E-15   0.6975430880827289E-17
-0.6708289005800937E-15  -0.7246831285266298E-15
 0.8303805828316066E-01   0.1311837427627213E+00
-0.2546452574836352E-15  -0.2550421402004211E-15
-0.2996479790189501E-15   0.3633163239403007E-16
-0.8635423298078698E-01  -0.2163556229053577E-01
-0.2138927852570454E+01   0.2653605270274707E+00
 0.1175615525332633E+00   0.2563655482847167E+01
 0.8091977386883985E+00   0.5032284742212431E+00
 0.1708915966335065E+01   0.3281728094198549E+01
 0.8630700844446919E-16   0.4736713339471694E-15
 0.1501775859469524E-14   0.1510518238757397E-14
 0.6952190915378560E+00   0.3007005533205310E+01
 0.2826892677104546E-14   0.4658792052592055E-14
-0.1313672896688859E-14  -0.3042747474240004E-14
-0.6345293214471415E-16   0.2892109295105082E-16
 0.6952190915378409E+00   0.3007005533205253E+01
-0.1065815867958109E+00   0.2441194305879938E+00
-0.4152814635989145E-01  -0.2299182778815459E+00
-0.1086166823246944E-15  -0.8232975017411284E-15
-0.1469809374230373E-15  -0.1945967411356008E-14
 0.1614064306169572E+00   0.1233691950759115E+01
 0.1823383592490612E+00   0.1270707062201275E+01
 0.3090756713789997E+00   0.6527376853322874E+00
-0.7093152771328334E-15  -0.1406626437482643E-14
-0.2693234354169846E-14  -0.1605774459699061E-13
 0.1318643174114444E+00   0.7350568932247702E+00
 0.3356132874106583E+01   0.1372138671995344E+02
-0.2148171021795142E-15   0.1056330344005892E-15
-0.2594826118069823E-15  -0.2721671719090212E-15
-0.4970666494214500E+00  -0.1352285435304225E+00
 0.1390779859349845E-02   0.3783660299288696E-03
 0.3404579365923187E-15  -0.9183965637507261E-16
-0.1298872699355532E-14  -0.1754720448295910E-14
 0.5932767011899197E+00   0.2340805041765531E+01
-0.2088559609084153E-14   0.5292804490408580E-15
 0.6768210190574474E-15   0.3536322926163520E-16
-0.1390779859349694E-02  -0.3783660299282397E-03
-0.4970666494214442E+00  -0.1352285435304187E+00
-0.1466415290026441E-15   0.2462715059222673E-15
-0.1184080266842454E-14   0.2714566946294694E-14
-0.1412173329662368E-16  -0.4422189611025252E-16
 0.5932767011899206E+00   0.2340805041765522E+01
 0.9645696190679567E-01   0.4801839265839746E+00
-0.3654333708513946E-01   0.1458608394012573E-01
-0.1364029830317750E-14  -0.6153063165333981E-15
-0.1389778346015017E-16  -0.2832995579675309E-14
-0.3009583306962944E+00  -0.4496179994588692E-01
 0.3798467123624062E+00   0.1534293816249449E+01
 0.2937241454572788E-14   0.3201867546233649E-14
-0.1267814942908043E-14  -0.5380450246301034E-15
-0.9473511581602871E+00   0.8866123846188780E+00
 0.5789059090583118E-01   0.5074130845158571E+00
-0.7344257812692678E-01  -0.3613732089376605E-01
 0.9840360255159472E-16   0.9453403479870901E-15
 0.9773901829754913E-15   0.1193567030999577E-15
-0.1125374863747756E+00  -0.1418880050254903E+00
-0.6608023032120601E+00  -0.1622934073415944E+01
 0.7754382435874193E-15   0.1088419782940374E-14
-0.2232181185005544E-16   0.9583626956830724E-17
-0.1116412802072204E+00  -0.3646041773263342E+00
-0.3618282388613543E+00   0.2954063705718505E+01
 0.4529013397167156E-16   0.3864227560457470E-15
-0.1345982016784991E-15  -0.7835729888301092E-16
-0.1256139670093786E-02   0.1955261236584659E-03
 0.7703513134843940E-01  -0.1199100782870681E-01
-0.3537900439577117E-15  -0.6254196475384976E-15
-0.1017227132627000E-14  -0.1068959001818581E-14
 0.9368492388684781E-02   0.1749774514117253E-03
-0.4903709561050293E+00  -0.9158769264646358E-02
 0.2426031395990809E-15  -0.1235226299883141E-15
-0.2394739427209839E-15   0.1166682506489430E-14
 0.3977802032242161E+00   0.1885909765426061E+01
 0.1392765499075381E-15  -0.8808467085352937E-15
 0.2655396530515508E-15  -0.4497066549446016E-15
-0.7703513134844155E-01   0.1199100782870793E-01
-0.1256139670093392E-02   0.1955261236580729E-03
-0.7536243848112371E-15  -0.1487661445665323E-14
 0.1850143889386295E-14   0.9493530134236610E-14
 0.4903709561050298E+00   0.9158769264644057E-02
 0.9368492388684780E-02   0.1749774514117391E-03
-0.2089826312686040E-15  -0.2486740120521829E-15
 0.1512625647635875E-14  -0.3291198498492419E-14
-0.7340048707726865E-16  -0.5074066167232160E-16
 0.3977802032242169E+00   0.1885909765426062E+01
-0.2565453342404157E-01  -0.1932836012073520E-03
-0.2797797293098346E+00  -0.1853881855984649E+00
-0.6657857789308222E-15  -0.1805280516195903E-15
-0.1079754038827708E-14   0.1078749400598242E-14
-0.3873540753041698E+00  -0.4675038551862110E+00
-0.3842621351014352E-01  -0.1255909391571543E+01
-0.2346398280342118E-15   0.1248195856453166E-15
 0.1065920320009967E-14   0.1018025370029912E-15
 0.2369357701897206E+00  -0.7959228966153439E-02
 0.3117371945433984E+00   0.6110921550071713E+00
-0.1579767689386257E-16  -0.4376833565275224E-16
-0.8667790740817418E-15  -0.2027331631062397E-14
 0.7372691463448673E-01   0.1358933868033384E+01
-0.8617191683464918E-01  -0.1179934504355342E+00
-0.1795238601512280E+00  -0.1966013009400686E+00
-0.6756832703559182E-15  -0.5294617536178576E-15
 0.1043166712255072E-14  -0.1822152425897731E-14
-0.7633719576980488E-01   0.3070932777745665E-01
 0.1265209432348537E+00   0.1522859828650773E+01
 0.2851642621083978E-15  -0.1975925904979532E-15
-0.9568599689552209E-15   0.3142663322290260E-15
-0.4460340571443476E-01   0.1280774065429900E+00
-0.6444489348076643E-01  -0.6346622635999598E+00
-0.1580791214463263E-15  -0.2742790131810916E-15
-0.1626398048577687E-14   0.2289834304565846E-14
 0.6243535581171068E+00   0.6918684125316606E-01
-0.4748402041489445E+00   0.1256987667526221E+01
 0.4512402517133103E-15  -0.2086967480330389E-15
 0.3705121122877116E-16   0.2687099733895745E-15
 0.5067301515337380E-04  -0.1363408451154831E-04
 0.1103257471182085E+00  -0.2968425216978585E-01
 0.4440315875368006E-16  -0.2426294570256353E-15
-0.4485854270336493E-15  -0.7089681468273807E-15
 0.2050736726532016E-03  -0.1476928949373567E-04
-0.8768823750367781E-01   0.6315257088471197E-02
 0.3188573322964779E-15  -0.4526329718303347E-16
 0.4019945835747443E-15   0.5046695496485183E-15
-0.3861329590822903E+00   0.7840266252908341E-01
 0.6473708933053886E-02  -0.1314459190419712E-02
-0.2344377045253986E-15  -0.2783808357079580E-15
 0.7512356306466347E-16   0.3657215338932974E-15
 0.2496775442363097E-01   0.1604836042281916E+01
-0.5953274173029638E-15   0.7778710552866827E-15
-0.1073610201937790E-14  -0.1497882077079530E-14
 0.1103257471182096E+00  -0.2968425216978549E-01
-0.5067301515326060E-04   0.1363408451297032E-04
-0.8352892663402415E-15   0.5239997444427958E-16
-0.2491661704892670E-15   0.4185980430028455E-14
-0.8768823750367781E-01   0.6315257088470096E-02
-0.2050736726533102E-03   0.1476928949340889E-04
-0.9724390198696777E-15   0.3221474327077462E-15
 0.8317389172133757E-15  -0.1586334847000185E-14
 0.6473708933053959E-02  -0.1314459190419781E-02
 0.3861329590822908E+00  -0.7840266252908284E-01
 0.1871092761234238E-14  -0.8681086460455613E-15
-0.1641381586420343E-14  -0.1308457441428562E-14
-0.8618052018544153E-16   0.1973247953923618E-16
 0.2496775442363205E-01   0.1604836042281917E+01
 0.6535517943098029E-16   0.4366124215173802E-15
 0.3006645529446811E-15  -0.5491040349288985E-15
 0.6063512329731284E-03  -0.1948415622112707E-02
-0.3761420631192309E-01   0.1208674167811319E+00
-0.1033470540068160E-15   0.3709043757794369E-16
-0.7173787769930908E-15   0.6933736961617232E-16
-0.2501746375239736E-02  -0.2620081297612600E-02
 0.1322339010927580E+00   0.1384886871796903E+00
 0.2054491009170901E-16  -0.1734848431496702E-15
-0.3721284759963839E-15   0.1500298806809177E-15
 0.2320668851651959E+00   0.9783258607032960E-01
-0.4310452687454898E-04  -0.1817160312409681E-04
-0.6540987305977193E-15  -0.1369151624400710E-16
 0.4106404451053480E-16  -0.6533801574236157E-16
-0.6428128762446660E-01  -0.6696629355433573E-01
 0.1065764353656589E-02   0.1110280941845073E-02
-0.1257831191930690E+01   0.7158537463408478E+00
-0.4394008675195099E-15   0.4598143981688305E-16
-0.7233643023255860E-15   0.7137880285647325E-16
 0.3761420631192366E-01  -0.1208674167811325E+00
 0.6063512329733690E-03  -0.1948415622112755E-02
-0.1843324955164877E-15  -0.2809822688189719E-15
 0.1706089800974576E-14   0.2324172856459826E-14
-0.1322339010927582E+00  -0.1384886871796906E+00
-0.2501746375239535E-02  -0.2620081297612840E-02
-0.1292835477917388E-15  -0.1877822410485372E-15
 0.6888324929525715E-15  -0.4550859819900850E-15
 0.4310452687414049E-04   0.1817160312394861E-04
 0.2320668851651962E+00   0.9783258607032894E-01
 0.1689845389292119E-14  -0.3519187326887165E-16
 0.6298428128798384E-15   0.7505741632410237E-15
 0.1065764353656595E-02   0.1110280941845206E-02
 0.6428128762446869E-01   0.6696629355433649E-01
-0.8463383802375517E-16  -0.1133160676836803E-16
-0.1257831191930685E+01   0.7158537463408440E+00
 0.1741462380788067E+00  -0.1366529562224457E+00
-0.9433850437394443E-01   0.2945964090674684E+00
 0.1768936228563773E-15  -0.2012384017398351E-16
-0.6995565584293467E-15   0.1633412458035902E-15
 0.2532532143165077E+00   0.1130916077704988E+00
 0.3869470168076978E+00   0.6028152802091166E+00
 0.4292621371454211E-15  -0.6775244768124258E-15
-0.8836754151346723E-16  -0.2460068808261212E-15
-0.1633164066503486E-01   0.2045192076856798E+00
 0.6103100937340965E+00  -0.1354566665761714E+00
 0.4553319151256991E-15  -0.1857858922261920E-15
-0.1243995614483992E-14   0.5511261616361961E-15
 0.4048814413219626E+00   0.4415537848790122E+00
 0.5989953864337162E-01   0.8692295322548510E-01
-0.2291816797933547E-15  -0.3759224584409175E-16
 0.2177017817060982E-15   0.2734794613169762E-15
-0.2645444557331471E-15  -0.6274976910335009E-15
 0.3128172169627153E-15   0.7886063084335483E-15
-0.4230532309345669E+00   0.1612813426169505E+01
-0.1943501611699948E+00   0.2176391783031534E+00
-0.6050308311716011E-01  -0.1761258349618610E+00
-0.4278012163925985E-15   0.4615040218603412E-15
-0.4255193784475310E-15  -0.1405408239077649E-15
 0.9488096441988794E-01   0.2731801980291506E+00
-0.9848145394766693E-01  -0.5721776357875539E+00
 0.3552239246324030E-15   0.2170525782927666E-15
 0.5161335515209573E-15   0.9990202304659016E-16
-0.1567959561871331E+00  -0.1467071834895304E+00
-0.1740688273378841E+00   0.2710814061363644E+00
 0.1358595603117999E-15  -0.3430825642519038E-15
 0.4073050418420149E-15  -0.6487048118988274E-15
-0.6785911495165592E-01   0.2118758619707315E+00
 0.2743322745250698E+00   0.9148085557158454E-01
 0.6473499151715983E-15  -0.1809420369681413E-15
 0.7494547135842829E-15   0.4571952453638326E-15
-0.6910739628980336E-15   0.4900211182780769E-15
 0.6474220021578962E-15  -0.1666758346549039E-15
 0.4355113524025627E+00  -0.2948932482814802E+00
-0.1244878849043512E+01   0.7753808382877410E+00
-0.1489095454294721E-15   0.1156028642330557E-15
-0.2741402309007903E-15   0.2060210323879701E-15
-0.4534212740581971E-16   0.3514956418939998E-16
 0.1337433286079455E-15  -0.1084763129054971E-15
-0.2685400301165118E-15   0.1997121804233879E-15
-0.1990846715550193E-15   0.1538792015845120E-15
 0.7658132044194041E-16  -0.5848471231680633E-16
 0.1437545986204669E-16  -0.8370070405060323E-17
-0.7436563274984318E-16   0.5558450786830417E-16
 0.1260185692395296E-16  -0.1241372991042879E-16
-0.8154718311792985E-16   0.5914573809208102E-16
-0.1174303591536116E-15   0.8961761327272538E-16
-0.8447905405094145E-16   0.6332122787092389E-16
-0.8537625454398956E-17   0.5322456796743609E-17
-0.7378178074063738E-16   0.5645927060526962E-16
 0.3894812770076433E-16  -0.2921284145604295E-16
-0.3592733957357691E-16   0.2673271736809567E-16
 0.3113484661580250E-16  -0.2252961902811342E-16
-0.2646168144481453E-16   0.1850058340587065E-16
-0.1780897795619134E-15   0.1360920413622243E-15
-0.1099179901753185E+01   0.8309386699770356E+00
 0.1983660355424392E-14  -0.3130301000148526E-14
 0.4359283415943529E-16   0.1563262372991232E-15
 0.7254701544893919E-16  -0.6908271553867746E-16
-0.2030931328119589E-15   0.5059859662096670E-15
 0.5289069305535407E-15  -0.1097252125634364E-14
 0.8414738323191212E-14  -0.2883984355678449E-14
-0.1635292432205095E-16  -0.7259888546314335E-17
-0.9370734780181723E-16   0.4508814965194269E-15
-0.9769135994116863E-15  -0.1269613858587100E-14
-0.8318180724864640E-15  -0.3792916355811859E-14
 0.5938631206879029E-16   0.2243089262497882E-15
 0.1072094160356524E-15  -0.7304374129469252E-16
-0.2946988693941615E-15   0.3175279496927605E-15
 0.4385858077584487E-15   0.3570991406780955E-16
 0.9305155293183572E-16   0.1009827148009327E-15
-0.4693995281688220E-16   0.2738227213656823E-16
 0.1922617977385473E-15  -0.1460958630252856E-15
 0.2459395429561785E-17   0.3416488052422564E-17
-0.7640019119886910E-15   0.2003476133829704E-14
-0.6505542711827686E-16  -0.1452681000620132E-14
 0.6484203892125063E-16  -0.4891129294089419E-16
-0.1099179901753185E+01   0.8309386699770352E+00
-0.5139194131070370E+00   0.9446639152173868E+00
-0.1973276077673314E-01  -0.6044621626213448E-01
-0.1113720994973317E-14   0.1339834596275307E-14
 0.5388547713173223E-14  -0.5011976543952745E-14
-0.1478928645115111E+00   0.3084069189957019E+00
-0.2549780611257312E+01   0.9020524930953218E+00
-0.2049227525096784E-14   0.1175809147100774E-15
-0.3341052276257011E-14   0.3308357094888879E-14
 0.1941108059071414E+00   0.4675822437176793E+00
 0.2154148474238495E+00   0.1206739367797354E+01
-0.1637661586094211E-14   0.2374804678312863E-14
-0.3127472275965542E-14  -0.1691351282078856E-15
 0.1217262715860403E+00  -0.1334893383903231E+00
-0.1569164856032105E+00   0.3760646316709165E-01
-0.1090197265160966E-14   0.8605023877781760E-15
-0.7162562952993161E-15   0.4331060903592862E-15
-0.1916433425607738E-14   0.1247348260121669E-14
-0.5787832915817500E-15  -0.6669385803980370E-15
 0.1775385945519789E+00  -0.5981549873666319E+00
-0.2184252496460676E-01   0.4986923245556747E+00
 0.1158502314814244E-15  -0.8948333145705970E-16
 0.1972977743069533E-13  -0.1447400931033629E-13
-0.7159239153182230E+01   0.5395155750465841E+01
-0.8277878356015860E-15   0.1058663736174446E-14
 0.2097997426787323E-15  -0.3145280352760013E-15
 0.2778794588156945E-02  -0.9526922766942886E-02
-0.6562019942617543E-01   0.2249747334865730E+00
-0.1180100836666512E-15   0.6797388689461423E-16
 0.3125542013938385E-15  -0.1639527752798531E-15
 0.1742073453028966E-02  -0.1019067913412462E-01
-0.3858416510939180E-01   0.2257073865652611E+00
-0.1604992432410140E-15  -0.1635905500355339E-15
-0.5134053396816117E-16  -0.1605679881154325E-15
-0.6637491796528540E-02   0.1449347114129458E+00
-0.1727248137532931E-03   0.3771578452011031E-02
 0.9056637366122279E-16  -0.4326057941374190E-16
 0.1326758408883431E-15  -0.1143928965198655E-15
 0.2846589177598204E-01   0.6989849261251867E-01
-0.1218532896808711E-02  -0.2992128732729875E-02
 0.1012714143781362E-01  -0.1019973829981652E-01
 0.2654168975071607E-03  -0.2673195502941825E-03
 0.1349375070677625E-15  -0.3649897721187244E-16
 0.1397808895580035E-15  -0.2498580966599536E-15
 0.1283686035402431E-16  -0.9544466681819528E-17
 0.7903836139557438E-16  -0.8820570845930535E-16
 0.1128750686269553E-14  -0.8419688879318473E-15
-0.1167087000991760E+01   0.8725922186906699E+00
 0.1077203046145860E-14  -0.1820570745416198E-14
 0.1111268604279377E-15   0.2942106802767416E-15
 0.6562019942617521E-01  -0.2249747334865747E+00
 0.2778794588157554E-02  -0.9526922766943526E-02
-0.1142970070785902E-15  -0.3363280854790229E-15
 0.4178676640017142E-14  -0.6213005587688385E-15
 0.3858416510939214E-01  -0.2257073865652625E+00
 0.1742073453028954E-02  -0.1019067913412450E-01
-0.1334641868093422E-15  -0.1292970791342498E-14
-0.2305684462881861E-15  -0.1818960246461184E-14
 0.1727248137541560E-03  -0.3771578452011433E-02
-0.6637491796529022E-02   0.1449347114129462E+00
 0.6206597514797919E-16   0.2781336092545757E-16
 0.2611978529339694E-15   0.2251124243900116E-15
-0.1218532896809369E-02  -0.2992128732729703E-02
-0.2846589177598165E-01  -0.6989849261251925E-01
-0.2654168975067864E-03   0.2673195502939763E-03
 0.1012714143781347E-01  -0.1019973829981657E-01
-0.6067525128965734E-15   0.1358992451345316E-14
 0.4245102803259951E-16  -0.6449463464947290E-15
 0.4295900584637274E-16  -0.3162631458054087E-16
-0.2666879643788792E-16   0.1731528640431161E-16
 0.9094778318985221E-14  -0.7379725062734395E-14
-0.2419939248987648E-15   0.1782428371566170E-15
-0.1167087000991764E+01   0.8725922186906728E+00
-0.1688899430454357E+00   0.3035933205963526E+00
 0.1588210136554449E-01  -0.6992233216601360E-01
-0.2647367909894891E-15   0.3384915058405259E-15
-0.4836830876317366E-15  -0.6118571394484325E-15
-0.4343229944130238E-01  -0.1422570537750798E-01
-0.3343700776319782E+00   0.2310760902164616E+00
-0.1073494129030722E-15   0.1923806526543147E-16
 0.2917044586065314E-17   0.4680638555418723E-15
-0.2036074907940548E-01   0.8289871342068063E-01
 0.2279783818631757E+00  -0.1185596036892041E+00
-0.1192223973476189E-15  -0.1128041217622912E-15
-0.1109097475925575E-14   0.6763259570028765E-15
 0.4556046648799018E-01  -0.1121606411250450E+00
-0.1100105294286050E-01   0.2166493003921214E+00
-0.3703446215367810E-16  -0.2432387593209375E-15
-0.5970235000539232E-16   0.8308154401395876E-15
-0.3546096130740196E-15   0.1642827545262360E-15
-0.1629270465006439E-15   0.3645505994793288E-16
-0.8851267614193634E-01   0.7917228469174580E-02
 0.1084674954889828E+00   0.1025092175549359E+00
-0.1434277183428378E-17   0.1642509394786366E-17
 0.2935722173933379E-14  -0.1224412875523557E-14
-0.9578326993217290E+00   0.4177509878351688E+00
 0.2902223351344973E-15  -0.1156704547390557E-15
 0.1335193170699655E-14  -0.7380781977537177E-15
-0.1445500270855593E+01   0.8378318792648145E+00
 0.1869072591701391E-15  -0.5016009646229734E-15
 0.6559177979369074E-15  -0.1135557809240304E-15
 0.6049342976174803E-02   0.5110402947153291E-01
-0.5310156914625199E-03  -0.4485948582051219E-02
 0.7611895980882372E-15  -0.3008200517843801E-15
 0.7657784625242084E-15  -0.2390681138654786E-15
 0.7835150072601980E-01   0.2919508998699051E-01
-0.6656890773656783E-02  -0.2480469721314913E-02
-0.2755493729590432E-15  -0.7016465921160742E-16
-0.5125212201620699E-15  -0.5027459707455422E-15
-0.1030659793709383E-01  -0.1017747666665154E-02
-0.9887754332905034E-01  -0.9763880343730017E-02
-0.6407079482070436E-15   0.4580628585907710E-15
-0.4826288296398786E-15  -0.2186385065655827E-15
-0.2203945340407809E-02  -0.6128079202158005E-02
 0.2524047651653658E-01   0.7018125012344746E-01
 0.5147964624171574E-01  -0.3552366250266046E-01
 0.4947671653539938E+00  -0.3414153569919223E+00
-0.1263139622555472E-16   0.2382372903882476E-15
-0.9832099825387523E-15  -0.1782682184487505E-15
 0.3332570824802511E-16  -0.2414550700700836E-16
-0.8954046208280916E-16  -0.5257862695177476E-16
 0.2695626939259309E-14  -0.2398872099567331E-14
 0.1053425043120219E-01  -0.1279513775716078E-01
 0.8065246737860771E-01  -0.9796230280491126E-01
 0.3865231689509336E-15  -0.2964587398831113E-15
-0.1624634842580146E+01   0.3833120760434013E+00
-0.5610677590056492E-15   0.3160910707945750E-16
-0.5210253522007118E-15   0.1999989839457084E-15
-0.5310156914618609E-03  -0.4485948582051463E-02
-0.6049342976174984E-02  -0.5110402947153253E-01
 0.2521912490900589E-15  -0.2044392289800809E-16
 0.1754638178383977E-15  -0.9054546691321077E-16
-0.6656890773656747E-02  -0.2480469721314952E-02
-0.7835150072602014E-01  -0.2919508998699030E-01
 0.2815520500881918E-16   0.2403871389474204E-16
 0.1297331872052459E-15   0.5908496868534975E-16
-0.9887754332905013E-01  -0.9763880343730146E-02
 0.1030659793709419E-01   0.1017747666665109E-02
 0.5216841950577669E-15  -0.1535298084230358E-15
 0.4143202478394237E-16  -0.7251888738272547E-16
-0.2524047651653830E-01  -0.7018125012344675E-01
-0.2203945340407680E-02  -0.6128079202158067E-02
 0.4947671653539956E+00  -0.3414153569919232E+00
-0.5147964624171555E-01   0.3552366250266040E-01
 0.2847430554919756E-15  -0.2033734411429985E-15
 0.2456333072984093E-15  -0.2859181095682130E-17
-0.1205479144224844E-16   0.9516069340020979E-17
-0.8106920111853296E-16  -0.1912004575204631E-15
-0.5144512552488474E-16   0.2187854804071818E-15
 0.8065246737860673E-01  -0.9796230280491088E-01
-0.1053425043120201E-01   0.1279513775716066E-01
 0.3050550332102286E-16   0.2821531793314988E-17
 0.5825418272764615E-15  -0.1089352132804811E-15
-0.1624634842580143E+01   0.3833120760434008E+00
-0.4466664417898773E-02   0.9850935499486840E-01
-0.2260675658311466E-01   0.3453875962964665E-02
-0.1032361805622980E-15   0.1984938873375678E-15
 0.7947069368791131E-15  -0.1038512138907284E-14
-0.2826152923463326E-01   0.8085095410694980E-01
-0.3265516654571452E+00   0.3398153870472613E+00
 0.5892180547845211E-15  -0.1543733561434347E-15
-0.1065079833499717E-14   0.8976510466645201E-15
-0.2799631804275820E+00   0.1694982369709344E+00
-0.6174303616555523E-01   0.1672527606145406E+00
-0.6975830075184472E-15   0.4717699187689230E-15
-0.3395147185254925E-15   0.2036524427447390E-15
 0.2318785205529823E+00  -0.1494709862590644E+00
-0.2885081188675856E+00   0.1851282836068235E+00
-0.1018260365269834E-15  -0.1158959240647735E-15
-0.9484526879515230E-15   0.5796633926022806E-15
 0.5770548848876013E-15   0.9553895969680896E-16
 0.1320090019819145E-15  -0.9861665369273169E-16
-0.2524017399160122E-01  -0.3757465042274626E-01
 0.1817688627792248E+00  -0.4838323307352461E-01
 0.8752974251239512E-16  -0.6645892185660176E-16
-0.2063572216938815E-15  -0.2569248353829504E-14
-0.6081967196182187E-02   0.7718749005901481E+00
-0.1640564301239862E-16   0.4608557151657036E-16
-0.1099343718846641E-15  -0.1168810963644537E-14
 0.9678327222556070E-01   0.5393374052776817E-01
-0.3850870037154972E-16  -0.3461253336921576E-15
-0.6465987868405050E-16  -0.6536579794643447E-17
-0.1624561630557338E+01   0.3595927083406658E+00
-0.4664172685712885E-01   0.1562043467110560E+00
-0.5708874015122385E-01  -0.4532351266819016E-01
-0.6297906437575099E-17   0.2228707210549939E-15
-0.1380243333660618E-14  -0.5868895468245566E-16
-0.5292532270647267E-01   0.2989965331731340E-01
 0.7039738630458302E-01  -0.7262838163180622E-01
 0.6645846381173000E-15  -0.2539493803008754E-15
 0.8548683292628854E-16   0.2167790273615353E-15
-0.3041701150677186E+00   0.1378656516546677E+00
-0.5775679464256125E-01   0.1205699304880110E+00
-0.4879501422982834E-18   0.5967883747634490E-16
-0.4327997011255246E-15  -0.9074628789897733E-16
-0.4126645245552235E-01   0.3275313460451329E-01
 0.1295659450447637E+00  -0.8738111244687437E-01
 0.3691987058598681E-15   0.1464488438317939E-16
-0.1811435086345402E-15  -0.1970962935439526E-15
 0.3265583607475893E-15   0.1995274469675884E-15
-0.3231343889352148E-17  -0.9754312066163656E-16
 0.6804005260338062E-02  -0.1242441333561288E+00
-0.4282537669585009E+00   0.2106000584789441E+00
 0.2938662025153687E-17  -0.2614664276247721E-17
-0.2456878118235108E-14  -0.1380637309246607E-14
 0.5119297720101483E+00   0.4058177146101939E+00
-0.1989276326289704E-15   0.6975430880827289E-17
-0.6150794018123405E-15  -0.7246831285266298E-15
 0.1928440917853937E-01   0.1311837427627213E+00
-0.2244771966941245E-15  -0.2550421402004211E-15
-0.2865755040600481E-15   0.3633163239403007E-16
-0.8102009672105796E-01  -0.2163556229053577E-01
-0.2002375335802607E+01   0.2653605270274707E+00
 0.3187008178862278E+00   0.2563655482847167E+01
 0.6936728610439757E+00   0.5032284742212431E+00
 0.1268186045206934E+01   0.3281728094198549E+01
-0.1661043890668967E-15   0.4736713339471694E-15
 0.9478837690100904E-15   0.1510518238757397E-14
 0.9406495934275981E+00   0.3007005533205310E+01
 0.2854069761568005E-14   0.4658792052592055E-14
-0.1836086859415152E-14  -0.3042747474240004E-14
-0.1453915113303061E-15   0.2892109295105082E-16
 0.9406495934275780E+00   0.3007005533205253E+01
-0.1239148446245410E-01   0.2441194305879938E+00
-0.1363610044423168E+00  -0.2299182778815459E+00
-0.3995579134343951E-15  -0.8232975017411284E-15
-0.5595026891681935E-15  -0.1945967411356008E-14
 0.1136637502024973E+00   0.1233691950759115E+01
 0.7239644521035011E+00   0.1270707062201275E+01
 0.3324041389579183E+00   0.6527376853322874E+00
 0.2458477851753269E-15  -0.1406626437482643E-14
-0.5974472063678869E-14  -0.1605774459699061E-13
 0.3206854064005372E+00   0.7350568932247702E+00
 0.4492805385087397E+01   0.1372138671995344E+02
-0.2067859317464423E-15   0.1056330344005892E-15
-0.5308378549105977E-15  -0.2721671719090212E-15
-0.3420370421503450E+00  -0.1352285435304225E+00
 0.9570109560319260E-03   0.3783660299288696E-03
 0.2532865966823236E-15  -0.9183965637507261E-16
-0.5231169072207101E-16  -0.1754720448295910E-14
 0.5817203100074727E+00   0.2340805041765531E+01
-0.1372888810936826E-14   0.5292804490408580E-15
 0.5868178232907801E-15   0.3536322926163520E-16
-0.9570109560315116E-03  -0.3783660299282397E-03
-0.3420370421503413E+00  -0.1352285435304187E+00
-0.2318033510454274E-16   0.2462715059222673E-15
 0.1061698383166332E-14   0.2714566946294694E-14
-0.6109479241955816E-16  -0.4422189611025252E-16
 0.5817203100074735E+00   0.2340805041765522E+01
 0.2276886733406128E+00   0.4801839265839746E+00
 0.1109842774856979E+00   0.1458608394012573E-01
-0.7381486223732900E-15  -0.6153063165333981E-15
-0.3308136757844731E-15  -0.2832995579675309E-14
-0.2064867889248185E+00  -0.4496179994588692E-01
 0.4405529910572545E+00   0.1534293816249449E+01
 0.3027107919175915E-14   0.3201867546233649E-14
-0.1014969403278329E-14  -0.5380450246301034E-15
-0.8789255322052386E+00   0.8866123846188780E+00
-0.4765074673224026E-02   0.5074130845158571E+00
 0.9970055351216375E-01  -0.3613732089376605E-01
-0.1752568929556052E-15   0.9453403479870901E-15
 0.4540766166704288E-15   0.1193567030999577E-15
-0.1165483344763535E+00  -0.1418880050254903E+00
 0.6386555724994114E-01  -0.1622934073415944E+01
 0.7749550081815358E-15   0.1088419782940374E-14
-0.4191657795504589E-15   0.9583626956830724E-17
-0.1879084738140940E+00  -0.3646041773263342E+00
-0.1773868669018107E+00   0.2954063705718505E+01
-0.2036927436261989E-15   0.3864227560457470E-15
 0.2958230513668244E-15  -0.7835729888301092E-16
-0.1908404169261636E-03   0.1955261236584659E-03
 0.1170364803732925E-01  -0.1199100782870681E-01
-0.2847881977717445E-15  -0.6254196475384976E-15
 0.3475948898462712E-15  -0.1068959001818581E-14
 0.6114187087320110E-02   0.1749774514117253E-03
-0.3200322574244074E+00  -0.9158769264646358E-02
 0.1368610555891855E-15  -0.1235226299883141E-15
-0.4412228544249253E-15   0.1166682506489430E-14
 0.4447561573376797E+00   0.1885909765426061E+01
 0.3687910733290444E-15  -0.8808467085352937E-15
-0.3504211849559480E-16  -0.4497066549446016E-15
-0.1170364803733004E-01   0.1199100782870793E-01
-0.1908404169261018E-03   0.1955261236580729E-03
-0.5563853097076837E-15  -0.1487661445665323E-14
 0.1729765884773425E-14   0.9493530134236610E-14
 0.3200322574244071E+00   0.9158769264644057E-02
 0.6114187087320119E-02   0.1749774514117391E-03
-0.1828218091522756E-15  -0.2486740120521829E-15
 0.1082766074702936E-14  -0.3291198498492419E-14
-0.5898059818321144E-16  -0.5074066167232160E-16
 0.4447561573376805E+00   0.1885909765426062E+01
-0.6734657163154921E-01  -0.1932836012073520E-03
-0.2913331881577972E+00  -0.1853881855984649E+00
-0.5173916350802992E-15  -0.1805280516195903E-15
-0.7405644025434934E-15   0.1078749400598242E-14
-0.4007116030314792E+00  -0.4675038551862110E+00
-0.1279455224199554E+00  -0.1255909391571543E+01
-0.5565114414627670E-15   0.1248195856453166E-15
 0.7478647795011794E-15   0.1018025370029912E-15
 0.2722733026268562E+00  -0.7959228966153439E-02
 0.2187328564457889E+00   0.6110921550071713E+00
-0.1517164534621533E-15  -0.4376833565275224E-16
-0.6629292906748684E-15  -0.2027331631062397E-14
-0.3852782052150160E-01   0.1358933868033384E+01
-0.1055045627422898E+00  -0.1179934504355342E+00
-0.5368112391130976E+00  -0.1966013009400686E+00
-0.2961988676992682E-15  -0.5294617536178576E-15
 0.5451416736334199E-15  -0.1822152425897731E-14
-0.1033589562203626E+00   0.3070932777745665E-01
 0.2001126924111307E+00   0.1522859828650773E+01
-0.2522717361308462E-15  -0.1975925904979532E-15
-0.5108358801433635E-15   0.3142663322290260E-15
-0.1021645417119203E-01   0.1280774065429900E+00
 0.3825191091652925E-01  -0.6346622635999598E+00
 0.3106466626560043E-15  -0.2742790131810916E-15
-0.1111739953689768E-14   0.2289834304565846E-14
 0.5185587072141747E+00   0.6918684125316606E-01
-0.7126973947424053E+00   0.1256987667526221E+01
-0.2661107900961069E-15  -0.2086967480330389E-15
 0.6684535955004370E-15   0.2687099733895745E-15
-0.3318554139601369E-04  -0.1363408451154831E-04
-0.7225186101425089E-01  -0.2968425216978585E-01
 0.4843156469183363E-16  -0.2426294570256353E-15
-0.7878360174594618E-16  -0.7089681468273807E-15
-0.2828078374307987E-03  -0.1476928949373567E-04
 0.1209268868874371E+00   0.6315257088471197E-02
 0.1014817628698916E-15  -0.4526329718303347E-16
 0.1369336330340612E-15   0.5046695496485183E-15
-0.1835845296171761E+00   0.7840266252908341E-01
 0.3077884913470797E-02  -0.1314459190419712E-02
-0.1770095377446438E-15  -0.2783808357079580E-15
 0.3418096659848788E-15   0.3657215338932974E-15
-0.5833320125310629E-01   0.1604836042281916E+01
-0.4477753438485788E-15   0.7778710552866827E-15
-0.2026005221334773E-14  -0.1497882077079530E-14
-0.7225186101425188E-01  -0.2968425216978549E-01
 0.3318554139611392E-04   0.1363408451297032E-04
-0.6071159952331060E-15   0.5239997444427958E-16
 0.1760061825205522E-15   0.4185980430028455E-14
 0.1209268868874378E+00   0.6315257088470096E-02
 0.2828078374307175E-03   0.1476928949340889E-04
-0.8554330536345500E-17   0.3221474327077462E-15
 0.3703307185873435E-15  -0.1586334847000185E-14
 0.3077884913470861E-02  -0.1314459190419781E-02
 0.1835845296171771E+00  -0.7840266252908284E-01
 0.1632848282475238E-14  -0.8681086460455613E-15
-0.2052290055369602E-14  -0.1308457441428562E-14
-0.7237049501340742E-16   0.1973247953923618E-16
-0.5833320125310554E-01   0.1604836042281917E+01
 0.5076742977635594E-15   0.4366124215173802E-15
 0.7420163808696103E-16  -0.5491040349288985E-15
-0.8357658128850236E-03  -0.1948415622112707E-02
 0.5184563996045854E-01   0.1208674167811319E+00
 0.2390682697282344E-16   0.3709043757794369E-16
 0.3751572150681186E-15   0.6933736961617232E-16
-0.2922225645203910E-02  -0.2620081297612600E-02
 0.1544590214112280E+00   0.1384886871796903E+00
 0.1511292586957416E-15  -0.1734848431496702E-15
-0.5286031368678209E-15   0.1500298806809177E-15
 0.2286164249289463E+00   0.9783258607032960E-01
-0.4246363209166538E-04  -0.1817160312409681E-04
-0.7918443433253199E-15  -0.1369151624400710E-16
 0.2568991686977579E-15  -0.6533801574236157E-16
-0.2257505635667455E-01  -0.6696629355433573E-01
 0.3742876229750430E-03   0.1110280941845073E-02
-0.1205111127867172E+01   0.7158537463408478E+00
-0.3989482137673742E-15   0.4598143981688305E-16
-0.9099085556537341E-15   0.7137880285647325E-16
-0.5184563996045854E-01  -0.1208674167811325E+00
-0.8357658128848886E-03  -0.1948415622112755E-02
-0.1435101578272172E-15  -0.2809822688189719E-15
 0.1559279171715982E-14   0.2324172856459826E-14
-0.1544590214112281E+00  -0.1384886871796906E+00
-0.2922225645203712E-02  -0.2620081297612840E-02
-0.6433526130082099E-16  -0.1877822410485372E-15
 0.7206097950884308E-15  -0.4550859819900850E-15
 0.4246363209121986E-04   0.1817160312394861E-04
 0.2286164249289464E+00   0.9783258607032894E-01
 0.1476710304883683E-14  -0.3519187326887165E-16
 0.4771729023650817E-15   0.7505741632410237E-15
 0.3742876229750209E-03   0.1110280941845206E-02
 0.2257505635667649E-01   0.6696629355433649E-01
-0.8449153648861645E-16  -0.1133160676836803E-16
-0.1205111127867164E+01   0.7158537463408440E+00
 0.1297376160325963E+00  -0.1366529562224457E+00
 0.5324701965176839E-01   0.2945964090674684E+00
 0.2902071423235021E-15  -0.2012384017398351E-16
-0.7897736620583747E-17   0.1633412458035902E-15
 0.1489603800123315E+00   0.1130916077704988E+00
-0.7938874904479214E-01   0.6028152802091166E+00
 0.2983018293203375E-15  -0.6775244768124258E-15
 0.3780828165640622E-16  -0.2460068808261212E-15
 0.7029787160628933E-02   0.2045192076856798E+00
 0.4919888582436543E+00  -0.1354566665761714E+00
 0.5520792279339102E-15  -0.1857858922261920E-15
-0.9967326583919789E-15   0.5511261616361961E-15
 0.4287038334488926E+00   0.4415537848790122E+00
-0.9277320776215195E-01   0.8692295322548510E-01
-0.1243312040382697E-16  -0.3759224584409175E-16
-0.2015468753275881E-15   0.2734794613169762E-15
-0.1899648240350667E-15  -0.6274976910335009E-15
 0.2068635918851108E-15   0.7886063084335483E-15
-0.4326304489312142E+00   0.1612813426169505E+01
-0.1349488902564158E+00   0.2176391783031534E+00
-0.3407424793032143E+00  -0.1761258349618610E+00
-0.8035149807135963E-15   0.4615040218603412E-15
-0.7443532628681746E-15  -0.1405408239077649E-15
 0.9373718424302943E-01   0.2731801980291506E+00
 0.2059819479894823E+00  -0.5721776357875539E+00
-0.1462521638971158E-15   0.2170525782927666E-15
 0.4063185052708921E-15   0.9990202304659016E-16
 0.3762613608665291E-01  -0.1467071834895304E+00
-0.2711485937605835E+00   0.2710814061363644E+00
 0.1160732557641345E-15  -0.3430825642519038E-15
 0.8768875742005127E-15  -0.6487048118988274E-15
-0.1553625987599594E+00   0.2118758619707315E+00
 0.1349673083930504E+00   0.9148085557158454E-01
 0.6783092031609686E-15  -0.1809420369681413E-15
 0.2730130722113913E-15   0.4571952453638326E-15
-0.7265456358554504E-15   0.4900211182780769E-15
 0.5617503591084453E-15  -0.1666758346549039E-15
 0.2819303112814011E+00  -0.2948932482814802E+00
-0.1356353393355943E+01   0.7753808382877410E+00
-0.1410431858219826E-15   0.1156028642330557E-15
-0.2553479109838657E-15   0.2060210323879701E-15
-0.4299514035159815E-16   0.3514956418939998E-16
 0.1325923527260504E-15  -0.1084763129054971E-15
-0.2483474054125094E-15   0.1997121804233879E-15
-0.1895780000643905E-15   0.1538792015845120E-15
 0.7229437331744465E-16  -0.5848471231680633E-16
 0.1136318998526582E-16  -0.8370070405060323E-17
-0.6883389676978076E-16   0.5558450786830417E-16
 0.1441557122567894E-16  -0.1241372991042879E-16
-0.7386427095465482E-16   0.5914573809208102E-16
-0.1108594195457659E-15   0.8961761327272538E-16
-0.7861793458622873E-16   0.6332122787092389E-16
-0.7069487263813954E-17   0.5322456796743609E-17
-0.6960413316903353E-16   0.5645927060526962E-16
 0.3618066744811622E-16  -0.2921284145604295E-16
-0.3318838812740790E-16   0.2673271736809567E-16
 0.2837331833903306E-16  -0.2252961902811342E-16
-0.2346720259998311E-16   0.1850058340587065E-16
-0.1679504254532047E-15   0.1360920413622243E-15
-0.1029512938029781E+01   0.8309386699770356E+00
 0.1679088599811984E-14  -0.3130301000148526E-14
-0.6573495852956749E-15   0.1563262372991232E-15
 0.6969478162328033E-16  -0.6908271553867746E-16
-0.1404054885834682E-15   0.5059859662096670E-15
-0.9114505387110761E-16  -0.1097252125634364E-14
-0.4109476110737417E-14  -0.2883984355678449E-14
-0.2237441747888220E-16  -0.7259888546314335E-17
 0.1420392881191101E-15   0.4508814965194269E-15
-0.2500466937381817E-14  -0.1269613858587100E-14
 0.1880329377173347E-14  -0.3792916355811859E-14
 0.2245985622723745E-15   0.2243089262497882E-15
 0.1050233470193498E-15  -0.7304374129469252E-16
 0.1334256621101289E-14   0.3175279496927605E-15
-0.1504062365115176E-14   0.3570991406780955E-16
 0.1959986821662056E-15   0.1009827148009327E-15
-0.4999872918357621E-16   0.2738227213656823E-16
 0.3368094536334114E-15  -0.1460958630252856E-15
 0.6421913740126842E-17   0.3416488052422564E-17
-0.1769042404318340E-14   0.2003476133829704E-14
 0.1216239619792199E-14  -0.1452681000620132E-14
 0.6054794646688746E-16  -0.4891129294089419E-16
-0.1029512938029781E+01   0.8309386699770352E+00
-0.4167158009653648E+00   0.9446639152173868E+00
 0.2304172981329372E+00  -0.6044621626213448E-01
-0.1749017192412650E-14   0.1339834596275307E-14
 0.1483232619396440E-14  -0.5011976543952745E-14
 0.5118698128793268E-01   0.3084069189957019E+00
 0.1324691520610717E+01   0.9020524930953218E+00
-0.2857856906496735E-14   0.1175809147100774E-15
-0.2285713232729626E-14   0.3308357094888879E-14
 0.6908353011531662E+00   0.4675822437176793E+00
-0.6889374708660760E+00   0.1206739367797354E+01
-0.2147692571035769E-14   0.2374804678312863E-14
 0.1143539022281872E-14  -0.1691351282078856E-15
-0.3702917938361522E+00  -0.1334893383903231E+00
 0.4522526869550803E+00   0.3760646316709165E-01
-0.1292513043225951E-14   0.8605023877781760E-15
 0.8289664199652998E-15   0.4331060903592862E-15
-0.2061308356669206E-14   0.1247348260121669E-14
 0.2836461541160094E-15  -0.6669385803980370E-15
 0.5125929314137975E+00  -0.5981549873666319E+00
-0.3616879156832505E+00   0.4986923245556747E+00
 0.1101038653834274E-15  -0.8948333145705970E-16
 0.1937100417277594E-13  -0.1447400931033629E-13
-0.6946243179713439E+01   0.5395155750465841E+01
-0.7230873074926458E-15   0.1058663736174446E-14
 0.6531843165271461E-16  -0.3145280352760013E-15
 0.1533942700411498E-02  -0.9526922766942886E-02
-0.3622348565753181E-01   0.2249747334865730E+00
-0.1604138728478759E-15   0.6797388689461423E-16
-0.2368303682645745E-15  -0.1639527752798531E-15
-0.3648602659812190E-02  -0.1019067913412462E-01
 0.8081076443704588E-01   0.2257073865652611E+00
-0.3559489193911445E-15  -0.1635905500355339E-15
 0.1265185329689304E-15  -0.1605679881154325E-15
 0.8094898580381414E-01   0.1449347114129458E+00
 0.2106503318586954E-02   0.3771578452011031E-02
 0.1663287497590780E-15  -0.4326057941374190E-16
 0.1060793697865220E-15  -0.1143928965198655E-15
 0.8024297559266536E-01   0.6989849261251867E-01
-0.3434942641775296E-02  -0.2992128732729875E-02
 0.8649213909123593E-01  -0.1019973829981652E-01
 0.2266826760276400E-02  -0.2673195502941825E-03
 0.8496093956395437E-16  -0.3649897721187244E-16
 0.1600048183875065E-15  -0.2498580966599536E-15
 0.1183923446689508E-16  -0.9544466681819528E-17
 0.1641210575595947E-15  -0.8820570845930535E-16
 0.9939398343015680E-15  -0.8419688879318473E-15
-0.1038084638891862E+01   0.8725922186906699E+00
 0.8204985702860201E-15  -0.1820570745416198E-14
-0.9905098229912274E-16   0.2942106802767416E-15
 0.3622348565753185E-01  -0.2249747334865747E+00
 0.1533942700411941E-02  -0.9526922766943526E-02
-0.4332138870687089E-15  -0.3363280854790229E-15
-0.2195831782462943E-14  -0.6213005587688385E-15
-0.8081076443704616E-01  -0.2257073865652625E+00
-0.3648602659812194E-02  -0.1019067913412450E-01
-0.1356534231466915E-14  -0.1292970791342498E-14
 0.1331315702384643E-14  -0.1818960246461184E-14
-0.2106503318586148E-02  -0.3771578452011433E-02
 0.8094898580381381E-01   0.1449347114129462E+00
 0.8139582919420954E-15   0.2781336092545757E-16
-0.5494796522280063E-15   0.2251124243900116E-15
-0.3434942641775865E-02  -0.2992128732729703E-02
-0.8024297559266522E-01  -0.6989849261251925E-01
-0.2266826760276065E-02   0.2673195502939763E-03
 0.8649213909123560E-01  -0.1019973829981657E-01
-0.1031978717490225E-14   0.1358992451345316E-14
 0.6631435380821768E-15  -0.6449463464947290E-15
 0.3945250142224901E-16  -0.3162631458054087E-16
-0.3247426783847716E-16   0.1731528640431161E-16
 0.9366516029220025E-14  -0.7379725062734395E-14
-0.2250803710079909E-15   0.1782428371566170E-15
-0.1038084638891865E+01   0.8725922186906728E+00
-0.8681429837058699E-01   0.3035933205963526E+00
 0.8382494546039930E-01  -0.6992233216601360E-01
-0.1539103850752715E-15   0.3384915058405259E-15
-0.6576141638558679E-15  -0.6118571394484325E-15
 0.3754816157677927E-02  -0.1422570537750798E-01
-0.5870871743757500E-03   0.2310760902164616E+00
-0.4046737398534646E-15   0.1923806526543147E-16
 0.1393885226574867E-15   0.4680638555418723E-15
 0.1132275344915931E+00   0.8289871342068063E-01
-0.1283596040053971E+00  -0.1185596036892041E+00
-0.2925738848549969E-15  -0.1128041217622912E-15
 0.2553728389928828E-16   0.6763259570028765E-15
 0.2626829238065973E-01  -0.1121606411250450E+00
 0.4540861359850388E-01   0.2166493003921214E+00
-0.7696382992752054E-16  -0.2432387593209375E-15
 0.1991810922313243E-15   0.8308154401395876E-15
-0.2995219835047852E-15   0.1642827545262360E-15
-0.2060301287104592E-16   0.3645505994793288E-16
 0.1913227825406609E-01   0.7917228469174580E-02
 0.1612643791166398E+00   0.1025092175549359E+00
-0.1793734177959152E-17   0.1642509394786366E-17
 0.2547559247638889E-14  -0.1224412875523557E-14
-0.7999636241338197E+00   0.4177509878351688E+00
 0.2490327386499103E-15  -0.1156704547390557E-15
 0.1100539241688966E-14  -0.7380781977537177E-15
-0.1233410100832554E+01   0.8378318792648145E+00
 0.1238502695102945E-15  -0.5016009646229734E-15
 0.5766563836966519E-15  -0.1135557809240304E-15
 0.3600123567878599E-01   0.5110402947153291E-01
-0.3160214445229598E-02  -0.4485948582051219E-02
 0.6150254326071430E-15  -0.3008200517843801E-15
-0.9793216280261361E-15  -0.2390681138654786E-15
 0.1302462819401584E+00   0.2919508998699051E-01
-0.1106596892869222E-01  -0.2480469721314913E-02
-0.3956634065714789E-15  -0.7016465921160742E-16
-0.9521718130858802E-16  -0.5027459707455422E-15
-0.1313838580256553E-01  -0.1017747666665154E-02
-0.1260446288286334E+00  -0.9763880343730017E-02
-0.3390230859177911E-15   0.4580628585907710E-15
-0.6909873783751292E-15  -0.2186385065655827E-15
-0.2455811767996053E-02  -0.6128079202158005E-02
 0.2812495306606326E-01   0.7018125012344746E-01
 0.4687144078634353E-01  -0.3552366250266046E-01
 0.4504780352419117E+00  -0.3414153569919223E+00
-0.1455843109545149E-15   0.2382372903882476E-15
-0.8267924457067635E-15  -0.1782682184487505E-15
 0.3036543445637550E-16  -0.2414550700700836E-16
-0.1142786439266859E-15  -0.5257862695177476E-16
 0.2451778869509778E-14  -0.2398872099567331E-14
-0.3641444990369784E-02  -0.1279513775716078E-01
-0.2787967926288296E-01  -0.9796230280491126E-01
 0.3022826435011843E-15  -0.2964587398831113E-15
-0.1528699306755802E+01   0.3833120760434013E+00
-0.6867748412332487E-15   0.3160910707945750E-16
-0.3991566009729436E-15   0.1999989839457084E-15
-0.3160214445229049E-02  -0.4485948582051463E-02
-0.3600123567878592E-01  -0.5110402947153253E-01
 0.2370546806838174E-15  -0.2044392289800809E-16
 0.2706917457636502E-15  -0.9054546691321077E-16
-0.1106596892869221E-01  -0.2480469721314952E-02
-0.1302462819401584E+00  -0.2919508998699030E-01
 0.8160615003284022E-16   0.2403871389474204E-16
 0.7252759222006383E-16   0.5908496868534975E-16
-0.1260446288286331E+00  -0.9763880343730146E-02
 0.1313838580256594E-01   0.1017747666665109E-02
 0.4896267537990262E-15  -0.1535298084230358E-15
 0.7218912446190625E-16  -0.7251888738272547E-16
-0.2812495306606486E-01  -0.7018125012344675E-01
-0.2455811767995885E-02  -0.6128079202158067E-02
 0.4504780352419133E+00  -0.3414153569919232E+00
-0.4687144078634329E-01   0.3552366250266040E-01
 0.3005913560457827E-15  -0.2033734411429985E-15
 0.3053291245150109E-15  -0.2859181095682130E-17
-0.1145925477819372E-16   0.9516069340020979E-17
-0.2907859908288830E-15  -0.1912004575204631E-15
-0.6065133368312322E-16   0.2187854804071818E-15
-0.2787967926288348E-01  -0.9796230280491088E-01
 0.3641444990369970E-02   0.1279513775716066E-01
 0.2897410523917309E-16   0.2821531793314988E-17
 0.5828264303467390E-15  -0.1089352132804811E-15
-0.1528699306755798E+01   0.3833120760434008E+00
-0.2546925807613154E-01   0.9850935499486840E-01
-0.5255719947548687E-01   0.3453875962964665E-02
-0.2081246234191479E-15   0.1984938873375678E-15
 0.4124089312264058E-15  -0.1038512138907284E-14
-0.1588751036529611E-01   0.8085095410694980E-01
 0.3401870915671708E-01   0.3398153870472613E+00
 0.6770443467822123E-15  -0.1543733561434347E-15
-0.9257643709508368E-15   0.8976510466645201E-15
-0.2699469489091774E+00   0.1694982369709344E+00
-0.4640915875839199E-01   0.1672527606145406E+00
-0.6209217225468018E-15   0.4717699187689230E-15
-0.2292218063500518E-15   0.2036524427447390E-15
 0.2063497335446792E+00  -0.1494709862590644E+00
-0.3071426686911922E+00   0.1851282836068235E+00
 0.1657646025565134E-16  -0.1158959240647735E-15
-0.1050552583839654E-14   0.5796633926022806E-15
 0.6467655465112614E-15   0.9553895969680896E-16
 0.1583679544074091E-15  -0.9861665369273169E-16
-0.6205769172576215E-01  -0.3757465042274626E-01
 0.1220181873948510E+00  -0.4838323307352461E-01
 0.8221578952937662E-16  -0.6645892185660176E-16
-0.8712926786215260E-15  -0.2569248353829504E-14
 0.1743626103478654E+00   0.7718749005901481E+00
 0.2080843481839236E-16   0.4608557151657036E-16
-0.3934787074823628E-15  -0.1168810963644537E-14
 0.2399103028176595E-01   0.5393374052776817E-01
-0.1009167150858737E-15  -0.3461253336921576E-15
-0.8940175957692890E-16  -0.6536579794643447E-17
-0.1625083786584103E+01   0.3595927083406658E+00
 0.3382607700206934E-01   0.1562043467110560E+00
 0.5512773858554983E-01  -0.4532351266819016E-01
 0.1788673364119851E-15   0.2228707210549939E-15
-0.1100001937591402E-14  -0.5868895468245566E-16
-0.2078496543814906E-01   0.2989965331731340E-01
 0.8827881533071948E-01  -0.7262838163180622E-01
 0.3753266318656303E-15  -0.2539493803008754E-15
 0.1686743407080052E-16   0.2167790273615353E-15
-0.2167922170100808E+00   0.1378656516546677E+00
-0.2344237771027087E+00   0.1205699304880110E+00
-0.2154995439937925E-15   0.5967883747634490E-16
 0.1154173529274430E-15  -0.9074628789897733E-16
-0.4565718699685534E-02   0.3275313460451329E-01
 0.1701596260511380E+00  -0.8738111244687437E-01
 0.1343934884481121E-15   0.1464488438317939E-16
 0.5990757287146641E-16  -0.1970962935439526E-15
 0.3319662287354214E-15   0.1995274469675884E-15
 0.1361733067831000E-15  -0.9754312066163656E-16
 0.5535882997241739E-01  -0.1242441333561288E+00
-0.1842157164939836E+00   0.2106000584789441E+00
 0.3061230242300086E-17  -0.2614664276247721E-17
-0.1916407057179132E-14  -0.1380637309246607E-14
 0.3964407561283306E+00   0.4058177146101939E+00
-0.2057676725129790E-15   0.6975430880827289E-17
-0.4759439311163518E-15  -0.7246831285266298E-15
 0.1386401434571825E+00   0.1311837427627213E+00
-0.2733264398593681E-15  -0.2550421402004211E-15
-0.2315700900202561E-15   0.3633163239403007E-16
-0.1312624436216621E+00  -0.2163556229053577E-01
-0.1728503620010224E+01   0.2653605270274707E+00
 0.6233506050877384E+00   0.2563655482847167E+01
 0.5480368170720784E+00   0.5032284742212431E+00
 0.1624821050200669E+01   0.3281728094198549E+01
 0.1423088313779567E-15   0.4736713339471694E-15
 0.1248470023013006E-14   0.1510518238757397E-14
 0.1236674935965673E+01   0.3007005533205310E+01
 0.2855752077787661E-14   0.4658792052592055E-14
-0.1725351797012903E-14  -0.3042747474240004E-14
-0.7518942066186971E-16   0.2892109295105082E-16
 0.1236674935965647E+01   0.3007005533205253E+01
 0.1848949779232418E+00   0.2441194305879938E+00
 0.5686201192372629E-01  -0.2299182778815459E+00
-0.8313155988484534E-15  -0.8232975017411284E-15
-0.6650605554248875E-15  -0.1945967411356008E-14
-0.2634571362088982E+00   0.1233691950759115E+01
 0.7111694513941165E+00   0.1270707062201275E+01
 0.1790986689105973E+00   0.6527376853322874E+00
 0.1218357142325542E-14  -0.1406626437482643E-14
-0.4050550758589784E-14  -0.1605774459699061E-13
 0.2975228320741192E+00   0.7350568932247702E+00
 0.2762588574141035E+01   0.1372138671995344E+02
 0.1370039855284010E-15   0.1056330344005892E-15
 0.9881034246135655E-16  -0.2721671719090212E-15
-0.3502317364880100E+00  -0.1352285435304225E+00
 0.9799395026393362E-03   0.3783660299288696E-03
 0.2161100995007434E-15  -0.9183965637507261E-16
 0.8926864081261737E-15  -0.1754720448295910E-14
 0.7606077656849419E+00   0.2340805041765531E+01
-0.1056499335597559E-14   0.5292804490408580E-15
 0.5149338234925823E-15   0.3536322926163520E-16
-0.9799395026391269E-03  -0.3783660299282397E-03
-0.3502317364880051E+00  -0.1352285435304187E+00
 0.1328965687905035E-15   0.2462715059222673E-15
 0.2107602036660122E-14   0.2714566946294694E-14
 0.3180778123529350E-16  -0.4422189611025252E-16
 0.7606077656849397E+00   0.2340805041765522E+01
 0.2091734928527124E+00   0.4801839265839746E+00
-0.8262269186803517E-01   0.1458608394012573E-01
-0.7810992700408241E-15  -0.6153063165333981E-15
-0.9581808064024419E-16  -0.2832995579675309E-14
-0.6056510859965288E-01  -0.4496179994588692E-01
 0.2171401869123060E+00   0.1534293816249449E+01
 0.3762062470691172E-14   0.3201867546233649E-14
-0.1053097639058523E-14  -0.5380450246301034E-15
-0.8620280153077691E+00   0.8866123846188780E+00
 0.3315800925674307E+00   0.5074130845158571E+00
 0.1266470498550057E+00  -0.3613732089376605E-01
-0.2654598936687745E-16   0.9453403479870901E-15
-0.1535172963615288E-14   0.1193567030999577E-15
-0.1284269369509579E+00  -0.1418880050254903E+00
 0.1056817010200706E+01  -0.1622934073415944E+01
 0.4875318324695764E-17   0.1088419782940374E-14
-0.4042879109136186E-15   0.9583626956830724E-17
-0.7292782264620379E-02  -0.3646041773263342E+00
-0.5623215486264031E-01   0.2954063705718505E+01
-0.2522463576435240E-15   0.3864227560457470E-15
 0.2274463407313238E-15  -0.7835729888301092E-16
 0.1716641266046984E-02   0.1955261236584659E-03
-0.1052762591266566E+00  -0.1199100782870681E-01
-0.9183879322224004E-16  -0.6254196475384976E-15
 0.1733072737684056E-14  -0.1068959001818581E-14
 0.2029474371712623E-02   0.1749774514117253E-03
-0.1062279016471570E+00  -0.9158769264646358E-02
 0.2296246069063201E-15  -0.1235226299883141E-15
-0.3071554357275479E-15   0.1166682506489430E-14
 0.3139344917427203E+00   0.1885909765426061E+01
-0.4034084878044366E-15  -0.8808467085352937E-15
-0.7424803868618460E-16  -0.4497066549446016E-15
 0.1052762591266568E+00   0.1199100782870793E-01
 0.1716641266046695E-02   0.1955261236580729E-03
 0.1549105224443425E-16  -0.1487661445665323E-14
-0.6470906378764330E-15   0.9493530134236610E-14
 0.1062279016471580E+00   0.9158769264644057E-02
 0.2029474371712645E-02   0.1749774514117391E-03
-0.9689874813191548E-15  -0.2486740120521829E-15
 0.1016123540246935E-14  -0.3291198498492419E-14
-0.2049142105997604E-16  -0.5074066167232160E-16
 0.3139344917427208E+00   0.1885909765426062E+01
 0.5757914127200682E-02  -0.1932836012073520E-03
-0.1709673906649282E+00  -0.1853881855984649E+00
-0.1624688516737012E-15  -0.1805280516195903E-15
-0.1165535025990287E-14   0.1078749400598242E-14
-0.1337063095941083E+00  -0.4675038551862110E+00
 0.1260782161337254E+00  -0.1255909391571543E+01
-0.2365135824559846E-15   0.1248195856453166E-15
 0.6502579174795825E-15   0.1018025370029912E-15
 0.2389449920505079E+00  -0.7959228966153439E-02
 0.1691942890960398E+00   0.6110921550071713E+00
-0.3191679195089141E-15  -0.4376833565275224E-16
-0.4408991068516977E-15  -0.2027331631062397E-14
-0.3952103610637942E+00   0.1358933868033384E+01
-0.1674562645552716E+00  -0.1179934504355342E+00
-0.2062152741424933E+00  -0.1966013009400686E+00
 0.1692428858638159E-15  -0.5294617536178576E-15
 0.1316076087189099E-14  -0.1822152425897731E-14
 0.3133661806262737E-01   0.3070932777745665E-01
-0.2296429628535077E+00   0.1522859828650773E+01
 0.1225867058293035E-14  -0.1975925904979532E-15
-0.6189903373313411E-15   0.3142663322290260E-15
-0.2845703193617279E+00   0.1280774065429900E+00
-0.1026743431027270E-02  -0.6346622635999598E+00
 0.3360292666309470E-15  -0.2742790131810916E-15
-0.4657803889038528E-15   0.2289834304565846E-14
 0.4146681746549382E+00   0.6918684125316606E-01
-0.6077383450591913E+00   0.1256987667526221E+01
-0.7203342253797346E-16  -0.2086967480330389E-15
 0.2569063274984472E-15   0.2687099733895745E-15
-0.1144654163330406E-04  -0.1363408451154831E-04
-0.2492151402077394E-01  -0.2968425216978585E-01
 0.5159534945991173E-16  -0.2426294570256353E-15
 0.5889212708448623E-15  -0.7089681468273807E-15
 0.2895037667634978E-03  -0.1476928949373567E-04
-0.1237900249687139E+00   0.6315257088471197E-02
 0.4065664917199027E-15  -0.4526329718303347E-16
 0.8913875636606268E-16   0.5046695496485183E-15
 0.5827333024824940E-01   0.7840266252908341E-01
-0.9769810364892418E-03  -0.1314459190419712E-02
-0.4590512573628302E-15  -0.2783808357079580E-15
 0.4143182172512401E-15   0.3657215338932974E-15
 0.1841354552943820E+00   0.1604836042281916E+01
-0.3017056492233147E-15   0.7778710552866827E-15
-0.8590757991848034E-15  -0.1497882077079530E-14
-0.2492151402077372E-01  -0.2968425216978549E-01
 0.1144654163353067E-04   0.1363408451297032E-04
 0.1346880671152134E-15   0.5239997444427958E-16
-0.5741374053890032E-15   0.4185980430028455E-14
-0.1237900249687134E+00   0.6315257088470096E-02
-0.2895037667635974E-03   0.1476928949340889E-04
-0.1051063808904122E-14   0.3221474327077462E-15
-0.2468105749671756E-15  -0.1586334847000185E-14
-0.9769810364892088E-03  -0.1314459190419781E-02
-0.5827333024825002E-01  -0.7840266252908284E-01
 0.9782122003610606E-15  -0.8681086460455613E-15
-0.2401572353253655E-14  -0.1308457441428562E-14
-0.8454066439955721E-16   0.1973247953923618E-16
 0.1841354552943818E+00   0.1604836042281917E+01
 0.8744629493054006E-15   0.4366124215173802E-15
-0.5467144026343828E-16  -0.5491040349288985E-15
-0.1396129123811074E-02  -0.1948415622112707E-02
 0.8660704562867652E-01   0.1208674167811319E+00
 0.2255815881458676E-15   0.3709043757794369E-16
 0.1287598922521183E-14   0.6933736961617232E-16
-0.4222217598092677E-02  -0.2620081297612600E-02
 0.2231722247243360E+00   0.1384886871796903E+00
 0.1892050239067794E-15  -0.1734848431496702E-15
-0.6199964891490483E-15   0.1500298806809177E-15
 0.1926768165428590E+00   0.9783258607032960E-01
-0.3578814362448159E-04  -0.1817160312409681E-04
-0.9650545164155682E-15  -0.1369151624400710E-16
 0.4906364765369088E-15  -0.6533801574236157E-16
-0.5112135394960359E-01  -0.6696629355433573E-01
 0.8475766239849347E-03   0.1110280941845073E-02
-0.1135701089939882E+01   0.7158537463408478E+00
-0.3677023811907652E-15   0.4598143981688305E-16
-0.5195066623309270E-15   0.7137880285647325E-16
-0.8660704562867660E-01  -0.1208674167811325E+00
-0.1396129123810947E-02  -0.1948415622112755E-02
 0.1578922852064456E-15  -0.2809822688189719E-15
 0.8338576810169214E-15   0.2324172856459826E-14
-0.2231722247243359E+00  -0.1384886871796906E+00
-0.4222217598092560E-02  -0.2620081297612840E-02
-0.4175262550544668E-15  -0.1877822410485372E-15
 0.8097610910995815E-15  -0.4550859819900850E-15
 0.3578814362403159E-04   0.1817160312394861E-04
 0.1926768165428588E+00   0.9783258607032894E-01
 0.1055103700907182E-14  -0.3519187326887165E-16
 0.2829927825836424E-15   0.7505741632410237E-15
 0.8475766239849416E-03   0.1110280941845206E-02
 0.5112135394960549E-01   0.6696629355433649E-01
-0.8452372374061211E-16  -0.1133160676836803E-16
-0.1135701089939876E+01   0.7158537463408440E+00
 0.1648233168955838E+00  -0.1366529562224457E+00
 0.3255688259070912E+00   0.2945964090674684E+00
 0.2801331366893306E-15  -0.2012384017398351E-16
 0.1140088645353077E-14   0.1633412458035902E-15
-0.1438779306084534E+00   0.1130916077704988E+00
-0.5426155305635171E+00   0.6028152802091166E+00
-0.8269066446055269E-16  -0.6775244768124258E-15
-0.3425939514403454E-16  -0.2460068808261212E-15
 0.9579548836226240E-01   0.2045192076856798E+00
 0.5268077323494428E+00  -0.1354566665761714E+00
 0.7387350199636298E-15  -0.1857858922261920E-15
-0.1116308777392481E-14   0.5511261616361961E-15
 0.7033673691136650E+00   0.4415537848790122E+00
-0.2515704622462098E+00   0.8692295322548510E-01
 0.2250322055568020E-15  -0.3759224584409175E-16
-0.6481141067579543E-15   0.2734794613169762E-15
-0.2604388524159358E-15  -0.6274976910335009E-15
 0.2496250692821643E-15   0.7886063084335483E-15
-0.3280885410088735E+00   0.1612813426169505E+01
 0.1142383262752807E+00   0.2176391783031534E+00
 0.1375349838898515E-01  -0.1761258349618610E+00
-0.5874905203854431E-15   0.4615040218603412E-15
-0.1476073099983473E-14  -0.1405408239077649E-15
 0.1779117117629522E-01   0.2731801980291506E+00
 0.5744764516641426E+00  -0.5721776357875539E+00
-0.3439670367955790E-15   0.2170525782927666E-15
 0.4746025838712976E-15   0.9990202304659016E-16
 0.1303640676406137E+00  -0.1467071834895304E+00
-0.4317030927022006E+00   0.2710814061363644E+00
-0.8463772120444925E-17  -0.3430825642519038E-15
 0.1720559057987864E-14  -0.6487048118988274E-15
-0.9204835236736486E-01   0.2118758619707315E+00
 0.4743876842820390E+00   0.9148085557158454E-01
 0.3203680887249815E-15  -0.1809420369681413E-15
 0.1342694628438608E-14   0.4571952453638326E-15
-0.6283150334528398E-15   0.4900211182780769E-15
 0.9135782420088965E-15  -0.1666758346549039E-15
 0.4147028139936111E-01  -0.2948932482814802E+00
-0.1191789433857518E+01   0.7753808382877410E+00
-0.1345314984844269E-15   0.1156028642330557E-15
-0.2387872764641652E-15   0.2060210323879701E-15
-0.4106642037969083E-16   0.3514956418939998E-16
 0.1331127071979145E-15  -0.1084763129054971E-15
-0.2302167012730586E-15   0.1997121804233879E-15
-0.1819936873783258E-15   0.1538792015845120E-15
 0.6870213786746940E-16  -0.5848471231680633E-16
 0.8272494535845864E-17  -0.8370070405060323E-17
-0.6387280120405735E-16   0.5558450786830417E-16
 0.1652283876360970E-16  -0.1241372991042879E-16
-0.6671518335474531E-16   0.5914573809208102E-16
-0.1053550989261150E-15   0.8961761327272538E-16
-0.7344149140985689E-16   0.6332122787092389E-16
-0.5610631463852880E-17   0.5322456796743609E-17
-0.6608256423749972E-16   0.5645927060526962E-16
 0.3372224296398948E-16  -0.2921284145604295E-16
-0.3073296566267481E-16   0.2673271736809567E-16
 0.2582472255772751E-16  -0.2252961902811342E-16
-0.2060585092565804E-16   0.1850058340587065E-16
-0.1594088167467667E-15   0.1360920413622243E-15
-0.9692292850142434E+00   0.8309386699770356E+00
-0.1082008164150983E-14  -0.3130301000148526E-14
-0.8307131966911630E-15   0.1563262372991232E-15
 0.6612226388640817E-16  -0.6908271553867746E-16
-0.7598778327416484E-16   0.5059859662096670E-15
-0.8832317991745497E-15  -0.1097252125634364E-14
-0.1404325979521407E-13  -0.2883984355678449E-14
-0.2387756618816761E-16  -0.7259888546314335E-17
 0.2246754996995969E-15   0.4508814965194269E-15
-0.3817592212448681E-14  -0.1269613858587100E-14
 0.2546276189785166E-14  -0.3792916355811859E-14
 0.3394737288884498E-15   0.2243089262497882E-15
 0.1034976295711667E-15  -0.7304374129469252E-16
 0.2701002916472604E-14   0.3175279496927605E-15
-0.3156295496024806E-14   0.3570991406780955E-16
 0.3403250780157352E-15   0.1009827148009327E-15
-0.5525837685790724E-16   0.2738227213656823E-16
 0.4500296495371523E-15  -0.1460958630252856E-15
 0.9530656105885036E-17   0.3416488052422564E-17
-0.1780151404494506E-14   0.2003476133829704E-14
 0.1632332127636617E-14  -0.1452681000620132E-14
 0.5679210625977490E-16  -0.4891129294089419E-16
-0.9692292850142437E+00   0.8309386699770352E+00
 0.4289085186106571E+00   0.9446639152173868E+00
 0.2577891120657785E+00  -0.6044621626213448E-01
-0.1435333516953352E-14   0.1339834596275307E-14
-0.5200860326917727E-14  -0.5011976543952745E-14
 0.3007131902154638E+00   0.3084069189957019E+00
 0.4392316967470832E+01   0.9020524930953218E+00
-0.2785919545721265E-14   0.1175809147100774E-15
-0.4059283388780160E-15   0.3308357094888879E-14
 0.1112384726902460E+01   0.4675822437176793E+00
-0.8851172103752213E+00   0.1206739367797354E+01
-0.1741920712520301E-14   0.2374804678312863E-14
 0.4101010937677619E-14  -0.1691351282078856E-15
-0.7839576588740703E+00  -0.1334893383903231E+00
 0.9169198906268307E+00   0.3760646316709165E-01
-0.1144986130766715E-14   0.8605023877781760E-15
 0.2132428703573370E-14   0.4331060903592862E-15
-0.1701757471394422E-14   0.1247348260121669E-14
 0.9446841667444612E-15  -0.6669385803980370E-15
 0.5409055211676058E+00  -0.5981549873666319E+00
-0.4821421797108576E+00   0.4986923245556747E+00
 0.1054570211922061E-15  -0.8948333145705970E-16
 0.1297841688965484E-13  -0.1447400931033629E-13
-0.4857053437460134E+01   0.5395155750465841E+01
-0.7299451814028710E-15   0.1058663736174446E-14
-0.4003078471924238E-16  -0.3145280352760013E-15
 0.2855672050140723E-03  -0.9526922766942886E-02
-0.6743563206315181E-02   0.2249747334865730E+00
-0.2020725366645372E-15   0.6797388689461423E-16
-0.6199640198509185E-15  -0.1639527752798531E-15
-0.5460980330267997E-02  -0.1019067913412462E-01
 0.1209520565024601E+00   0.2257073865652611E+00
-0.4493963597464140E-15  -0.1635905500355339E-15
 0.1524918403148240E-15  -0.1605679881154325E-15
 0.1418042389086522E+00   0.1449347114129458E+00
 0.3690115408915977E-02   0.3771578452011031E-02
 0.1971802715324951E-15  -0.4326057941374190E-16
 0.1408228195879100E-15  -0.1143928965198655E-15
 0.1523443079380149E+00   0.6989849261251867E-01
-0.6521367829433614E-02  -0.2992128732729875E-02
 0.1461730242091293E+00  -0.1019973829981652E-01
 0.3830971535554835E-02  -0.2673195502941825E-03
 0.9209101251891374E-16  -0.3649897721187244E-16
 0.1560106475212358E-15  -0.2498580966599536E-15
 0.1091323096018297E-16  -0.9544466681819528E-17
 0.1743975382598522E-15  -0.8820570845930535E-16
 0.5958650551764594E-15  -0.8419688879318473E-15
-0.9566258373736028E+00   0.8725922186906699E+00
-0.6973557611236377E-15  -0.1820570745416198E-14
-0.2579181979280827E-15   0.2942106802767416E-15
 0.6743563206314988E-02  -0.2249747334865747E+00
 0.2855672050143397E-03  -0.9526922766943526E-02
-0.8372365986287073E-15  -0.3363280854790229E-15
-0.7437807549806735E-14  -0.6213005587688385E-15
-0.1209520565024606E+00  -0.2257073865652625E+00
-0.5460980330267930E-02  -0.1019067913412450E-01
-0.2232080654092312E-14  -0.1292970791342498E-14
 0.1841458007934264E-14  -0.1818960246461184E-14
-0.3690115408915204E-02  -0.3771578452011433E-02
 0.1418042389086520E+00   0.1449347114129462E+00
 0.1486820406368804E-14   0.2781336092545757E-16
-0.1329372209818775E-14   0.2251124243900116E-15
-0.6521367829434167E-02  -0.2992128732729703E-02
-0.1523443079380150E+00  -0.6989849261251925E-01
-0.3830971535554515E-02   0.2673195502939763E-03
 0.1461730242091288E+00  -0.1019973829981657E-01
-0.9296303192720583E-15   0.1358992451345316E-14
 0.7298449152934593E-15  -0.6449463464947290E-15
 0.3625771535826368E-16  -0.3162631458054087E-16
-0.3829082225417767E-16   0.1731528640431161E-16
 0.6416771119481514E-14  -0.7379725062734395E-14
-0.2237793284010083E-15   0.1782428371566170E-15
-0.9566258373736054E+00   0.8725922186906728E+00
 0.4119195417952352E-01   0.3035933205963526E+00
 0.5545336265088174E-01  -0.6992233216601360E-01
-0.5644370883899811E-16   0.3384915058405259E-15
-0.1192769012809930E-14  -0.6118571394484325E-15
 0.2834026712021157E-01  -0.1422570537750798E-01
 0.2434278824434373E+00   0.2310760902164616E+00
-0.4811022642403002E-15   0.1923806526543147E-16
 0.3414048943688694E-15   0.4680638555418723E-15
 0.1913678952095454E+00   0.8289871342068063E-01
-0.2041604258376910E+00  -0.1185596036892041E+00
-0.1936079933174236E-15  -0.1128041217622912E-15
 0.4504591909427696E-15   0.6763259570028765E-15
 0.4071172116084534E-01  -0.1121606411250450E+00
-0.1724110010836475E-02   0.2166493003921214E+00
-0.2359076866330744E-16  -0.2432387593209375E-15
 0.1138842216474639E-15   0.8308154401395876E-15
-0.1960016474232325E-15   0.1642827545262360E-15
 0.2195607571713521E-16   0.3645505994793288E-16
 0.8289898401825505E-01   0.7917228469174580E-02
 0.1515723684697534E+00   0.1025092175549359E+00
-0.2196147697374775E-17   0.1642509394786366E-17
 0.1418690066284436E-14  -0.1224412875523557E-14
-0.4364941990695096E+00   0.4177509878351688E+00
 0.2039011982425545E-15  -0.1156704547390557E-15
 0.5260976476600655E-15  -0.7380781977537177E-15
-0.1104518163751917E+01   0.8378318792648145E+00
-0.3083015319146591E-15  -0.5016009646229734E-15
 0.4462357804889611E-15  -0.1135557809240304E-15
 0.6101407318331679E-01   0.5110402947153291E-01
-0.5355859369844220E-02  -0.4485948582051219E-02
 0.4751406322886089E-15  -0.3008200517843801E-15
-0.2361039496568857E-14  -0.2390681138654786E-15
 0.1288128508769222E+00   0.2919508998699051E-01
-0.1094418193123703E-01  -0.2480469721314913E-02
-0.5905436034769053E-15  -0.7016465921160742E-16
 0.2909990946902994E-16  -0.5027459707455422E-15
-0.1409408916694558E-01  -0.1017747666665154E-02
-0.1352132799585188E+00  -0.9763880343730017E-02
-0.1509241468518335E-15   0.4580628585907710E-15
-0.9792705896966780E-15  -0.2186385065655827E-15
-0.3690870085046861E-02  -0.6128079202158005E-02
 0.4226934216525427E-01   0.7018125012344746E-01
 0.4350283945879743E-01  -0.3552366250266046E-01
 0.4181026509548476E+00  -0.3414153569919223E+00
-0.1180393970141164E-15   0.2382372903882476E-15
-0.7996066160663679E-15  -0.1782682184487505E-15
 0.2763152249707155E-16  -0.2414550700700836E-16
-0.1362612693703848E-15  -0.5257862695177476E-16
 0.1376907617279080E-14  -0.2398872099567331E-14
-0.1668185577611600E-01  -0.1279513775716078E-01
-0.1277198446709328E+00  -0.9796230280491126E-01
 0.1728703666488070E-15  -0.2964587398831113E-15
-0.1438506703257626E+01   0.3833120760434013E+00
-0.7757391200365766E-15   0.3160910707945750E-16
-0.3521219077249828E-15   0.1999989839457084E-15
-0.5355859369843801E-02  -0.4485948582051463E-02
-0.6101407318331656E-01  -0.5110402947153253E-01
 0.2153466559285000E-15  -0.2044392289800809E-16
 0.3716443412824239E-15  -0.9054546691321077E-16
-0.1094418193123702E-01  -0.2480469721314952E-02
-0.1288128508769221E+00  -0.2919508998699030E-01
 0.1030634842508281E-15   0.2403871389474204E-16
 0.8291296047509208E-16   0.5908496868534975E-16
-0.1352132799585184E+00  -0.9763880343730146E-02
 0.1409408916694606E-01   0.1017747666665109E-02
 0.4628637167301840E-15  -0.1535298084230358E-15
 0.5429071595146161E-16  -0.7251888738272547E-16
-0.4226934216525572E-01  -0.7018125012344675E-01
-0.3690870085046651E-02  -0.6128079202158067E-02
 0.4181026509548489E+00  -0.3414153569919232E+00
-0.4350283945879724E-01   0.3552366250266040E-01
 0.3139149982489493E-15  -0.2033734411429985E-15
 0.3126169992909487E-15  -0.2859181095682130E-17
-0.1097594865001581E-16   0.9516069340020979E-17
-0.4831713212452844E-15  -0.1912004575204631E-15
 0.2367996263305971E-18   0.2187854804071818E-15
-0.1277198446709332E+00  -0.9796230280491088E-01
 0.1668185577611620E-01   0.1279513775716066E-01
 0.2521420359690613E-16   0.2821531793314988E-17
 0.5752641201936526E-15  -0.1089352132804811E-15
-0.1438506703257624E+01   0.3833120760434008E+00
 0.2311168398373556E-01   0.9850935499486840E-01
 0.1618430851129317E-01   0.3453875962964665E-02
-0.8780392648068706E-16   0.1984938873375678E-15
 0.4807417903488863E-16  -0.1038512138907284E-14
-0.1183040600110432E-01   0.8085095410694980E-01
 0.1616332487271076E+00   0.3398153870472613E+00
 0.8332019234318584E-15  -0.1543733561434347E-15
-0.7158122692023495E-15   0.8976510466645201E-15
-0.2926064368147239E+00   0.1694982369709344E+00
-0.4079230156422793E-01   0.1672527606145406E+00
-0.5762205704657572E-15   0.4717699187689230E-15
-0.1219150553298281E-15   0.2036524427447390E-15
 0.2501846978788455E+00  -0.1494709862590644E+00
-0.2873639493379346E+00   0.1851282836068235E+00
 0.2777437875452512E-16  -0.1158959240647735E-15
-0.9753896991837868E-15   0.5796633926022806E-15
 0.8178957160009716E-15   0.9553895969680896E-16
 0.2501206884478114E-15  -0.9861665369273169E-16
-0.1490842045254843E+00  -0.3757465042274626E-01
 0.1958971982555937E+00  -0.4838323307352461E-01
 0.7766499985699934E-16  -0.6645892185660176E-16
-0.2112633360931086E-14  -0.2569248353829504E-14
 0.5261271473096969E+00   0.7718749005901481E+00
 0.2715455476377411E-16   0.4608557151657036E-16
-0.1034733245773402E-14  -0.1168810963644537E-14
-0.4292180847468093E-01   0.5393374052776817E-01
-0.2677253530062510E-15  -0.3461253336921576E-15
-0.9961694984333359E-16  -0.6536579794643447E-17
-0.1642858880498815E+01   0.3595927083406658E+00
 0.8257586362010538E-01   0.1562043467110560E+00
-0.5180327198622618E-01  -0.4532351266819016E-01
 0.1315606950892616E-15   0.2228707210549939E-15
-0.1179548697938481E-14  -0.5868895468245566E-16
 0.1521455956735434E-01   0.2989965331731340E-01
 0.1987993518261651E+00  -0.7262838163180622E-01
 0.2798420008101749E-15  -0.2539493803008754E-15
-0.3175947924274185E-16   0.2167790273615353E-15
-0.1475717459751424E+00   0.1378656516546677E+00
-0.1812603300027051E+00   0.1205699304880110E+00
-0.1639030011525823E-15   0.5967883747634490E-16
 0.9521038678825714E-16  -0.9074628789897733E-16
-0.2040556903572496E-01   0.3275313460451329E-01
 0.4082567396915578E-01  -0.8738111244687437E-01
 0.1571703702648787E-15   0.1464488438317939E-16
-0.3002374996562350E-15  -0.1970962935439526E-15
 0.2915538310216000E-15   0.1995274469675884E-15
 0.9006031178921664E-16  -0.9754312066163656E-16
 0.1257884796344992E+00  -0.1242441333561288E+00
-0.1487150824563427E+00   0.2106000584789441E+00
 0.3229730454670134E-17  -0.2614664276247721E-17
-0.1687384989048975E-14  -0.1380637309246607E-14
 0.3699817075454528E+00   0.4058177146101939E+00
-0.1966007715696009E-15   0.6975430880827289E-17
-0.4091448128648075E-15  -0.7246831285266298E-15
 0.2037544650906494E+00   0.1311837427627213E+00
-0.2880978064216841E-15  -0.2550421402004211E-15
-0.1839915004445471E-15   0.3633163239403007E-16
-0.1817420019716968E+00  -0.2163556229053577E-01
-0.1476973091638009E+01   0.2653605270274707E+00
