-1.2089932330766526e+01
-1.3203705018999418e+01
-1.3844711627660180e+01
-1.4240220262369718e+01
-1.4488473592813694e+01
-1.4643828484043272e+01
-1.4739365441051136e+01
-1.4796232841093799e+01
-1.4828221743625003e+01
-1.4844139616051287e+01
-1.4849501449645498e+01
-1.4847837783288034e+01
-1.4841515217301000e+01
-1.4832179723508345e+01
-1.4820996296541836e+01
-1.4808792190465251e+01
-1.4796151925844953e+01
-1.4783484224701166e+01
-1.4771070257662242e+01
-1.4759098825571581e+01
-1.4747692364627186e+01
-1.4736925759396234e+01
-1.4726839604014845e+01
-1.4717449203369428e+01
-1.4708750740579617e+01
-1.4700726045275250e+01
-1.4693346628675783e+01
-1.4686577252789457e+01
-1.4680379048547801e+01
-1.4674711905952661e+01
-1.4669536208083379e+01
-1.4664813871041671e+01
-1.4660508922634897e+01
-1.4656587743466908e+01
-1.4653019078900687e+01
-1.4649773973296325e+01
-1.4646825614580056e+01
-1.4644149173052030e+01
