 0.9887776178750118E+00  0.2918721469621670E-13
 0.0000000000000000E+00  0.0000000000000000E+00
 0.2006751413540825E-01 -0.5024047201919631E-12
 0.0000000000000000E+00  0.0000000000000000E+00
 0.2021031061190403E-02  0.2622683653363854E-12
-0.2006751413540834E-01  0.5024047201919757E-12
 0.0000000000000000E+00  0.0000000000000000E+00
-0.2021031061190381E-02 -0.2622683653363908E-12
 0.0000000000000000E+00  0.0000000000000000E+00
-0.1200465785985210E+00  0.1013005956530466E-12
 0.0000000000000000E+00  0.0000000000000000E+00
-0.3702345738299343E-02 -0.4173460836785982E-13
 0.3702345738299377E-02  0.4173460836786034E-13
 0.0000000000000000E+00  0.0000000000000000E+00
-0.8365674334695422E-01  0.3907493623459855E-14
 0.0000000000000000E+00  0.0000000000000000E+00
-0.7323533876130993E-03  0.2861172598212922E-13
 0.0000000000000000E+00  0.0000000000000000E+00
-0.7375678393947893E-04 -0.4740219762657371E-14
 0.0000000000000000E+00  0.0000000000000000E+00
 0.0000000000000000E+00  0.0000000000000000E+00
 0.0000000000000000E+00  0.0000000000000000E+00
 0.0000000000000000E+00  0.0000000000000000E+00
-0.1944280110628784E-10 -0.9961996953590975E-15
 0.0000000000000000E+00  0.0000000000000000E+00
-0.5401463575436350E-02  0.6152932606703775E-14
 0.0000000000000000E+00  0.0000000000000000E+00
-0.4283675801186373E-03 -0.1048776366941704E-14
 0.4283675995614390E-03  0.2044976062301324E-14
 0.0000000000000000E+00  0.0000000000000000E+00
-0.1191099506641965E-02  0.1571226859057507E-14
 0.0000000000000000E+00  0.0000000000000000E+00
-0.2773026368971569E-04 -0.9304483323988054E-15
 0.0000000000000000E+00  0.0000000000000000E+00
-0.2753495375313374E-03 -0.1692834160072838E-14
 0.7323533876135255E-03 -0.2861172598212920E-13
 0.0000000000000000E+00  0.0000000000000000E+00
 0.7375678393951170E-04  0.4740219762658173E-14
 0.0000000000000000E+00  0.0000000000000000E+00
 0.5401463575436212E-02 -0.6152932606703416E-14
 0.0000000000000000E+00  0.0000000000000000E+00
 0.4283675995614357E-03  0.2044976062301457E-14
-0.4283675801186401E-03 -0.1048776366941755E-14
 0.0000000000000000E+00  0.0000000000000000E+00
 0.1191099506641926E-02 -0.1571226859057492E-14
 0.0000000000000000E+00  0.0000000000000000E+00
-0.1944279983962672E-10 -0.9961996953591330E-15
 0.0000000000000000E+00  0.0000000000000000E+00
 0.0000000000000000E+00  0.0000000000000000E+00
 0.0000000000000000E+00  0.0000000000000000E+00
 0.0000000000000000E+00  0.0000000000000000E+00
 0.2773026368972230E-04  0.9304483323988935E-15
 0.0000000000000000E+00  0.0000000000000000E+00
 0.2753495375312361E-03  0.1692834160072849E-14
 0.0000000000000000E+00  0.0000000000000000E+00
-0.2110394404679098E-02 -0.1556366459239098E-14
 0.0000000000000000E+00  0.0000000000000000E+00
-0.1426648340796268E-03  0.7179493380437440E-15
 0.1426648340796320E-03 -0.7179493380436458E-15
 0.0000000000000000E+00  0.0000000000000000E+00
-0.7081621040531359E-03 -0.1916476663177541E-15
 0.0000000000000000E+00  0.0000000000000000E+00
 0.8393181116707655E-05 -0.8471759957176679E-15
 0.0000000000000000E+00  0.0000000000000000E+00
 0.8334155674407166E-04  0.3871184804790718E-15
-0.8393181116706318E-05  0.8471759957176866E-15
 0.0000000000000000E+00  0.0000000000000000E+00
-0.8334155674406323E-04 -0.3871184804790802E-15
 0.0000000000000000E+00  0.0000000000000000E+00
 0.2999923934886685E-03 -0.3608402427869425E-16
-0.3883557977193542E-01 -0.3187603584632442E-02 -0.8376208277088144E-01 -0.8435623536407420E-02  0.1720644183753973E-14 -0.3621680802522100E-13 -0.5498648376694636E-13 -0.3033389572546866E-13
 0.5952090752394817E-02  0.1796048593896742E-01  0.2237771176849699E-01  0.2253645167843473E-02 -0.4235564648939629E-15  0.1266422821322894E-13  0.1042151839263051E-13  0.1256542742439192E-13
 0.6556558934842112E-10 -0.1425439437337383E-08 -0.3412615378020946E-02  0.3388579072089524E-01  0.5756114296278031E-15 -0.1916429116629555E-13 -0.2054631875080333E-13  0.9762604380583032E-14
 0.4447705676266288E-11 -0.9668225775845170E-10 -0.2314660761266091E-03  0.2298357753737366E-02  0.3919466607067610E-16 -0.1302824596258203E-14 -0.1403758745578056E-14  0.6724397802548854E-15
-0.8691954360092839E-02  0.7119648564341266E-03 -0.2329816934694819E-01 -0.2346343045722822E-02  0.3231841310413018E-17 -0.5619046131065397E-15 -0.2004118038807542E-13 -0.1685107537174849E-13
-0.2490922579953894E+00  0.2081275041916601E-01  0.1095131157414818E+00  0.1102899418683701E-01 -0.1733917752556929E-14  0.3113059898708264E-13  0.9045776712886775E-13  0.6119935711934316E-14
 0.1640729022053420E-09 -0.3567063968165553E-08 -0.8539813779077785E-02  0.8479664728066257E-01  0.1406888264530487E-14 -0.4177681043804120E-13 -0.8588373598447299E-13  0.7073320577360523E-13
 0.1154307011088522E-10 -0.2509657321886029E-09 -0.6008311073494733E-03  0.5965992327610090E-02  0.9899095051043516E-16 -0.2939442403440972E-14 -0.6043237215275156E-14  0.4976324227390930E-14
 0.4913866955656414E-01  0.1217843706964088E+00 -0.4989531483850686E-01 -0.5024918843805578E-02  0.3586603619726016E-14 -0.4809422172709447E-13 -0.1880775692591314E-12 -0.4537217902964051E-14
 0.5012752319286223E-01 -0.6896477123365403E-01  0.3177846210874788E+00  0.3200387419521602E-01 -0.8559561190356859E-14  0.1100089919308158E-12  0.1969669012737518E-12 -0.1439860546187213E-13
 0.7713980037402516E-11 -0.1677135731077628E-09 -0.4015190098773876E-03  0.3986909637375800E-02  0.7389110285597554E-16 -0.2066690361006310E-14 -0.5151218664625354E-14  0.4660512536478624E-14
-0.1507625594603495E-09  0.3277672677347763E-08  0.7846990030383739E-02 -0.7791720792008178E-01 -0.1445090433469462E-14  0.4041484136785489E-13  0.1006490376069769E-12 -0.9107637306062853E-13
 0.1441836387413265E-01  0.7706482463930524E-02 -0.1066872851189821E+00 -0.1074440501615140E-01 -0.2935433928362419E-15  0.1502717128708891E-13  0.4648437321318947E-13 -0.1480185344495900E-14
-0.2288231144720505E-01 -0.6992173913560470E-01  0.1701939004631760E+00  0.1714011128095297E-01 -0.6619279397417435E-15 -0.1574038709458412E-13 -0.3095293237905488E-13  0.5766481837836021E-15
 0.1215794880816380E-10 -0.2643264187550145E-09 -0.6328147912594889E-03  0.6283576438144994E-02  0.6270898485893142E-16 -0.2230035682485936E-14 -0.5513620738142006E-14  0.5379445429344332E-14
 0.1791606264601625E-09 -0.3895069778860399E-08 -0.9325059910214335E-02  0.9259380081727643E-01  0.9242295500300425E-15 -0.3286339658250758E-13 -0.8121867617087393E-13  0.7925491572950790E-13
 0.2709487842850519E-10 -0.5890662259089958E-09 -0.1410256215431396E-02  0.1400323261927001E-01 -0.1030366889454478E-15 -0.1646743449461510E-15  0.3447516337672371E-14 -0.3380743738555738E-14
-0.5277552074210137E-09  0.1147368609754585E-07  0.2746863165602432E-01 -0.2727515997476392E+00  0.2007272797220243E-14  0.3196585470879655E-14 -0.6711495276046874E-13  0.6579867677490032E-13
 0.1178545822528345E-01  0.6069353967756395E-01 -0.2195670685844917E+00 -0.2211245047215048E-01  0.7136068945183514E-14 -0.8894693506767579E-13 -0.2403435421229611E-12  0.4831097453273497E-14
 0.1449232711622959E-01  0.1944044744329502E+00  0.3910382639878442E-01  0.3938128420279532E-02 -0.2769969492301204E-14  0.6598028971847040E-13  0.2498052166952185E-12  0.3409539810475168E-13
-0.2294068493028750E-04  0.6154283914058538E-03 -0.1130861388455961E-02 -0.1138882701122796E-03  0.3917829480155084E-16 -0.5559527817623011E-15 -0.2603713374121718E-14  0.2170663330639719E-13
-0.1569896020057426E-03  0.4211553212385420E-02 -0.7738290172468811E-02 -0.7793178636654587E-03  0.2680914556493796E-15 -0.3804228208351186E-14 -0.1781858753922313E-13  0.1485457690469934E-12
-0.9473132664223781E+00  0.6324014075448407E-01  0.8566716797729741E-01  0.8627487831053786E-02  0.8879876970841851E-15 -0.6123764090671101E-14  0.4165629862803160E-13  0.2153010250361409E-13
 0.2470512399577480E-10 -0.5370996880394950E-09 -0.1285850292814283E-02  0.1276793576012105E-01  0.4945706623724743E-16 -0.2663438519902303E-14 -0.5584003956613253E-14  0.4186206835016178E-14
-0.9842738412783242E-09  0.2139877993145165E-07  0.5123001326680340E-01 -0.5086918143090420E+00 -0.1972851886709718E-14  0.1061754003881221E-12  0.2224607049970969E-12 -0.1667619925061840E-12
-0.1649149220263473E+00  0.9304324770283148E-01 -0.5756657116746843E+00 -0.5797490555877736E-01  0.1231191807794067E-13 -0.1517489303022311E-12 -0.2991980413778439E-12 -0.4571420592096733E-13
 0.1521433947342475E-08 -0.3307691172309593E-07 -0.7918780176915495E-01  0.7863005294006271E+00 -0.6982137989106908E-14  0.5777640187505207E-13  0.1399626836803660E-12 -0.1093772250396848E-12
-0.2376996743445129E-09  0.5167739792433216E-08  0.1237182859123138E-01 -0.1228468924960677E+00  0.1090811787878691E-14 -0.9025936478579528E-14 -0.2186601012059111E-13  0.1709015878519303E-13
 0.3301338654420743E-02  0.1062540428788788E+00  0.6610949245317195E+00  0.6657843329153884E-01  0.4897631658353559E-14 -0.1878263602998879E-12 -0.4812505233168449E-12 -0.3005124579363014E-13
 0.7560288121403069E-01  0.9535493517468071E+00  0.2248554284345929E-01  0.2264543985622871E-02  0.7449754234805806E-14  0.3759186642120613E-13  0.6027734051608971E-13  0.1196375023052129E-13
-0.1733479965371030E-04  0.6987659441213611E-15
 0.2781581796931065E-04 -0.1377169011019315E-15
-0.4440546262609101E-04  0.5572410477681509E-16
 0.7228183944496866E-04 -0.2747428142610316E-16
-0.1213926624788082E-03  0.1417203581136046E-16
 0.2086797711010222E-03 -0.1160525793257220E-16
-0.3335014312640459E-03  0.1151270215642096E-16
 0.3059029920254706E-03 -0.5650683005301837E-17
 0.5973686371067452E-01 -0.4095144721875043E-17
 0.1034968474292440E+01 -0.5406618299318240E-16
 0.2028251929709703E+01  0.2668053879507833E-16
 0.3232877024811568E+00  0.3310163618210260E-17
-0.4365812553178292E-02  0.1146126753556352E-17
 0.2350478298370659E-02 -0.6145919799661742E-17
-0.8731525363352191E-03  0.4612056519311735E-17
 0.3958714222471815E-03 -0.3708834009074878E-17
-0.2077137773675288E-03  0.2716285585506145E-17
 0.1216160310692174E-03 -0.2222749933682039E-17
-0.7753948116226765E-04  0.3325928340224167E-17
 0.5294341073984925E-04 -0.3994476933049083E-17
-0.3826236141907585E-04  0.5007190958844084E-17
 0.2902424643587267E-04 -0.5054931419855256E-17
-0.2287091048547735E-04  0.5751204304452973E-17
 0.1855706362298724E-04 -0.4780271964444435E-17
-0.1544990390780263E-04  0.4733523644565518E-17
 0.1316332884654564E-04 -0.6249243864119415E-17
-0.1145312981512039E-04  0.7644501979786386E-17
 0.1016012317080788E-04 -0.1191731964215018E-16
-0.9178016980099397E-05  0.1970005105399824E-16
 0.8434591017051301E-05 -0.1887181696290680E-16
-0.7880346148556408E-05  0.2334009163380817E-16
 0.7481512542542621E-05 -0.4118624881157753E-16
-0.7215704581826546E-05  0.6690221866542104E-16
 0.7069254399994527E-05 -0.1331827787752868E-15
-0.7035659487385102E-05  0.2979736056553886E-15
 0.7114764740186475E-05 -0.1076591524210174E-14
-0.7312088302757185E-05  0.7689723501200603E-14
 0.7631642473403483E-05 -0.3143074609413614E-12
