-1.4773037801751215e+01
-1.4782876782946577e+01
-1.4792029998886797e+01
-1.4800527942131611e+01
-1.4808394876283545e+01
-1.4815652258362302e+01
-1.4822321101104993e+01
-1.4828423272468708e+01
-1.4833981867599684e+01
-1.4839021378644757e+01
-1.4843567555848805e+01
-1.4847646956983068e+01
-1.4851286634418374e+01
-1.4854513793442145e+01
-1.4857355355642017e+01
-1.4859837777606515e+01
-1.4861986738720255e+01
-1.4863827003336180e+01
-1.4865382301112932e+01
-1.4866675181918772e+01
-1.4867726971825768e+01
-1.4868557738637227e+01
-1.4869186251734671e+01
-1.4869630008459360e+01
-1.4869905267201409e+01
-1.4870027084351324e+01
-1.4870009382156283e+01
-1.4869865008917841e+01
-1.4869605810631384e+01
-1.4869242693562105e+01
-1.4868785696837929e+01
-1.4868244054614630e+01
-1.4867626248160692e+01
-1.4866940075618681e+01
-1.4866192699818201e+01
-1.4865390687571566e+01
-1.4864540077178585e+01
-1.4863646395602814e+01
-1.4862714721380437e+01
-1.4861749711725217e+01
-1.4860755624100431e+01
-1.4859736370626365e+01
-1.4858695535727534e+01
-1.4857636389673207e+01
-1.4856561937932948e+01
-1.4855474931339662e+01
-1.4854377873312810e+01
-1.4853273064812310e+01
-1.4852162608725784e+01
-1.4851048412260527e+01
-1.4849932232615894e+01
-1.4848815654703062e+01
-1.4847700134616394e+01
-1.4846586997458571e+01
-1.4845477434322468e+01
-1.4844372538497131e+01
-1.4843273300745047e+01
-1.4842180603910037e+01
-1.4841095257945373e+01
-1.4840017991406555e+01
-1.4838949446273157e+01
-1.4837890213427468e+01
-1.4836840803776301e+01
-1.4835801682890470e+01
-1.4834773262619015e+01
-1.4833755893095262e+01
-1.4832749891266641e+01
-1.4831755531904969e+01
-1.4830773039170985e+01
-1.4829802613533413e+01
-1.4828844422453557e+01
-1.4827898591738515e+01
-1.4826965234698344e+01
-1.4826044424162957e+01
-1.4825136220865559e+01
-1.4824240663994054e+01
-1.4823357762512739e+01
-1.4822487518368757e+01
