 0.0000000000000000E+00
 0.0000000000000000E+00
 0.0000000000000000E+00
 0.0000000000000000E+00
 0.0000000000000000E+00
 0.0000000000000000E+00
 0.0000000000000000E+00
 0.0000000000000000E+00
 0.0000000000000000E+00
 0.0000000000000000E+00
 0.0000000000000000E+00
 0.0000000000000000E+00
 0.0000000000000000E+00
 0.0000000000000000E+00
 0.0000000000000000E+00
 0.0000000000000000E+00
 0.0000000000000000E+00
 0.0000000000000000E+00
 0.0000000000000000E+00
 0.0000000000000000E+00
 0.0000000000000000E+00
 0.0000000000000000E+00
 0.0000000000000000E+00
 0.0000000000000000E+00
 0.0000000000000000E+00
 0.0000000000000000E+00
 0.0000000000000000E+00
 0.0000000000000000E+00
 0.0000000000000000E+00
 0.0000000000000000E+00
 0.0000000000000000E+00
 0.0000000000000000E+00
 0.0000000000000000E+00
 0.0000000000000000E+00
 0.0000000000000000E+00
 0.0000000000000000E+00
 0.0000000000000000E+00
 0.0000000000000000E+00
 0.0000000000000000E+00
 0.0000000000000000E+00
 0.0000000000000000E+00
 0.0000000000000000E+00
 0.0000000000000000E+00
 0.0000000000000000E+00
 0.0000000000000000E+00
 0.0000000000000000E+00
 0.0000000000000000E+00
 0.0000000000000000E+00
 0.0000000000000000E+00
 0.0000000000000000E+00
 0.0000000000000000E+00
 0.0000000000000000E+00
 0.0000000000000000E+00
 0.0000000000000000E+00
 0.0000000000000000E+00
 0.0000000000000000E+00
 0.0000000000000000E+00
 0.0000000000000000E+00
 0.0000000000000000E+00
 0.0000000000000000E+00
 0.0000000000000000E+00
 0.0000000000000000E+00
 0.0000000000000000E+00
 0.0000000000000000E+00
 0.0000000000000000E+00
 0.0000000000000000E+00
 0.0000000000000000E+00
 0.0000000000000000E+00
 0.0000000000000000E+00
 0.0000000000000000E+00
 0.0000000000000000E+00
 0.0000000000000000E+00
 0.0000000000000000E+00
 0.0000000000000000E+00
 0.0000000000000000E+00
 0.0000000000000000E+00
 0.0000000000000000E+00
 0.0000000000000000E+00
 0.0000000000000000E+00
 0.0000000000000000E+00
 0.0000000000000000E+00
 0.0000000000000000E+00
 0.0000000000000000E+00
 0.0000000000000000E+00
 0.0000000000000000E+00
 0.0000000000000000E+00
 0.0000000000000000E+00
 0.0000000000000000E+00
 0.0000000000000000E+00
 0.0000000000000000E+00
 0.0000000000000000E+00
 0.0000000000000000E+00
 0.0000000000000000E+00
 0.0000000000000000E+00
 0.0000000000000000E+00
 0.0000000000000000E+00
 0.0000000000000000E+00
 0.0000000000000000E+00
 0.0000000000000000E+00
 0.0000000000000000E+00
 0.0000000000000000E+00
 0.0000000000000000E+00
 0.0000000000000000E+00
 0.0000000000000000E+00
 0.0000000000000000E+00
 0.0000000000000000E+00
 0.0000000000000000E+00
 0.0000000000000000E+00
 0.0000000000000000E+00
 0.0000000000000000E+00
 0.0000000000000000E+00
 0.0000000000000000E+00
 0.0000000000000000E+00
 0.0000000000000000E+00
 0.0000000000000000E+00
 0.0000000000000000E+00
 0.0000000000000000E+00
 0.0000000000000000E+00
 0.0000000000000000E+00
 0.0000000000000000E+00
 0.0000000000000000E+00
 0.0000000000000000E+00
 0.0000000000000000E+00
 0.0000000000000000E+00
 0.0000000000000000E+00
 0.0000000000000000E+00
 0.0000000000000000E+00
 0.0000000000000000E+00
 0.0000000000000000E+00
 0.0000000000000000E+00
 0.0000000000000000E+00
 0.0000000000000000E+00
 0.0000000000000000E+00
 0.0000000000000000E+00
 0.0000000000000000E+00
 0.0000000000000000E+00
 0.0000000000000000E+00
 0.0000000000000000E+00
 0.0000000000000000E+00
 0.0000000000000000E+00
 0.0000000000000000E+00
 0.0000000000000000E+00
 0.0000000000000000E+00
 0.0000000000000000E+00
 0.0000000000000000E+00
 0.0000000000000000E+00
 0.0000000000000000E+00
 0.0000000000000000E+00
 0.0000000000000000E+00
 0.0000000000000000E+00
 0.0000000000000000E+00
 0.0000000000000000E+00
 0.0000000000000000E+00
 0.0000000000000000E+00
 0.0000000000000000E+00
 0.0000000000000000E+00
 0.4857225732735060E-15
 0.7023174601310322E+00
 0.2787353681199534E-13
 0.3566331258086919E-13
 0.8314665331520796E+00
 0.7335104745820331E-13
-0.1683317601105458E+00
-0.1733335697196026E-13
-0.1941852776604370E+01
-0.2516042929556761E-13
 0.3373343271384499E-13
-0.1444805011499115E+00
 0.3327893516313907E-13
-0.1686215984196750E+01
 0.3086420008457935E-13
-0.5608774384081905E-01
 0.1550148898132875E-13
 0.3627422747287253E+00
-0.8160139230994901E-14
 0.2302074096832748E+01
-0.1521005543736464E-13
-0.1658395643033828E-13
-0.8405929283894686E-01
-0.4773959005888173E-14
 0.1417574632122149E+00
-0.1965094753586527E-13
-0.2195567037191579E+01
 0.4662936703425657E-14
 0.3768071101467114E-01
 0.4884981308350689E-14
 0.5112589121732558E-01
 0.3996802888650564E-14
 0.3592227720189922E+00
-0.4218847493575595E-14
-0.2432664034962902E+01
-0.8437694987151190E-14
-0.1196265309033606E-13
 0.1164008643493766E-01
 0.2220446049250313E-15
 0.1058816495111192E+00
-0.4218847493575595E-14
-0.2911675829521421E+00
 0.6661338147750939E-14
-0.2567791954391753E+01
 0.3108624468950438E-14
-0.1038942454676722E-01
-0.3885780586188048E-15
 0.5024640216230414E-01
 0.7993605777301127E-14
 0.9052506234323299E-01
-0.5329070518200751E-14
-0.2479880096533078E+00
-0.2664535259100376E-14
-0.2472208585373610E+01
-0.3663735981263017E-14
 0.1253164239045645E-13
 0.1180244345958065E-01
-0.2220446049250313E-14
-0.2949150640012088E-01
-0.6661338147750939E-15
 0.6933809611522324E-01
-0.1776356839400250E-14
 0.2540800486274530E+00
-0.9992007221626409E-15
 0.2622343849427680E+01
 0.8326672684688674E-15
 0.9304024221224658E-02
 0.1956768080901838E-14
-0.7985814664118740E-04
 0.5551115123125783E-15
 0.9235663114561032E-02
 0.0000000000000000E+00
-0.4997074121603484E-01
 0.5551115123125783E-15
 0.5986774347090412E-01
 0.4163336342344337E-15
 0.1670270994809710E+01
 0.6869504964868156E-15
    1    1    1    1  1.2405526560127307E+00
    2    1    1    1  1.2812250293465870E-11
    2    1    2    1  2.5018726706169253E-01
    2    2    1    1  1.1210565921578188E+00
    2    2    2    1 -1.3185147536911050E-12
    2    2    2    2  1.0779778884389686E+00
    3    1    1    1 -1.7774376078522378E-01
    3    1    2    1 -7.9354224573498482E-13
    3    1    2    2 -1.1044631991052026E-01
    3    1    3    1  9.7349812086203150E-02
    3    2    1    1 -7.0428692988244029E-13
    3    2    2    1  1.2567659953374996E-01
    3    2    2    2  2.7482150669749794E-13
    3    2    3    1  4.8501093007254081E-14
    3    2    3    2  1.1890413300727960E-01
    3    3    1    1  7.4761243827716506E-01
    3    3    2    1  1.4210838452169416E-13
    3    3    2    2  7.3675292271614790E-01
    3    3    3    1 -4.4695699402301694E-03
    3    3    3    2  3.9936858074046677E-14
    3    3    3    3  6.8974896942216113E-01
    4    1    1    1  2.3375579629499738E-12
    4    1    2    1  6.6358990513936914E-02
    4    1    2    2 -3.9968536428647630E-13
    4    1    3    1 -4.6688959529040883E-13
    4    1    3    2 -1.7324437860217002E-03
    4    1    3    3  3.6797821734158020E-15
    4    1    4    1  4.6320766370091540E-02
    4    2    1    1  1.8437196079583795E-01
    4    2    2    1 -1.5268511552746916E-13
    4    2    2    2  1.4945416508476425E-01
    4    2    3    1 -7.4825659362028896E-02
    4    2    3    2  1.4178518385407624E-14
    4    2    3    3  2.6926200442114277E-03
    4    2    4    1 -9.0083756426606598E-14
    4    2    4    2  8.3782215880327152E-02
    4    3    1    1  4.1175884316763112E-13
    4    3    2    1 -1.5371680259238854E-01
    4    3    2    2  6.2651164638161116E-14
    4    3    3    1  1.9078542998901549E-14
    4    3    3    2 -1.5145630172579361E-01
    4    3    3    3  7.1821888714129756E-15
    4    3    4    1  1.4882633099739069E-02
    4    3    4    2 -1.8233678455992219E-14
    4    3    4    3  2.7561119748384683E-01
    4    4    1    1  5.9944207310720876E-01
    4    4    2    1  1.5347261222292685E-13
    4    4    2    2  6.0550436121422280E-01
    4    4    3    1  1.8251524943990270E-02
    4    4    3    2  2.5306254487766910E-14
    4    4    3    3  6.1922433604507621E-01
    4    4    4    1 -1.4642516257649951E-14
    4    4    4    2 -2.0065514671167902E-02
    4    4    4    3  1.7126491197450022E-14
    4    4    4    4  5.9854532286531459E-01
    5    1    1    1  7.2536300242384499E-02
    5    1    2    1 -1.2359366392193476E-13
    5    1    2    2  2.3970147353923603E-02
    5    1    3    1 -6.4803260494674275E-02
    5    1    3    2  1.3643699072005827E-13
    5    1    3    3 -4.1821072193740242E-03
    5    1    4    1 -3.1539237909695983E-14
    5    1    4    2  3.3167571304914337E-02
    5    1    4    3  1.0971095993489444E-14
    5    1    4    4 -8.4278167769678003E-03
    5    1    5    1  6.0006315598867072E-02
    5    2    1    1  3.0759612522010538E-13
    5    2    2    1 -1.1751214432360868E-01
    5    2    2    2 -1.1783534759925163E-13
    5    2    3    1  6.9497738727081204E-14
    5    2    3    2 -7.6141680662459771E-02
    5    2    3    3  3.0114149021653880E-14
    5    2    4    1 -2.6936727908703002E-02
    5    2    4    2 -1.5594215372130571E-14
    5    2    4    3  5.8169542840139379E-02
    5    2    4    4 -1.5833580106761058E-14
    5    2    5    1 -4.0109097141673156E-14
    5    2    5    2  8.0103443510277594E-02
    5    3    1    1 -2.7071699514993319E-01
    5    3    2    1  1.1413764898493550E-13
    5    3    2    2 -2.3703317565673301E-01
    5    3    3    1  5.9400175082969665E-02
    5    3    3    2  1.1169884461814661E-14
    5    3    3    3 -8.8688928777344467E-02
    5    3    4    1  2.4013316292023634E-14
    5    3    4    2 -6.8587745034720829E-02
    5    3    4    3 -1.9073284618364994E-15
    5    3    4    4 -1.4413406081912428E-02
    5    3    5    1 -1.4506957519945655E-02
    5    3    5    2 -1.1292616147740020E-14
    5    3    5    3  1.3053102806688791E-01
    5    4    1    1 -9.8952530197538024E-14
    5    4    2    1 -3.4778448131838426E-02
    5    4    2    2 -5.2853554866061359E-14
    5    4    3    1  1.1180943323974013E-14
    5    4    3    2 -5.5967174173056369E-02
    5    4    3    3  3.7777940498084916E-15
    5    4    4    1  2.0758743441410508E-02
    5    4    4    2  3.5378601090374495E-15
    5    4    4    3  1.3463899137555999E-01
    5    4    5    1 -3.7741348674763531E-15
    5    4    5    2  2.5957326607661028E-03
    5    4    5    3 -3.2448002618146177E-15
    5    4    5    4  1.1589988413490232E-01
    5    5    1    1  6.1980684859021273E-01
    5    5    2    1  5.5520095899180832E-14
    5    5    2    2  6.0544719154888971E-01
    5    5    3    1 -1.8954162976189150E-02
    5    5    3    2 -1.0750948742366262E-14
    5    5    3    3  5.5712654872268963E-01
    5    5    4    1 -1.0049036255899146E-14
    5    5    4    2  1.6205130662788142E-02
    5    5    4    3 -1.7581422429024940E-15
    5    5    4    4  5.2320902022380578E-01
    5    5    5    1  8.5490427370379964E-03
    5    5    5    2  1.2070097525629375E-14
    5    5    5    3 -4.3177701116236075E-02
    5    5    5    5  5.1446747083902045E-01
    6    1    1    1  8.0207238420393345E-13
    6    1    2    1  2.7262463472091648E-02
    6    1    2    2 -1.1603490791909504E-13
    6    1    3    1 -1.0752420546815411E-13
    6    1    3    2 -1.7421295632306478E-02
    6    1    3    3  4.6493841762695887E-15
    6    1    4    1  3.2342191843752137E-02
    6    1    4    2 -3.1544970628683000E-14
    6    1    4    3  1.6927066130511283E-02
    6    1    4    4 -1.1906382997584064E-14
    6    1    5    1 -1.6412842222465751E-14
    6    1    5    2 -5.0432344216764385E-04
    6    1    5    3  7.2161650569932401E-15
    6    1    5    4  8.9168310069142505E-03
    6    1    5    5  1.4861159178258809E-15
    6    1    6    1  3.0981691823327530E-02
    6    2    1    1  7.5355608368470772E-02
    6    2    2    1 -2.1883055534733381E-13
    6    2    2    2  4.7172235848241657E-02
    6    2    3    1 -5.6680900615195706E-02
    6    2    3    2  4.7616804162847748E-15
    6    2    3    3 -2.5106603654721289E-02
    6    2    4    1 -2.3576030450805918E-14
    6    2    4    2  5.1461742348314174E-02
    6    2    4    3 -1.7365232515831330E-14
    6    2    4    4 -1.8852684446713314E-02
    6    2    5    1  3.9204780774384641E-02
    6    2    5    2 -2.1411908704416227E-15
    6    2    5    3 -1.3026456929448222E-02
    6    2    5    4  2.0059908595326803E-15
    6    2    5    5  1.3988354410677732E-03
    6    2    6    1 -2.1615115296594323E-14
    6    2    6    2  4.8254098554435278E-02
    6    3    1    1  1.2111036999662428E-13
    6    3    2    1 -9.9483741358866173E-02
    6    3    2    2  4.6488203911398962E-14
    6    3    3    1  1.2390262427164345E-14
    6    3    3    2 -6.4351765681303477E-02
    6    3    3    3 -7.1657089983911959E-15
    6    3    4    1 -1.8761545457317331E-02
    6    3    4    2 -1.3944466241422315E-14
    6    3    4    3  6.2226777945896206E-02
    6    3    4    4 -4.1546627249644530E-15
    6    3    5    1  6.8460319878338449E-15
    6    3    5    2  5.9237056039106104E-02
    6    3    5    3  1.7980408828499606E-15
    6    3    5    4 -2.5718605948921378E-02
    6    3    5    5  2.3635607360183997E-15
    6    3    6    1  3.2645884071261567E-03
    6    3    6    2 -5.1202531797800432E-15
    6    3    6    3  8.3557862645882205E-02
    6    4    1    1  2.1618960298656259E-01
    6    4    2    1 -7.2870745895792233E-14
    6    4    2    2  2.0154094477107989E-01
    6    4    3    1 -2.7810120023745916E-02
    6    4    3    2  5.5658602726715856E-15
    6    4    3    3  1.0671584477171571E-01
    6    4    4    1 -1.5398381354725377E-14
    6    4    4    2  3.9795745248588144E-02
    6    4    4    4  5.1770476055365694E-02
    6    4    5    1 -6.0857341271786710E-04
    6    4    5    3 -9.7684965919469735E-02
    6    4    5    4 -2.6810151321221554E-15
    6    4    5    5  3.3978035245601723E-02
    6    4    6    1 -1.1134431050774385E-14
    6    4    6    2 -9.7996079123332212E-04
    6    4    6    4  1.0096511536050931E-01
    6    5    1    1 -4.7084731946700487E-14
    6    5    2    1  9.1966942418943320E-02
    6    5    2    2 -3.1012518941775369E-15
    6    5    3    1  9.7471401609705577E-15
    6    5    3    2  8.9863479899996226E-02
    6    5    3    3  3.8518450581892516E-15
    6    5    4    1 -7.1712524224663531E-03
    6    5    4    2  6.2807831852085272E-15
    6    5    4    3 -1.7446324263640212E-01
    6    5    5    1 -7.2469157411103602E-15
    6    5    5    2 -3.1256337360627308E-02
    6    5    5    3  2.5175174445113413E-15
    6    5    5    4 -1.1451055249420940E-01
    6    5    5    5  2.7929183488498155E-15
    6    5    6    1 -4.7478152646429350E-03
    6    5    6    2  5.3714628231449346E-15
    6    5    6    3 -8.2805404280871103E-03
    6    5    6    5  1.6072974306642887E-01
    6    6    1    1  5.1977484905819893E-01
    6    6    2    1 -2.2658849622991806E-14
    6    6    2    2  5.1849261666159119E-01
    6    6    3    1  2.7289609376845922E-03
    6    6    3    2  4.3210877584409779E-15
    6    6    3    3  5.1026961059674447E-01
    6    6    4    1 -1.6213592968217228E-14
    6    6    4    2 -4.1123205365088296E-03
    6    6    4    4  4.9188143693851605E-01
    6    6    5    1 -1.1368315828385149E-03
    6    6    5    2  4.8099545180146919E-15
    6    6    5    3 -1.7684110046970195E-02
    6    6    5    4 -1.8188575645616822E-15
    6    6    5    5  4.7082008620456456E-01
    6    6    6    1 -5.7005723926029095E-15
    6    6    6    2 -8.5205851046330060E-03
    6    6    6    4  2.2873015618691442E-02
    6    6    6    6  4.6110615652035047E-01
    7    1    1    1  1.9646841577591185E-02
    7    1    2    1 -2.5282714764536356E-13
    7    1    2    2 -5.9503159888537049E-03
    7    1    3    1 -2.8898177717425172E-02
    7    1    3    2  7.2978759537226101E-14
    7    1    3    3  7.9235738907581267E-03
    7    1    4    1 -5.7174778149773897E-14
    7    1    4    2  2.5187116563281705E-03
    7    1    4    3  1.2344075414616462E-14
    7    1    4    4  4.5218988597652389E-03
    7    1    5    1  3.8303185080707056E-02
    7    1    5    2 -5.4758816567506557E-14
    7    1    5    3 -1.7489602565883729E-03
    7    1    5    4 -7.0214016892333753E-15
    7    1    5    5  4.7413715736562331E-03
    7    1    6    1 -1.1409316959080928E-14
    7    1    6    2  1.2859179461224137E-02
    7    1    6    3  6.3726151092180494E-15
    7    1    6    4 -4.3700589671968393E-04
    7    1    6    5 -5.1765232725320409E-15
    7    1    6    6  4.9575067410486742E-03
    7    1    7    1  3.4800444277693313E-02
    7    2    1    1  1.8279754337817422E-13
    7    2    2    1 -7.5036182055648146E-02
    7    2    2    2 -7.8625501291965105E-14
    7    2    3    1  3.6123068512111667E-14
    7    2    3    2 -2.9217413694157160E-02
    7    2    3    3  1.7743076972942529E-14
    7    2    4    1 -3.4070733554673015E-02
    7    2    4    2 -9.7563558794366845E-15
    7    2    4    3  4.0793996320618621E-03
    7    2    4    4 -1.9452755378734921E-15
    7    2    5    1 -2.9682660273927172E-14
    7    2    5    2  5.0585575004503815E-02
    7    2    5    3 -1.4383568121278945E-15
    7    2    5    4 -1.7626374098022183E-03
    7    2    5    5  3.9584221317445767E-15
    7    2    6    1 -1.6091602126925970E-02
    7    2    6    2  1.7153704671979408E-15
    7    2    6    3  1.9353665088360915E-02
    7    2    6    4 -1.4225816705182304E-15
    7    2    6    5 -8.5158181203416929E-03
    7    2    6    6 -1.8049797767538678E-15
    7    2    7    1 -9.1451369046979814E-15
    7    2    7    2  4.9193918106634253E-02
    7    3    1    1 -8.0592062856297372E-02
    7    3    2    1  1.3906844426037068E-14
    7    3    2    2 -5.0516282645627089E-02
    7    3    3    1  5.5629052480068795E-02
    7    3    3    2  1.0608267736467170E-14
    7    3    3    3  3.6775995214129713E-02
    7    3    4    1  1.7292211499514432E-15
    7    3    4    2 -5.2426683714771306E-02
    7    3    4    3 -2.9342847596147692E-15
    7    3    4    4  5.3054198479146109E-02
    7    3    5    1 -3.0311889950783474E-02
    7    3    5    2 -7.0372039358973515E-15
    7    3    5    3  3.9144006209540623E-02
    7    3    5    4 -3.1151296819853513E-15
    7    3    5    5 -4.5506175764395678E-03
    7    3    6    1 -2.6353024580247353E-15
    7    3    6    2 -3.5590265795058862E-02
    7    3    6    4  4.2891532340989386E-03
    7    3    6    5  1.0599160438218291E-15
    7    3    6    6  1.0966610641565629E-02
    7    3    7    1 -5.1106250168377948E-03
    7    3    7    2 -1.3805146262257928E-15
    7    3    7    3  6.2145666873340985E-02
    7    4    1    1 -1.5128631854210983E-14
    7    4    2    1 -7.4545506989203689E-02
    7    4    2    2 -4.2998373958602620E-15
    7    4    3    1  1.9377565958073051E-14
    7    4    3    2 -6.6508101756559371E-02
    7    4    3    3 -1.4714791884973266E-15
    7    4    4    1  1.3570572673114630E-03
    7    4    4    2 -4.6584914745184669E-15
    7    4    4    3  9.4295368867863952E-02
    7    4    5    1 -5.4745704497483061E-15
    7    4    5    2  4.1507472128821013E-02
    7    4    5    4  2.2565999176148387E-02
    7    4    6    1  1.2718157845571728E-02
    7    4    6    2  2.7396704696536212E-15
    7    4    6    3  5.3972636449898026E-02
    7    4    6    5 -2.2240691352940573E-02
    7    4    7    1 -3.5690851316050320E-15
    7    4    7    2  9.2188810469605083E-03
    7    4    7    4  7.0244822396037132E-02
    7    5    1    1  2.4868472289125576E-01
    7    5    2    1  3.2431685375450270E-14
    7    5    2    2  2.2549681575410246E-01
    7    5    3    1 -4.2977558130300055E-02
    7    5    3    2 -1.0428615436486321E-14
    7    5    3    3  1.1655523460728072E-01
    7    5    4    1  4.8018772118296749E-15
    7    5    4    2  5.1101404164800530E-02
    7    5    4    4  6.5775259220297339E-02
    7    5    5    1  1.0205833432214543E-02
    7    5    5    2  3.2554254431049756E-15
    7    5    5    3 -9.2589819624559686E-02
    7    5    5    4  1.4810201676151991E-15
    7    5    5    5  6.3797124145344206E-02
    7    5    6    1 -1.8174481017374511E-15
    7    5    6    2  1.2299324476217482E-02
    7    5    6    3 -1.5341460740669888E-15
    7    5    6    4  8.3226924522001852E-02
    7    5    6    5 -1.4992347641129555E-15
    7    5    6    6  2.1308521988018414E-02
    7    5    7    1 -6.4945657251009887E-04
    7    5    7    2  1.6594256350976888E-15
    7    5    7    3 -1.0882362516033252E-02
    7    5    7    5  1.0431392641653781E-01
    7    6    1    1 -5.2197829392142125E-14
    7    6    2    1 -4.4121587066233002E-02
    7    6    2    2 -8.1844253596585759E-15
    7    6    3    1  2.7008560318786401E-15
    7    6    3    2 -5.6865819781173277E-02
    7    6    3    3 -7.4948727779577951E-15
    7    6    4    1  1.5444564439782420E-02
    7    6    4    2  1.1301723445988898E-15
    7    6    4    3  1.2052651319572213E-01
    7    6    5    1 -5.9291764206714781E-15
    7    6    5    2  1.2562284024434626E-02
    7    6    5    3 -1.1074040989766942E-15
    7    6    5    4  9.1104608090961242E-02
    7    6    5    5 -2.3609586508044345E-15
    7    6    6    1  1.0977571723408752E-02
    7    6    6    3 -8.2806691728830387E-03
    7    6    6    5 -1.1604259055135864E-01
    7    6    7    1 -1.7268088001176629E-15
    7    6    7    2  1.7994233149946808E-03
    7    6    7    4  1.1260227530987869E-02
    7    6    7    6  1.0642748697528222E-01
    7    7    1    1  5.4177811221649896E-01
    7    7    2    1  5.3785101372660904E-15
    7    7    2    2  5.3368899746225018E-01
    7    7    3    1 -1.1716313138028761E-02
    7    7    3    2  1.8474805019152996E-15
    7    7    3    3  4.9315225687612413E-01
    7    7    4    1 -1.0236034025598584E-14
    7    7    4    2  1.4295401370066425E-02
    7    7    4    3 -4.8927875639925844E-15
    7    7    4    4  4.6922336188941466E-01
    7    7    5    1  7.3915991315602375E-04
    7    7    5    2  2.7318642140117255E-15
    7    7    5    3 -3.3158620127222496E-02
    7    7    5    4 -2.8900493109773606E-15
    7    7    5    5  4.5553015008195841E-01
    7    7    6    1 -2.3770048429572199E-15
    7    7    6    2  1.9540190306627132E-03
    7    7    6    4  3.1869833161785890E-02
    7    7    6    5  1.4953316362920077E-15
    7    7    6    6  4.2830877998869743E-01
    7    7    7    1 -4.0900591618833661E-03
    7    7    7    3  1.2886414182187887E-03
    7    7    7    5  4.7017388396967397E-02
    7    7    7    7  4.3206457965491735E-01
    8    1    1    1 -3.2700729466926190E-13
    8    1    2    1 -8.6358910077589199E-03
    8    1    2    2  2.4909429716373638E-14
    8    1    3    1  3.2354856099002516E-14
    8    1    3    2  1.4383713777037484E-02
    8    1    3    3 -1.2914311547235213E-14
    8    1    4    1 -1.6812443048896071E-02
    8    1    4    2  1.0539068532808282E-14
    8    1    4    3 -3.1040122513566228E-03
    8    1    4    4  6.0512575852933459E-15
    8    1    5    1  8.9973059384795828E-15
    8    1    5    2 -1.0409544813917702E-02
    8    1    5    3 -9.1086941591753123E-15
    8    1    5    4 -2.7581825959249549E-03
    8    1    6    1 -2.1590631251899400E-02
    8    1    6    2  1.1932864635647022E-14
    8    1    6    3 -3.8096800278040704E-03
    8    1    6    4 -1.3733046817787642E-15
    8    1    6    5 -4.1031071954498674E-04
    8    1    6    6  1.5489996438300402E-15
    8    1    7    1  5.8517101754473888E-15
    8    1    7    2 -4.2892246157823563E-04
    8    1    7    4 -8.4599457313370360E-03
    8    1    7    6 -7.7688507453234617E-03
    8    1    8    1  2.0298072855210923E-02
    8    2    1    1 -3.2864724766073834E-02
    8    2    2    1  1.8945587286489651E-13
    8    2    2    2 -1.4403137492760941E-02
    8    2    3    1  3.4634993506746446E-02
    8    2    3    2  1.3743075687883133E-15
    8    2    3    3  7.8113565612070264E-03
    8    2    4    1  5.9099860422184847E-15
    8    2    4    2 -2.3186265859831908E-02
    8    2    4    3  1.3000288779513314E-14
    8    2    4    4 -3.3007362087380671E-03
    8    2    5    1 -3.4005264213025743E-02
    8    2    5    2 -1.3795117392162437E-15
    8    2    5    3 -5.4597645553982853E-03
    8    2    5    5 -4.9065977996026180E-04
    8    2    6    1  1.5641811847502685E-14
    8    2    6    2 -3.1432728829790396E-02
    8    2    6    3  2.7983258071850869E-15
    8    2    6    4  2.7969564697004029E-03
    8    2    6    6  1.5750494217167536E-03
    8    2    7    1 -2.0513852772562874E-02
    8    2    7    2 -2.2050774834553311E-15
    8    2    7    3  9.4344486863201880E-03
    8    2    7    5 -3.0075783497489216E-03
    8    2    7    7 -6.1367074234019308E-04
    8    2    8    1 -7.6025611587399178E-15
    8    2    8    2  2.9808704561996417E-02
    8    3    1    1  2.6595912971938418E-14
    8    3    2    1  4.7279813689616958E-02
    8    3    2    2 -8.3434778183621994E-15
    8    3    3    1 -6.1078529386970892E-15
    8    3    3    2  9.5380445579024246E-03
    8    3    3    3 -1.2800090848363865E-15
    8    3    4    1  2.7430952411646850E-02
    8    3    4    2  2.8203893213951670E-15
    8    3    4    3  1.9801185034162845E-02
    8    3    5    1 -2.8104146614083003E-15
    8    3    5    2 -3.1947661385845004E-02
    8    3    5    3 -2.9542340795885025E-15
    8    3    5    4  3.5378174510048849E-02
    8    3    6    1  1.2116483876974008E-02
    8    3    6    2  3.2301093223774391E-15
    8    3    6    3 -2.9616317200698530E-02
    8    3    6    5 -9.5359503321127553E-04
    8    3    7    1 -4.9014069712638442E-15
    8    3    7    2 -2.5496398640395528E-02
    8    3    7    3 -1.8095334258783069E-15
    8    3    7    4  1.1987917022007893E-02
    8    3    7    6  7.3335053055483580E-03
    8    3    8    1 -1.6070726100891101E-03
    8    3    8    3  4.5403965879362504E-02
    8    4    1    1 -7.5417030711837876E-02
    8    4    2    1  5.1054646621473410E-14
    8    4    2    2 -5.5200986441535371E-02
    8    4    3    1  3.9493815722738281E-02
    8    4    3    2 -2.1782705847406270E-15
    8    4    3    3  2.5532129991799123E-02
    8    4    4    1  9.2142818982482444E-15
    8    4    4    2 -4.3637164341855834E-02
    8    4    4    4  4.9869833366117777E-02
    8    4    5    1 -1.5438660284252925E-02
    8    4    5    2 -2.1040569460339942E-15
    8    4    5    3  5.2063004817611246E-02
    8    4    5    5  1.4668866277347469E-02
    8    4    6    1  5.1022554237167839E-15
    8    4    6    2 -2.0707560411849190E-02
    8    4    6    4 -2.4946943507389213E-02
    8    4    6    6  6.6118738629464364E-03
    8    4    7    1 -1.6985442922591043E-03
    8    4    7    3  4.2250741960895129E-02
    8    4    7    5 -6.9303552390786545E-03
    8    4    7    7  9.3987267609295811E-03
    8    4    8    1 -1.8110784139740987E-15
    8    4    8    2  1.9596222787972321E-03
    8    4    8    4  5.5192402806235365E-02
    8    5    1    1  3.4890493272321521E-14
    8    5    2    1 -8.4770761380342521E-02
    8    5    3    1  3.3831715640780802E-15
    8    5    3    2 -6.3413455121718004E-02
    8    5    4    1 -9.5886541663886080E-03
    8    5    4    2 -4.3678168720751032E-15
    8    5    4    3  8.8547551866746732E-02
    8    5    5    1  3.1038539793915021E-15
    8    5    5    2  4.3300681046419452E-02
    8    5    5    4  2.0110899845176462E-02
    8    5    6    1  1.5278435072714940E-03
    8    5    6    3  5.2245331475528095E-02
    8    5    6    5 -3.4384494778072663E-02
    8    5    7    1  1.7015468894987507E-15
    8    5    7    2  1.3234572089811918E-02
    8    5    7    4  5.5558879607349815E-02
    8    5    7    6 -2.9370067559510681E-04
    8    5    8    1  1.7492459605640133E-03
    8    5    8    3  1.0649108730858437E-03
    8    5    8    5  6.7309276285056563E-02
    8    6    1    1 -2.0483269592144143E-01
    8    6    2    1 -3.5839387013680835E-15
    8    6    2    2 -1.9190945760852368E-01
    8    6    3    1  2.3703575115272938E-02
    8    6    3    2  2.7178237958780382E-15
    8    6    3    3 -1.2190043460268787E-01
    8    6    4    1 -1.8329521928039938E-15
    8    6    4    2 -2.9718838927947883E-02
    8    6    4    3 -3.1365968850005643E-15
    8    6    4    4 -8.0588012782193158E-02
    8    6    5    1 -4.4796840569537666E-03
    8    6    5    3  7.2454996779770811E-02
    8    6    5    5 -6.7612174955233334E-02
    8    6    6    2  9.4576036692071118E-07
    8    6    6    4 -7.3911200898376869E-02
    8    6    6    6 -4.4924756046886186E-02
    8    6    7    1 -5.7829685498900106E-03
    8    6    7    2 -1.0163311164879119E-15
    8    6    7    3 -3.9969847133727926E-03
    8    6    7    5 -7.7388078993293141E-02
    8    6    7    7 -3.7121421698682905E-02
    8    6    8    2  2.3336880338962985E-04
    8    6    8    4  5.9603649742848396E-03
    8    6    8    6  8.2893645154450663E-02
    8    7    1    1  9.7248598063259806E-15
    8    7    2    1 -6.2522637199346809E-02
    8    7    2    2 -2.4112656316077619E-15
    8    7    3    1 -5.7299000613686424E-15
    8    7    3    2 -5.9333921256679537E-02
    8    7    3    3 -4.5380366131553274E-15
    8    7    4    1  2.5747889405052650E-03
    8    7    4    3  1.2545462737048887E-01
    8    7    5    2  1.7124408744768994E-02
    8    7    5    3 -1.9142673557404066E-15
    8    7    5    4  9.1301810705791298E-02
    8    7    5    5 -1.9186041644303486E-15
    8    7    6    1 -3.0587904578478044E-03
    8    7    6    2 -1.1995612836379621E-15
    8    7    6    3 -3.9199655596271164E-03
    8    7    6    5 -1.1415864737138334E-01
    8    7    7    2  7.6455326509988538E-03
    8    7    7    4  1.7517952312039897E-02
    8    7    7    6  9.3234868366502022E-02
    8    7    8    1  6.7826527707437120E-03
    8    7    8    3  1.0329679101160972E-02
    8    7    8    5  1.3681211305901934E-02
    8    7    8    7  1.1476298501749688E-01
    8    8    1    1  4.6661486905957883E-01
    8    8    2    1  1.6002824065886045E-15
    8    8    2    2  4.6237448931732728E-01
    8    8    3    1 -3.7695971020440559E-03
    8    8    3    2  3.9638431426070042E-15
    8    8    3    3  4.5619263020463319E-01
    8    8    4    1 -5.6048915508810637E-15
    8    8    4    2 -1.0881126965861364E-03
    8    8    4    3 -1.7728873924482969E-15
    8    8    4    4  4.4356283526641360E-01
    8    8    5    1  6.8173537258530894E-03
    8    8    5    2  1.3869114190434573E-15
    8    8    5    3 -1.2601154459418208E-02
    8    8    5    4 -1.6688039838896884E-15
    8    8    5    5  4.2194329166787037E-01
    8    8    6    2 -2.4750559950045253E-03
    8    8    6    4  2.0214484157442925E-02
    8    8    6    5  1.0963452368173421E-15
    8    8    6    6  4.0589661408796474E-01
    8    8    7    1  1.0715518990417231E-02
    8    8    7    3  1.2977036190360324E-02
    8    8    7    5  2.7862482024531315E-02
    8    8    7    7  4.0067936106926022E-01
    8    8    8    2 -5.8586189589335128E-03
    8    8    8    4  1.5145773155004058E-02
    8    8    8    6 -2.7572847758232252E-02
    8    8    8    8  4.0076830163002447E-01
    9    1    1    1 -1.3840901224573959E-03
    9    1    2    1  1.2602712351082648E-13
    9    1    2    2  9.2696571922867357E-03
    9    1    3    1  9.0558051634080389E-03
    9    1    3    2 -2.1555633254906337E-14
    9    1    3    3 -7.2956065085228814E-03
    9    1    4    1  6.1556581229874063E-14
    9    1    4    2  5.8549836108402467E-03
    9    1    4    3 -1.3933705534860397E-14
    9    1    4    4 -1.2392148038209241E-03
    9    1    5    1 -1.7743532018538222E-02
    9    1    5    2  2.1440247038699567E-14
    9    1    5    3  3.8240451333618761E-03
    9    1    5    4  5.2344467735970790E-15
    9    1    5    5 -7.4249115908599662E-04
    9    1    6    1  8.0303602309483857E-15
    9    1    6    2  1.2370905542584986E-03
    9    1    6    3 -2.8787397270656212E-15
    9    1    6    4 -3.0548455856479755E-03
    9    1    6    5  1.9529733732981391E-15
    9    1    6    6 -5.7428970926661389E-03
    9    1    7    1 -2.2104485755889827E-02
    9    1    7    2  1.1555792672583720E-14
    9    1    7    3 -1.0588695923106836E-03
    9    1    7    5  3.9056348036341799E-03
    9    1    7    7  7.4964867542276700E-03
    9    1    8    1  1.8102313810268444E-15
    9    1    8    2  6.6162243195101132E-03
    9    1    8    4  3.3125081802671576E-03
    9    1    8    5 -1.0177405793121430E-15
    9    1    8    6  7.2635900436715459E-03
    9    1    8    8 -7.0380879961353653E-03
    9    1    9    1  1.8207238101303872E-02
    9    2    1    1 -4.8547185152111871E-14
    9    2    2    1  3.7756132806545412E-02
    9    2    2    2  4.0386314084650543E-14
    9    2    3    1 -7.2070713112715179E-15
    9    2    3    2  7.9923694283862510E-03
    9    2    3    3 -2.0688745855368396E-15
    9    2    4    1  2.3333415019841718E-02
    9    2    4    2  4.3672747709888604E-15
    9    2    4    3  1.8464879723516744E-03
    9    2    4    4 -1.5875972411705241E-15
    9    2    5    1  1.3376651775999764E-14
    9    2    5    2 -2.1863472457670043E-02
    9    2    5    3  4.6825336576933330E-15
    9    2    5    4 -7.4621931034630088E-03
    9    2    5    5 -2.0250728177684252E-15
    9    2    6    1  1.7014573715842595E-02
    9    2    6    2 -3.0068992001169859E-15
    9    2    6    3  2.1238886125552760E-03
    9    2    6    5  1.1222019904734023E-03
    9    2    7    1  6.0916034586369627E-15
    9    2    7    2 -3.0730406719062884E-02
    9    2    7    3  1.5648832056569528E-15
    9    2    7    4 -3.6534831504771276E-03
    9    2    7    6 -3.2263929267609755E-04
    9    2    8    1 -5.9240649716805430E-03
    9    2    8    2  1.8288593296028610E-15
    9    2    8    3  4.5914255806903930E-03
    9    2    8    4 -1.0590757871381529E-15
    9    2    8    5 -4.2019129526222826E-03
    9    2    8    7 -8.6969963763399334E-03
    9    2    9    2  2.6778503689766704E-02
    9    3    1    1  2.4761236197848660E-02
    9    3    2    1  6.4906847258017208E-15
    9    3    2    2  9.3358898067992628E-03
    9    3    3    1 -2.7534369434094996E-02
    9    3    3    2 -8.1381299268934448E-15
    9    3    3    3 -6.4625112876427852E-03
    9    3    4    1  7.8922328741737324E-15
    9    3    4    2  1.7090219840827821E-02
    9    3    4    3 -1.1826477297471882E-15
    9    3    4    4  3.6523702832384373E-03
    9    3    5    1  2.5973373244138991E-02
    9    3    5    2  2.7986239627825205E-15
    9    3    5    3  1.1545832102202004E-02
    9    3    5    5  2.0748233650253876E-02
    9    3    6    1  3.9800316362949284E-15
    9    3    6    2  2.5326901545223129E-02
    9    3    6    4 -2.4195477236964205E-02
    9    3    6    6 -6.4475333698159158E-04
    9    3    7    1  1.0519370188923830E-02
    9    3    7    3 -2.0711166166370625E-02
    9    3    7    5  6.4571647155403523E-03
    9    3    7    7  1.0524444490703826E-02
    9    3    8    1 -2.4793264229855394E-15
    9    3    8    2 -1.8389277291686688E-02
    9    3    8    3 -1.0154637547499235E-15
    9    3    8    4  1.0290146948909496E-02
    9    3    8    6  6.1598105539982413E-03
    9    3    8    8  4.7127217642105390E-03
    9    3    9    1  1.9629156976292846E-03
    9    3    9    3  3.4652648719227346E-02
    9    4    1    1  6.9535848433444070E-14
    9    4    2    1  4.6009274279999485E-02
    9    4    2    2 -5.9917348860238917E-15
    9    4    3    1 -8.0266197334533107E-15
    9    4    3    2  2.2412291524828799E-02
    9    4    4    1  1.4780721216930316E-02
    9    4    4    2  1.0830637602043947E-15
    9    4    4    3 -1.9068954845113785E-03
    9    4    4    4 -2.5895084687643788E-15
    9    4    5    1  1.7793655004288977E-15
    9    4    5    2 -3.4925840571157656E-02
    9    4    5    3 -1.0434361708000495E-15
    9    4    5    4  2.8056368369230957E-02
    9    4    5    5 -1.4272437398599180E-15
    9    4    6    1 -1.8956594235219966E-03
    9    4    6    3 -3.9468174257945535E-02
    9    4    6    4 -1.0599160438218291E-15
    9    4    6    5 -9.3969078830313177E-03
    9    4    6    6 -1.4532645919995701E-15
    9    4    7    2 -2.0193427244479693E-02
    9    4    7    3 -1.1756004156260325E-15
    9    4    7    4 -1.5258284321154355E-02
    9    4    7    6  6.2168468876075411E-04
    9    4    8    1  9.2716216298607979E-03
    9    4    8    3  2.9786097752069363E-02
    9    4    8    5 -3.5806734557540512E-03
    9    4    8    7  6.9215459923780143E-03
    9    4    8    8 -1.1574942393455245E-15
    9    4    9    2  2.3744102400523621E-03
    9    4    9    4  3.8801254943764948E-02
    9    5    1    1 -7.5180394711002796E-02
    9    5    2    1  8.6297071918983725E-15
    9    5    2    2 -5.3446808118444225E-02
    9    5    3    1  4.2733540532374083E-02
    9    5    3    2  4.6812597201406625E-15
    9    5    3    3  2.9866240872706083E-02
    9    5    4    2 -4.6721007226401337E-02
    9    5    4    4  5.0329189278031122E-02
    9    5    5    1 -1.6590832673317769E-02
    9    5    5    2 -1.5503006864370228E-15
    9    5    5    3  4.6896939081664042E-02
    9    5    5    5  1.9200038188366020E-02
    9    5    6    1  2.2327517439080236E-15
    9    5    6    2 -2.6232909839575498E-02
    9    5    6    4 -2.1560695407334227E-02
    9    5    6    6  2.9867134271741178E-02
    9    5    7    1  3.5173574212067453E-03
    9    5    7    3  3.9983217241038996E-02
    9    5    7    5 -2.5073345213683373E-02
    9    5    7    7  7.5754804579595061E-04
    9    5    8    1 -1.6685871434551913E-15
    9    5    8    2  5.9525484819931886E-03
    9    5    8    4  3.6573203283334285E-02
    9    5    8    6 -5.1272961661858983E-03
    9    5    8    8  1.0330450252561929E-02
    9    5    9    1 -7.3959836077120474E-03
    9    5    9    3 -4.5352445767026291E-03
    9    5    9    5  5.2298116518437229E-02
    9    6    1    1  3.2411573425150664E-14
    9    6    2    1  6.3441664749576562E-02
    9    6    2    2  2.0339632755828063E-15
    9    6    3    1 -7.4323143126053814E-15
    9    6    3    2  6.1043675715724867E-02
    9    6    3    3  3.4685795902156258E-15
    9    6    4    1 -5.3562620287971457E-03
    9    6    4    3 -9.0551322819802563E-02
    9    6    4    4 -1.1752751549742868E-15
    9    6    5    1  3.0695931907409602E-15
    9    6    5    2 -3.5208204597547393E-02
    9    6    5    4 -3.0137445140132287E-02
    9    6    6    1 -1.5277093317228369E-02
    9    6    6    3 -4.1604466712896415E-02
    9    6    6    5  4.5969290549278487E-02
    9    6    7    2 -5.6816926121198421E-03
    9    6    7    4 -4.7880073282215455E-02
    9    6    7    6 -2.2356349146292837E-02
    9    6    8    1  1.1621340580596558E-02
    9    6    8    3 -2.3868534875294764E-03
    9    6    8    5 -5.1325421188435860E-02
    9    6    8    7 -4.4966015180304686E-03
    9    6    9    2 -3.5547267205938791E-03
    9    6    9    4  5.6841512843845803E-03
    9    6    9    6  6.6519072354593811E-02
    9    7    1    1 -2.1542789920329553E-01
    9    7    2    1 -1.3574211199518516E-15
    9    7    2    2 -2.0295495634394856E-01
    9    7    3    1  2.4623413661594706E-02
    9    7    3    2  2.2538394761628666E-15
    9    7    3    3 -1.1918172773715890E-01
    9    7    4    1  1.1515582324511664E-15
    9    7    4    2 -3.6742594650124742E-02
    9    7    4    4 -7.8580128986127040E-02
    9    7    5    1  2.8250427373535500E-03
    9    7    5    3  7.3672526681466621E-02
    9    7    5    5 -7.5870069164959308E-02
    9    7    6    2 -3.8908378665744089E-03
    9    7    6    4 -6.7831737290123179E-02
    9    7    6    6 -5.0465126561123189E-02
    9    7    7    1  9.2328940430927119E-03
    9    7    7    3  6.6874423067870489E-03
    9    7    7    5 -7.5823583506579320E-02
    9    7    7    7 -5.1046069379654030E-02
    9    7    8    2 -4.5728978293076246E-03
    9    7    8    4  1.0451942743785060E-02
    9    7    8    6  7.3694996390522599E-02
    9    7    8    8 -1.5828356206533903E-02
    9    7    9    1 -7.3627235020900551E-03
    9    7    9    3  6.1836316741049197E-04
    9    7    9    5  3.1179347478513531E-03
    9    7    9    7  8.9870324958118544E-02
    9    8    1    1 -1.6271706204662451E-14
    9    8    2    1 -3.8969897126213134E-02
    9    8    3    1  2.1571286423771596E-15
    9    8    3    2 -5.6266807818665089E-02
    9    8    3    3 -4.0245584642661925E-15
    9    8    4    1  1.9121787699830417E-02
    9    8    4    2  1.2620113287731272E-15
    9    8    4    3  1.1618760524224644E-01
    9    8    4    4  1.7000290064572710E-15
    9    8    5    1 -1.8444447358323401E-15
    9    8    5    2  1.2133448747457235E-02
    9    8    5    4  8.1325570684877557E-02
    9    8    5    5 -1.1136924715771102E-15
    9    8    6    1  1.5938883389572476E-02
    9    8    6    3 -6.4851567850397057E-04
    9    8    6    5 -1.0718592337695662E-01
    9    8    7    2 -4.5117268882512510E-03
    9    8    7    4  1.4870791025588886E-02
    9    8    7    6  9.5302417560250846E-02
    9    8    8    1 -9.7998023356628706E-03
    9    8    8    3  5.6473855330127325E-03
    9    8    8    5  4.0243265090847205E-03
    9    8    8    7  1.0059860799224360E-01
    9    8    9    2  8.5331778621963381E-03
    9    8    9    4 -4.0764333310624153E-03
    9    8    9    6 -9.4929226578164133E-03
    9    8    9    8  1.1651923920075968E-01
    9    9    1    1  4.5892334042773530E-01
    9    9    2    1  4.9456966300098770E-15
    9    9    2    2  4.6019987895193276E-01
    9    9    3    1  4.2359113721507045E-03
    9    9    3    2  3.6463887465032485E-15
    9    9    3    3  4.3882261166650671E-01
    9    9    4    1 -3.9972365695195577E-15
    9    9    4    2  2.5732788902729578E-03
    9    9    4    3 -2.4077961846558082E-15
    9    9    4    4  4.1945655534201676E-01
    9    9    5    1 -1.1714787238553622E-02
    9    9    5    3 -2.4972393036399053E-02
    9    9    5    4 -2.5431046157819992E-15
    9    9    5    5  4.0996785832879323E-01
    9    9    6    1  1.5539666450327394E-15
    9    9    6    2 -9.5644489052691094E-03
    9    9    6    4  2.4389586017708242E-02
    9    9    6    5  1.4988010832439613E-15
    9    9    6    6  4.0028302675685751E-01
    9    9    7    1 -8.8125040954447360E-03
    9    9    7    3  3.1714360031427427E-03
    9    9    7    5  2.3033651466040819E-02
    9    9    7    7  3.9233890153872530E-01
    9    9    8    2  1.0715815753916325E-02
    9    9    8    4 -2.7612803275789293E-03
    9    9    8    6 -2.5831176037168724E-02
    9    9    8    8  3.8042866318226243E-01
    9    9    9    1  3.5222905601795507E-03
    9    9    9    3 -7.5197785354108263E-03
    9    9    9    4 -1.3045120539345589E-15
    9    9    9    5  3.4941169959832041E-03
    9    9    9    7 -2.6728597946586441E-02
    9    9    9    9  3.8803966922739108E-01
   10    1    1    1  1.7978662585375546E-13
   10    1    2    1  1.2928968758668430E-03
   10    1    2    2 -7.3992122650266834E-15
   10    1    3    1 -8.5197284340268742E-15
   10    1    3    2 -8.8504199428338509E-03
   10    1    3    3  2.5622949942349926E-15
   10    1    4    1  7.0769302159724313E-03
   10    1    4    2 -6.0268359313581099E-15
   10    1    4    3 -2.0803072013101244E-03
   10    1    5    2  1.0760159132864714E-02
   10    1    5    3  3.1714810899002854E-15
   10    1    5    4  5.0985903206197964E-03
   10    1    6    1  1.1921691243226971E-02
   10    1    6    2 -4.4263231318078522E-15
   10    1    6    3 -1.9435104947017172E-03
   10    1    6    5  2.8338347586809214E-03
   10    1    7    1 -4.7869016693222188E-15
   10    1    7    2  8.3115639417522501E-03
   10    1    7    4  6.0123987524959566E-03
   10    1    7    6  6.7234938147841409E-03
   10    1    8    1 -1.4795655332548126E-02
   10    1    8    2  1.8413818646950686E-15
   10    1    8    3  2.0570385376632644E-03
   10    1    8    5 -4.0205512508432436E-03
   10    1    8    7 -5.0700197253537218E-03
   10    1    9    1  3.4161855202302638E-15
   10    1    9    2 -3.6273498538607796E-03
   10    1    9    4 -7.1190363579850691E-03
   10    1    9    6 -7.0965446088314451E-03
   10    1    9    8  4.1111803538057112E-03
   10    1   10    1  1.4068078941659323E-02
   10    2    1    1  1.3283388654142834E-02
   10    2    2    1 -9.4050445599916377E-14
   10    2    2    2  2.1714916827381249E-03
   10    2    3    1 -1.9350782932151263E-02
   10    2    3    2 -5.5920437551371105E-15
   10    2    3    3 -1.5255947319225067E-03
   10    2    4    1 -9.2298401994234114E-15
   10    2    4    2  8.8544318841548755E-03
   10    2    4    3 -2.6404930759255096E-15
   10    2    4    4  3.7604082915932186E-03
   10    2    5    1  2.4032091404303822E-02
   10    2    5    2  4.4649884917841165E-15
   10    2    5    3  2.7498289268248367E-03
   10    2    5    5 -5.1218435104562043E-03
   10    2    6    1 -7.7144101653589536E-15
   10    2    6    2  1.5696702774791078E-02
   10    2    6    3 -1.1902100399002746E-15
   10    2    6    4  4.1160419631420253E-03
   10    2    6    6  7.6696175218842789E-04
   10    2    7    1  2.0796928149640209E-02
   10    2    7    2  2.3214123765630257E-15
   10    2    7    3  1.3503781509378969E-03
   10    2    7    5 -1.5327245444697081E-03
   10    2    7    7 -5.2882348612668766E-03
   10    2    8    1  3.5259203326129529E-15
   10    2    8    2 -2.0444267240232277E-02
   10    2    8    4 -2.4100546543457031E-03
   10    2    8    6 -3.9210714669967919E-03
   10    2    8    8  6.7984009605610808E-03
   10    2    9    1 -1.2280548950912261E-02
   10    2    9    3  4.3685904571190729E-03
   10    2    9    5  1.2741971740510400E-03
   10    2    9    7  7.6100401905556357E-03
   10    2    9    9 -8.6203712425690880E-03
   10    2   10    1 -1.6076007712528817E-15
   10    2   10    2  1.9397009209399525E-02
   10    3    1    1  2.0926348761468594E-14
   10    3    2    1 -2.2440480523884254E-02
   10    3    2    2 -6.3530452600046861E-15
   10    3    3    1  3.6666633271287274E-15
   10    3    3    2  1.3474568585717323E-03
   10    3    3    3  2.4531158354657023E-15
   10    3    4    1 -1.8863638686121835E-02
   10    3    4    2 -1.4080804664612367E-15
   10    3    4    3 -9.5870805607353657E-03
   10    3    5    2  9.9177785207084281E-03
   10    3    5    4 -1.8787182377620806E-03
   10    3    6    1 -1.5835448449866570E-02
   10    3    6    2 -1.2245792487680651E-15
   10    3    6    3 -3.3197027345061806E-03
   10    3    6    5 -1.3620645605785759E-02
   10    3    7    2  1.6978223773680089E-02
   10    3    7    4 -1.8393049340300199E-02
   10    3    7    6  2.0754575032786576E-05
   10    3    8    1  8.5120048792466096E-03
   10    3    8    3 -1.8522275004529656E-02
   10    3    8    5 -4.2185460947733247E-05
   10    3    8    7 -1.3314286328257538E-03
   10    3    9    2 -1.0487920204315051E-02
   10    3    9    4  2.5182728002283374E-03
   10    3    9    6 -7.0066636473388108E-04
   10    3    9    8 -8.4936167027028654E-03
   10    3   10    1 -4.1127591305487043E-03
   10    3   10    3  2.3605937595264866E-02
   10    4    1    1  3.4076693470090805E-02
   10    4    2    1 -1.4106988147077892E-14
   10    4    2    2  1.9491154926745538E-02
   10    4    3    1 -2.7155946340225324E-02
   10    4    3    2 -1.4037707628256069E-15
   10    4    3    3 -9.4287828035204638E-03
   10    4    4    1 -1.1018611153698621E-15
   10    4    4    2  2.1277035299172666E-02
   10    4    4    4 -8.1430291255085562E-03
   10    4    5    1  2.1320986749738355E-02
   10    4    5    2  1.6872354208219420E-15
   10    4    5    3 -4.2068131950569968E-03
   10    4    5    5  1.6726952795201290E-02
   10    4    6    2  2.1474614987019490E-02
   10    4    6    4 -1.3475425605512761E-02
   10    4    6    6  1.5807788273014291E-02
   10    4    7    1  9.3070319629674769E-03
   10    4    7    3 -2.9039119067503023E-02
   10    4    7    5 -8.8263514426200982E-03
   10    4    7    7  1.1623123967673225E-03
   10    4    8    2 -1.1352518270062756E-02
   10    4    8    4 -1.8895785385049445E-02
   10    4    8    6 -2.0259820423434763E-03
   10    4    8    8 -5.1409058532600749E-03
   10    4    9    1 -4.0529092198994063E-03
   10    4    9    3  1.5154776285374877E-02
   10    4    9    5 -1.0315721769595283E-03
   10    4    9    7 -8.2744654778043013E-03
   10    4    9    9  1.5351605619295470E-03
   10    4   10    2  4.4889842945977261E-03
   10    4   10    4  3.2004627895308259E-02
   10    5    1    1 -1.3357804445890409E-14
   10    5    2    1  4.9318069464146526E-02
   10    5    3    2  1.8197025300793618E-02
   10    5    3    3 -2.1832579147340603E-15
   10    5    4    1  2.1878616373950256E-02
   10    5    4    2  2.2857692301425647E-15
   10    5    4    3 -2.2883451336797624E-03
   10    5    4    4 -1.4038791830428554E-15
   10    5    5    1 -3.1295495708794085E-15
   10    5    5    2 -3.0646313396409046E-02
   10    5    5    3 -1.0198005634398655E-15
   10    5    5    4  2.6055198765534717E-02
   10    5    6    1  9.5949416892099487E-03
   10    5    6    3 -3.6701427901474612E-02
   10    5    6    5 -1.6536209355893276E-02
   10    5    7    2 -1.9415057771170027E-02
   10    5    7    4 -2.0178969443341927E-02
   10    5    7    6  1.9586791750992857E-02
   10    5    8    1 -4.8438680981848252E-03
   10    5    8    3  1.9343051293429010E-02
   10    5    8    5 -1.7649622901719654E-02
   10    5    8    7 -6.9839608632091266E-03
   10    5    9    2  7.8669317308040394E-03
   10    5    9    4  2.5496583606680980E-02
   10    5    9    6 -1.0776363999219926E-02
   10    5    9    8 -1.8908925441679875E-03
   10    5   10    1  4.8138447286728394E-03
   10    5   10    3  5.9896900224864370E-03
   10    5   10    5  4.6414288724778596E-02
   10    6    1    1  7.3387909616368513E-02
   10    6    2    1 -9.6919542703910455E-15
   10    6    2    2  5.5607270106403373E-02
   10    6    3    1 -3.4432377156315357E-02
   10    6    3    2 -2.0255064986374194E-15
   10    6    3    3 -1.2095328872547360E-02
   10    6    4    1  1.3782920117721975E-15
   10    6    4    2  3.6201284612982429E-02
   10    6    4    3  1.7924030315530359E-15
   10    6    4    4 -3.6659726683556396E-02
   10    6    5    1  1.5773128859103733E-02
   10    6    5    3 -5.0603134055372312E-02
   10    6    5    5 -2.2418517543601735E-02
   10    6    6    1 -1.6234640042890602E-15
   10    6    6    2  1.5656974856771325E-02
   10    6    6    4  3.7149981226147745E-02
   10    6    6    6 -2.8871485548795456E-02
   10    6    7    1  6.9837763489901724E-03
   10    6    7    3 -2.2275446686062714E-02
   10    6    7    5  3.2143445689464457E-02
   10    6    7    7 -1.0301914851777283E-02
   10    6    8    1  1.0689149218534588E-15
   10    6    8    2 -5.6931390493615780E-03
   10    6    8    4 -3.1244918635305319E-02
   10    6    8    6 -1.2373679810603857E-02
   10    6    8    8  2.9316130469384631E-03
   10    6    9    1 -5.8406728720246269E-03
   10    6    9    3 -8.1008731950920551E-03
   10    6    9    5 -4.0786071403676578E-02
   10    6    9    7  3.5786254126173554E-03
   10    6    9    9  1.3303624550451559E-04
   10    6   10    2  7.7552046114992427E-03
   10    6   10    4 -9.3482705321706657E-03
   10    6   10    6  5.5456805731672762E-02
   10    7    1    1 -6.0177557381635438E-15
   10    7    2    1  7.1768927048804790E-02
   10    7    2    2  3.2734231991682350E-15
   10    7    3    1  3.6384740706441043E-15
   10    7    3    2  5.3664412833507584E-02
   10    7    3    3  3.0375008064353892E-15
   10    7    4    1  8.7809939977528360E-03
   10    7    4    3 -8.7954197025175873E-02
   10    7    4    4 -1.0269562977782698E-15
   10    7    5    2 -3.1600846309198891E-02
   10    7    5    4 -3.9744382609064807E-02
   10    7    6    1  4.0862801907517359E-03
   10    7    6    3 -2.8601743922487849E-02
   10    7    6    5  4.9309062857849265E-02
   10    7    7    2 -1.4140937096896502E-02
   10    7    7    4 -4.2705539563475871E-02
   10    7    7    6 -2.0933851366478802E-02
   10    7    8    1 -5.7556274584249188E-03
   10    7    8    3 -9.7938276645976440E-03
   10    7    8    5 -5.2021751597624011E-02
   10    7    8    7 -2.0911656883494723E-02
   10    7    9    2  1.2727970637976850E-02
   10    7    9    4 -8.6052052858875301E-03
   10    7    9    6  5.2336571462907960E-02
   10    7    9    8  3.4013004104745167E-03
   10    7   10    1  2.5935976895185451E-03
   10    7   10    3 -6.7716866000710500E-03
   10    7   10    5 -7.4303474316621525E-03
   10    7   10    7  6.8821577783854046E-02
   10    8    1    1 -1.8445831436337340E-01
   10    8    2    1  3.9538684826201376E-15
   10    8    2    2 -1.7142944004208840E-01
   10    8    3    1  2.3784412825023714E-02
   10    8    3    3 -1.2084582986075205E-01
   10    8    4    1  2.7344662992256907E-15
   10    8    4    2 -2.4020095928113664E-02
   10    8    4    4 -9.3478722964576849E-02
   10    8    5    1 -1.1813831500062641E-02
   10    8    5    3  4.9693693718238029E-02
   10    8    5    5 -7.4915594264401392E-02
   10    8    6    1  1.8348495466058434E-15
   10    8    6    2 -6.4301216805950027E-03
   10    8    6    4 -5.6726578721701032E-02
   10    8    6    6 -4.7597227488611553E-02
   10    8    7    1 -9.8490378802236610E-03
   10    8    7    3 -9.9940398347574556E-03
   10    8    7    5 -7.2001585840791929E-02
   10    8    7    7 -4.8785021814179437E-02
   10    8    8    2  1.0630701478271255E-02
   10    8    8    4 -1.3202293429574130E-02
   10    8    8    6  7.0283558703233870E-02
   10    8    8    8 -2.9260427668799743E-02
   10    8    9    1  3.7036059059796130E-03
   10    8    9    3 -9.7973886520687156E-03
   10    8    9    5 -1.0226524215072775E-02
   10    8    9    7  7.2444638374217274E-02
   10    8    9    9 -1.1567602762828227E-02
   10    8   10    2 -7.8076645305692229E-03
   10    8   10    4  8.2764452590656547E-04
   10    8   10    6  5.6498724509964331E-03
   10    8   10    8  8.6402556488347049E-02
   10    9    1    1  6.9909356081865326E-15
   10    9    2    1 -5.0488174072689782E-02
   10    9    2    2 -2.5153490401663703E-15
   10    9    3    1 -1.9205557283408226E-15
   10    9    3    2 -3.9804000346980693E-02
   10    9    3    3 -2.8484159475539172E-15
   10    9    4    1 -4.9865947482152038E-03
   10    9    4    3  8.4017738053153518E-02
   10    9    5    1 -1.0723843688054124E-15
   10    9    5    2  1.5574417157240195E-02
   10    9    5    3 -1.7321213907628419E-15
   10    9    5    4  7.2970567603785064E-02
   10    9    5    5 -1.2212453270876722E-15
   10    9    6    1 -7.3801723422238941E-03
   10    9    6    3 -1.4668552730793247E-02
   10    9    6    5 -1.0303428674370543E-01
   10    9    7    2  1.6743884053720605E-02
   10    9    7    4 -9.7545913937225198E-03
   10    9    7    6  9.0018790073137095E-02
   10    9    8    1  3.0631321441388255E-03
   10    9    8    3 -9.3299462521858941E-03
   10    9    8    5 -9.4735497660828286E-03
   10    9    8    7  9.4351006935364717E-02
   10    9    9    2 -1.1284311572052131E-02
   10    9    9    4 -4.2488666495294099E-04
   10    9    9    6  3.1702282358625350E-03
   10    9    9    8  9.3894124340711760E-02
   10    9   10    1  7.3723841482455858E-04
   10    9   10    3  1.5407956603394442E-02
   10    9   10    5  5.7558788135594653E-03
   10    9   10    7 -7.8838001820690645E-04
   10    9   10    9  1.0787045873876691E-01
   10   10    1    1  4.1757815022377520E-01
   10   10    2    1 -1.2351231148954867E-15
   10   10    2    2  4.0996908526157178E-01
   10   10    3    1 -1.1486386609955875E-02
   10   10    3    2  3.8285347114808133E-15
   10   10    3    3  4.0527452658987573E-01
   10   10    4    1 -6.6483277216811132E-15
   10   10    4    2  4.2066784854919367E-03
   10   10    4    3 -2.7616797737550769E-15
   10   10    4    4  4.0792778364960419E-01
   10   10    5    1  1.4135078623777015E-02
   10   10    5    2  1.2530395557958096E-15
   10   10    5    3  8.4839210167807558E-03
   10   10    5    4 -2.3019780526212230E-15
   10   10    5    5  4.0759456839039260E-01
   10   10    6    2  1.1502237707131595E-02
   10   10    6    4 -1.2925465567685653E-02
   10   10    6    5  1.1969591984239969E-15
   10   10    6    6  3.9592961176544250E-01
   10   10    7    1  7.6458546662186971E-03
   10   10    7    3 -7.4058146484355268E-03
   10   10    7    5  4.8530753709787045E-04
   10   10    7    7  3.8523131650036635E-01
   10   10    8    2 -1.1054751677708759E-02
   10   10    8    4  8.3875577112880254E-03
   10   10    8    6 -5.4591264963968142E-03
   10   10    8    8  3.7201260924379292E-01
   10   10    9    1 -1.7892377814576516E-04
   10   10    9    3  2.1298111794214349E-02
   10   10    9    5  1.2311904205301727E-02
   10   10    9    7 -1.2382768340216933E-02
   10   10    9    9  3.6494935269804080E-01
   10   10   10    2  2.5144706724941216E-03
   10   10   10    4  2.1306871514732838E-02
   10   10   10    6 -2.2469213492141298E-02
   10   10   10    8 -1.3167897474637522E-02
   10   10   10   10  3.8323372058006727E-01
   10   10   11    1  8.8740271451397297E-06
   10   10   11    3 -1.0666627618469166E-03
   10   10   11    5 -2.4454069983621513E-02
   10   10   11    7  1.8451381347270472E-02
   10   10   11    9 -9.7191322249613257E-03
   10   10   12    2 -2.2933319712249173E-03
   10   10   12    4 -4.7923695728151541E-03
   10   10   12    6 -2.1172479161694284E-02
   10   10   12    8  6.7128508278668994E-03
   11    1    1    1  1.4595872951729618E-03
   11    1    2    1  3.9639513087143686E-14
   11    1    2    2  5.4504398199399931E-03
   11    1    3    1  2.1476728102107550E-03
   11    1    3    2 -3.6663380664769818E-15
   11    1    3    3 -4.2490887489348905E-03
   11    1    4    1  3.7783686769599090E-14
   11    1    4    2  4.7580598321936190E-03
   11    1    4    3 -5.6114374214974450E-15
   11    1    4    4  4.1644254976715627E-04
   11    1    5    1 -6.9735157822046973E-03
   11    1    5    2  8.0027910025811527E-15
   11    1    5    3  3.3864234263175324E-03
   11    1    5    4  1.9410200443464865E-15
   11    1    5    5 -1.3365451219285829E-03
   11    1    6    1  6.5435260291832331E-15
   11    1    6    2  3.5161052023320819E-03
   11    1    6    3 -2.2105222112402817E-15
   11    1    6    4 -1.6496354319585084E-03
   11    1    6    6 -5.7079428005189859E-03
   11    1    7    1 -1.1154113669752446E-02
   11    1    7    2  4.9208209664149127E-15
   11    1    7    3  2.9693354202044771E-05
   11    1    7    5  4.2339884333381225E-03
   11    1    7    7  5.8942175601064744E-03
   11    1    8    1  1.4473116444462669E-15
   11    1    8    2  6.2982096716695981E-04
   11    1    8    4  4.2274179530560948E-03
   11    1    8    6  5.7948601119857347E-03
   11    1    8    8 -3.2654005872131049E-03
   11    1    9    1  1.1027422459702627E-02
   11    1    9    2 -2.8595290198218937E-15
   11    1    9    3  3.8410960484402015E-03
   11    1    9    5 -6.3589691121600910E-03
   11    1    9    7 -3.4384234760737168E-03
   11    1    9    9 -3.1153840564678806E-04
   11    1   10    1 -1.1099096224346724E-15
   11    1   10    2 -5.4125172067468310E-03
   11    1   10    4 -4.1130224424225656E-03
   11    1   10    6 -2.5887454448452456E-03
   11    1   10    8 -6.3076166195027267E-05
   11    1   11    1  7.6659837674386026E-03
   11    2    1    1  4.0344463880792603E-14
   11    2    2    1  1.6609348122373854E-02
   11    2    2    2  1.4625494283541929E-14
   11    2    3    1  2.2524774471836817E-15
   11    2    3    2  1.4927039053855271E-03
   11    2    3    3  1.2849693097755077E-15
   11    2    4    1  1.2205450821481353E-02
   11    2    4    3  1.0045221015372642E-03
   11    2    4    4 -1.6917077547834447E-15
   11    2    5    1  5.0561158450139476E-15
   11    2    5    2 -7.9800414522733024E-03
   11    2    5    3  2.0190961532925988E-15
   11    2    5    4 -5.5105809207766938E-03
   11    2    5    5 -1.6083597127736216E-15
   11    2    6    1  1.0811960888814507E-02
   11    2    6    2 -2.4884303331026286E-15
   11    2    6    3  3.5573615753346087E-03
   11    2    6    5 -4.1834259442878555E-03
   11    2    7    1  3.1820554492138081E-15
   11    2    7    2 -1.4751950607373025E-02
   11    2    7    4 -5.1307960897881855E-03
   11    2    7    6  1.3738049546967914E-03
   11    2    8    1 -5.7360913311099680E-03
   11    2    8    3 -3.7218942054774180E-03
   11    2    8    5 -1.6467112965748189E-03
   11    2    8    7 -7.7352566676250475E-03
   11    2    9    2  1.6373443745480006E-02
   11    2    9    4 -1.0319613761654480E-03
   11    2    9    6 -6.4060831374140740E-03
   11    2    9    8  6.4539090206439803E-03
   11    2   10    1 -6.3950389996545712E-04
   11    2   10    3 -1.3515647140294094E-03
   11    2   10    5  6.9225557457082299E-03
   11    2   10    7  7.9145848877358298E-03
   11    2   10    9 -3.0683651424563323E-03
   11    2   11    2  1.2379866908923997E-02
   11    3    1    1  4.6420615880686375E-03
   11    3    2    1 -4.4126757369616909E-15
   11    3    2    2 -1.8410604111468412E-03
   11    3    3    1 -1.1083844703277838E-02
   11    3    3    2 -3.4143694815913506E-15
   11    3    3    3  1.0521924547294637E-04
   11    3    4    1  1.6241009730653955E-15
   11    3    4    2  3.6671452523226269E-03
   11    3    4    3 -1.5717678894522358E-15
   11    3    4    4  6.3916938465521430E-03
   11    3    5    1  1.4406582319965064E-02
   11    3    5    2  1.3636281773893311E-15
   11    3    5    3  8.4342922298664118E-03
   11    3    5    5 -6.1617867190959415E-04
   11    3    6    2  1.0686669328888490E-02
   11    3    6    4 -4.0260690896424993E-03
   11    3    6    6 -1.5897247657057988E-02
   11    3    7    1  9.2779817163294274E-03
   11    3    7    3  4.2376069525642823E-03
   11    3    7    5  1.4808714323459080E-02
   11    3    7    7  5.7372963574145964E-03
   11    3    8    2 -1.3982741715705228E-02
   11    3    8    3 -1.0171849256987442E-15
   11    3    8    4  1.9709257984474430E-02
   11    3    8    6  5.2249403937009919E-03
   11    3    8    8  9.8988010413457658E-03
   11    3    9    1  2.2851294013609435E-04
   11    3    9    3  1.7593497648822055E-02
   11    3    9    5 -7.2879526366141411E-03
   11    3    9    7  9.6141078213620394E-03
   11    3    9    9 -1.2336886238261617E-02
   11    3   10    2  7.6439518658139808E-03
   11    3   10    4 -1.2877828973264911E-02
   11    3   10    6  8.0953175751032752E-03
   11    3   10    8 -1.2545465396071889E-02
   11    3   11    1  4.7755020527753891E-03
   11    3   11    3  2.9405753973200180E-02
   11    4    1    1  3.0931149568730332E-14
   11    4    2    1  2.2830413781855536E-02
   11    4    3    1 -7.5073953130500026E-15
   11    4    3    2  5.8971688146390614E-03
   11    4    4    1  1.1965318714726643E-02
   11    4    4    3  7.0305900010398936E-03
   11    4    5    1  2.6406692587785385E-15
   11    4    5    2 -1.6882546689010573E-02
   11    4    5    4  7.1711402603256303E-03
   11    4    6    1  3.5305345419472719E-03
   11    4    6    3 -6.0662972781247238E-03
   11    4    6    5  1.3257131776428881E-02
   11    4    7    2 -1.7425739294510290E-02
   11    4    7    3 -1.1467606378379180E-15
   11    4    7    4  1.4266050756491046E-02
   11    4    7    6 -1.1404637362759434E-02
   11    4    8    1  5.4293447384658423E-03
   11    4    8    3  2.6429468436680086E-02
   11    4    8    5  7.6248137489347070E-03
   11    4    8    7  1.2543630735027466E-02
   11    4    9    2  4.6793229918698689E-03
   11    4    9    4  1.3713254121949292E-02
   11    4    9    6  1.3453588815100736E-02
   11    4    9    8  3.0480929783094565E-03
   11    4   10    1 -6.8678055149251202E-03
   11    4   10    3 -2.0501427578013143E-02
   11    4   10    5 -1.3848945147186513E-02
   11    4   10    7  1.4074005806411520E-03
   11    4   10    9 -1.6931978783912262E-02
   11    4   11    2 -5.0932479608378090E-03
   11    4   11    4  3.7471208521515052E-02
   11    5    1    1 -2.7994496875700940E-02
   11    5    2    1  2.5532215773040046E-15
   11    5    2    2 -1.5765258198809192E-02
   11    5    3    1  2.3742319754362841E-02
   11    5    3    2  2.3459966608241345E-15
   11    5    3    3  1.3609055096142061E-02
   11    5    4    1  1.0866958374822211E-15
   11    5    4    2 -2.1359938195262447E-02
   11    5    4    3  1.5287250632045613E-15
   11    5    4    4  8.9283078601197843E-03
   11    5    5    1 -1.4951617817013912E-02
   11    5    5    2 -1.0512424264419451E-15
   11    5    5    3 -1.2261306100659185E-03
   11    5    5    5 -1.7549669041691328E-02
   11    5    6    2 -2.2479793310731057E-02
   11    5    6    4  2.0127532178555525E-02
   11    5    6    6 -1.2477773997850512E-02
   11    5    7    1  1.5318485806740945E-03
   11    5    7    3  3.0728000223536237E-02
   11    5    7    5  9.1073165875937261E-03
   11    5    7    7 -1.0546057261397025E-02
   11    5    8    2  8.7742124199738196E-03
   11    5    8    4  1.3835300278237038E-02
   11    5    8    6 -9.4835044704395105E-03
   11    5    8    8  1.1785421970078969E-02
   11    5    9    1 -7.7050926089976554E-03
   11    5    9    3 -2.1177144189221848E-02
   11    5    9    5  7.2462165802960402E-03
   11    5    9    7  1.3288878308839762E-02
   11    5    9    9  7.3515820691385028E-04
   11    5   10    2  3.5130241712356515E-03
   11    5   10    4 -2.9658136737934476E-02
   11    5   10    6  1.9622143161224962E-02
   11    5   10    8 -6.3857245489099684E-04
   11    5   11    1 -4.4216331224839868E-03
   11    5   11    3  8.4474303467158424E-03
   11    5   11    5  4.1046811254265840E-02
   11    6    1    1  2.3062281251373662E-14
   11    6    2    1  3.5966800187606202E-02
   11    6    2    2 -2.6892550686330452E-15
   11    6    3    1 -6.5768516934600063E-15
   11    6    3    2  2.4038075431788479E-02
   11    6    4    1  5.4799453941587126E-03
   11    6    4    3 -9.1622170941237091E-03
   11    6    4    4 -1.4463256980956629E-15
   11    6    5    2 -2.9647208946616016E-02
   11    6    5    3 -1.5220030097351511E-15
   11    6    5    4  2.7359364369857416E-02
   11    6    6    1 -9.3334607829391788E-03
   11    6    6    3 -4.3199801026529962E-02
   11    6    6    5 -1.4376143390031886E-02
   11    6    7    2 -8.8364195495490971E-03
   11    6    7    4 -2.4687928752510899E-02
   11    6    7    6  1.2540881628337351E-02
   11    6    8    1  1.1154901780451233E-02
   11    6    8    3  2.0900430869496493E-02
   11    6    8    5 -1.5997418876214250E-02
   11    6    8    7  5.3942325716806140E-03
   11    6    9    2 -7.1733826907068050E-03
   11    6    9    4  3.4150742393843324E-02
   11    6    9    6  5.0580195576030197E-03
   11    6    9    8 -1.3894206038641138E-02
   11    6   10    1 -4.4948703499414263E-03
   11    6   10    3  1.2223965193828911E-02
   11    6   10    5  3.6871555946343476E-02
   11    6   10    7 -1.7007211588892054E-02
   11    6   10    9  8.8279307669842655E-03
   11    6   11    2 -5.7006830371708755E-03
   11    6   11    4 -3.2651649027637406E-03
   11    6   11    6  5.0058109220600638E-02
   11    7    1    1 -7.2982190605432151E-02
   11    7    2    1  1.5688405435865249E-15
   11    7    2    2 -6.0771143398317171E-02
   11    7    3    1  2.5718977821253139E-02
   11    7    3    2  1.9762295098979532E-15
   11    7    3    3  1.5319191122869641E-02
   11    7    4    1 -2.5298502442233639E-15
   11    7    4    2 -3.6956437259895315E-02
   11    7    4    3 -1.0902737046514233E-15
   11    7    4    4  4.3189564853122316E-02
   11    7    5    1  4.7235270895275728E-04
   11    7    5    3  5.5772720567073157E-02
   11    7    5    5  1.8965960934877665E-02
   11    7    6    2 -9.7669176688063696E-03
   11    7    6    4 -3.5265140298114797E-02
   11    7    6    6  2.0575115848140448E-02
   11    7    7    1  1.0627115924011468E-02
   11    7    7    3  3.0803346392961138E-02
   11    7    7    5 -2.4442067457439744E-02
   11    7    7    7  7.5200954539249836E-03
   11    7    8    2 -8.2929663525989593E-03
   11    7    8    4  4.4135801995287757E-02
   11    7    8    6  9.8031864615221714E-03
   11    7    8    8  9.6050112125249682E-03
   11    7    9    1 -4.6227647996463072E-03
   11    7    9    3  1.5564089994543112E-02
   11    7    9    5  4.2365648593368402E-02
   11    7    9    7  9.2251361330685025E-03
   11    7    9    9 -1.2179884696043572E-02
   11    7   10    2  6.6512176340873192E-03
   11    7   10    4 -3.8596199593513925E-04
   11    7   10    6 -4.4346179046912848E-02
   11    7   10    8 -1.8306330663898054E-02
   11    7   11    1 -7.0514923357454227E-04
   11    7   11    3  1.2686679428147784E-02
   11    7   11    5 -3.6539740988052335E-03
   11    7   11    7  5.7158290888727183E-02
   11    8    1    1 -1.3432831236226406E-14
   11    8    2    1 -4.4687736526143225E-02
   11    8    3    2 -5.5088854171420121E-02
   11    8    3    3 -3.3167912860676552E-15
   11    8    4    1  1.4129949605446564E-02
   11    8    4    3  9.4346000261188973E-02
   11    8    4    4  1.9047263766225342E-15
   11    8    5    2  2.1468723344950598E-02
   11    8    5    4  3.5815629405351768E-02
   11    8    6    1  1.7311354726056501E-02
   11    8    6    3  3.5841033027231031E-02
   11    8    6    5 -3.7852155238433327E-02
   11    8    7    2 -7.9821672658093052E-03
   11    8    7    4  5.7075878952464285E-02
   11    8    7    6  1.6331349301763037E-02
   11    8    8    1 -6.6123207689124889E-03
   11    8    8    3  2.2424716921663451E-02
   11    8    8    5  5.5506546512033336E-02
   11    8    8    7  1.5746054837374131E-02
   11    8    9    2  7.1303559887457794E-03
   11    8    9    4  5.0909333509154813E-03
   11    8    9    6 -5.6013260376229425E-02
   11    8    9    8  9.6983384250489760E-03
   11    8   10    1  9.8042891610535324E-04
   11    8   10    3 -1.5413439829162059E-02
   11    8   10    5  1.3712488563511786E-03
   11    8   10    7 -5.5103870857746304E-02
   11    8   10    9 -1.8321421564021455E-02
   11    8   11    2  1.8940540684098193E-03
   11    8   11    4  1.6182226995276262E-02
   11    8   11    6 -4.1119385181858387E-03
   11    8   11    8  7.1991842129125294E-02
   11    9    1    1  1.7173379935897809E-01
   11    9    2    1  1.9550333574258616E-15
   11    9    2    2  1.7062275678458472E-01
   11    9    3    1 -2.6718653609334501E-03
   11    9    3    3  1.2179795566028967E-01
   11    9    4    2  1.4899524196479042E-02
   11    9    4    4  8.2799048025628458E-02
   11    9    5    1 -1.3941227392228287E-02
   11    9    5    3 -6.5684391264379582E-02
   11    9    5    5  5.7311311903189568E-02
   11    9    6    2 -1.4708857212464621E-02
   11    9    6    3 -1.1943571132100317E-15
   11    9    6    4  7.7484975220660460E-02
   11    9    6    6  3.7661315897501657E-02
   11    9    7    1 -5.9257567942328929E-03
   11    9    7    3  2.1258607159117052E-02
   11    9    7    5  7.7413514340877648E-02
   11    9    7    7  4.0165890634019999E-02
   11    9    8    2  1.0092256321499592E-02
   11    9    8    4  5.1071995548761717E-03
   11    9    8    6 -7.5916958473621718E-02
   11    9    8    8  2.5846214055474423E-02
   11    9    9    1 -1.0155323297298118E-04
   11    9    9    3 -1.6817472995880878E-02
   11    9    9    5  4.9585594217592174E-03
   11    9    9    7 -7.2483303369829777E-02
   11    9    9    9  2.2945329398666767E-02
   11    9   10    2 -2.8873683733977931E-03
   11    9   10    4 -1.8666275172055626E-02
   11    9   10    6  1.1129923471660585E-02
   11    9   10    8 -7.2413310844282847E-02
   11    9   11    1 -2.9057571802454493E-04
   11    9   11    3  1.2002952982280890E-03
   11    9   11    5  2.3021476317930216E-02
   11    9   11    7 -6.7101714801264204E-03
   11    9   11    9  8.9555697854996730E-02
   11   10    1    1  6.4392935428259079E-15
   11   10    2    1  2.5601354433322461E-02
   11   10    3    1  2.3106516700011070E-15
   11   10    3    2  5.1412493318981616E-02
   11   10    3    3  5.1382509358433026E-15
   11   10    4    1 -2.4212788955570438E-02
   11   10    4    2 -1.5612511283791264E-15
   11   10    4    3 -1.3275117214028437E-01
   11   10    4    4 -1.1241008124329710E-15
   11   10    5    1  2.0464044955120775E-15
   11   10    5    2  4.3652170595586612E-03
   11   10    5    3  1.9532986339498848E-15
   11   10    5    4 -1.1296167906161765E-01
   11   10    5    5  1.5820678100908481E-15
   11   10    6    1 -1.0467460302644803E-02
   11   10    6    3  2.6339579168381248E-02
   11   10    6    5  1.3094487271567423E-01
   11   10    7    2  1.0955985340556598E-02
   11   10    7    4 -8.2529182786933424E-03
   11   10    7    6 -1.1128066536639991E-01
   11   10    8    1  1.1449361247241698E-03
   11   10    8    3 -2.6592550884711928E-02
   11   10    8    5 -5.4193846032079187E-03
   11   10    8    7 -1.1094116905409816E-01
   11   10    9    2 -2.3246584383486832E-03
   11   10    9    4 -2.5453615650373199E-02
   11   10    9    6  2.0212552844731640E-02
   11   10    9    8 -1.0849132556286964E-01
   11   10   10    1 -3.7862176620050717E-04
   11   10   10    3 -6.3580664862918513E-04
   11   10   10    5 -2.9870449155565311E-02
   11   10   10    7  2.6510674858069468E-02
   11   10   10    9 -1.0163989867831819E-01
   11   10   11    2 -1.4911067013537783E-03
   11   10   11    4 -1.6138527045885471E-03
   11   10   11    6 -2.8611016920532056E-02
   11   10   11    8 -2.2793540887445785E-02
   11   10   11   10  1.4207628287540947E-01
   11   10   12    1 -3.3406660820894181E-04
   11   10   12    3 -7.5566492772811522E-04
   11   10   12    5  4.4141278849097448E-03
   11   10   12    7  2.4509178186154897E-02
   11   10   12    9  1.5830855251126414E-03
   11   11    1    1  4.0845078790996703E-01
   11   11    2    1  4.7930409641239180E-15
   11   11    2    2  4.1936111176605351E-01
   11   11    3    1  2.4250181705445534E-02
   11   11    3    2  4.7271214720367993E-15
   11   11    3    3  4.5527816899377621E-01
   11   11    4    1 -5.9611603847598005E-15
   11   11    4    2 -2.5540195001683884E-02
   11   11    4    3 -2.9438257387326416E-15
   11   11    4    4  4.5495308210000773E-01
   11   11    5    1 -1.2126568423282044E-02
   11   11    5    2  1.0081996001942706E-15
   11   11    5    3  1.2902601721071168E-02
   11   11    5    4 -2.1111584702637742E-15
   11   11    5    5  4.2203197504721307E-01
   11   11    6    1  1.0681017702240947E-15
   11   11    6    2 -1.8971800767902759E-02
   11   11    6    4  6.1334100922533739E-03
   11   11    6    5  1.5577816814271728E-15
   11   11    6    6  4.1087329606423778E-01
   11   11    7    1  2.6809293971254838E-04
   11   11    7    3  3.3112048246658504E-02
   11   11    7    5  1.4992846631766484E-02
   11   11    7    7  3.9279817581384868E-01
   11   11    8    2  3.7701308530721529E-03
   11   11    8    4  3.7390696077911699E-02
   11   11    8    6 -3.0546945388309259E-02
   11   11    8    8  3.8017526320040412E-01
   11   11    9    1 -5.8318912724479534E-04
   11   11    9    3  5.0521830385569485E-03
   11   11    9    4 -1.4480604215716397E-15
   11   11    9    5  4.2364871259336231E-02
   11   11    9    7 -3.2317551568172689E-02
   11   11    9    9  3.6819105587376566E-01
   11   11   10    2 -2.6504934519705962E-03
   11   11   10    4 -6.0725873522423507E-04
   11   11   10    6 -3.9125052953934494E-02
   11   11   10    8 -4.2355381703200579E-02
   11   11   10   10  3.7024537256826773E-01
   11   11   11    1 -8.3074986152903635E-04
   11   11   11    3 -3.9871813417746433E-04
   11   11   11    5 -5.5646086774703910E-04
   11   11   11    7  3.9627173756969940E-02
   11   11   11    9  3.2196131305377726E-02
   11   11   11   11  4.0032453437144078E-01
   11   11   12    2  1.5033917795218056E-03
   11   11   12    4  2.1200376418621324E-03
   11   11   12    6  6.4577831372455733E-03
   11   11   12    8 -3.2363377703666006E-02
   12    1    1    1 -1.0511555166263921E-13
   12    1    2    1  1.7172063423967212E-03
   12    1    2    2 -6.6328909697338772E-15
   12    1    3    1 -6.2806163197179181E-15
   12    1    3    2  7.6832851840922560E-03
   12    1    3    3  5.3390519544511961E-15
   12    1    4    1 -3.4401436124003606E-03
   12    1    4    2  3.5893359953079879E-15
   12    1    4    3  5.1450528130072091E-03
   12    1    5    1  3.8442531018830113E-15
   12    1    5    2 -1.3344469301417888E-02
   12    1    5    3 -2.1419532000941516E-15
   12    1    5    4 -1.0033643706028680E-02
   12    1    6    1 -8.9150634550600044E-03
   12    1    6    2  2.2883645390929519E-15
   12    1    6    3  7.4882624322097245E-03
   12    1    6    5 -9.8619453063184641E-03
   12    1    7    1  9.4458878110818822E-15
   12    1    7    2 -1.6195910717913525E-02
   12    1    7    4 -1.0941226859256669E-02
   12    1    7    6 -8.0751830074022608E-03
   12    1    7    7  1.3216305897985683E-15
   12    1    8    1  1.5105744308190819E-02
   12    1    8    3 -8.5202038658117075E-03
   12    1    8    5  7.4855723045766384E-03
   12    1    8    7  2.8067184778494425E-03
   12    1    8    8  1.5157438597714155E-15
   12    1    9    1 -6.5611002687728653E-15
   12    1    9    2  1.3815396126973951E-02
   12    1    9    4  7.5985663969552397E-03
   12    1    9    6  3.3713896590544115E-03
   12    1    9    8 -3.4745792034161413E-04
   12    1    9    9  1.0454758261370378E-15
   12    1   10    1 -1.8497120982994462E-02
   12    1   10    3  7.1415457388967589E-03
   12    1   10    5 -3.7435383740933685E-03
   12    1   10    7  1.2806220254311373E-04
   12    1   10    9 -9.3419159592236550E-04
   12    1   11    1 -2.4670342808549850E-15
   12    1   11    2  8.8582291707694702E-03
   12    1   11    4  3.8427137988466557E-03
   12    1   11    6  6.2304859746537401E-04
   12    1   11    8  8.7192333548636019E-05
   12    1   12    1  3.0427792844249839E-02
   12    2    1    1 -8.4668259543562580E-03
   12    2    2    1  4.9010883174690871E-14
   12    2    2    2  2.0224168521854212E-03
   12    2    3    1  1.6720588615335076E-02
   12    2    3    2  1.3020310944320511E-14
   12    2    3    3 -1.3341240634896509E-03
   12    2    4    1  1.3769747061326276E-14
   12    2    4    2 -3.9780261654800966E-03
   12    2    4    3 -1.8824460219779571E-15
   12    2    4    4 -3.0409020369018443E-03
   12    2    5    1 -2.5269104503315563E-02
   12    2    5    2 -8.4037018609119801E-15
   12    2    5    3  5.8774164497141419E-04
   12    2    5    5  5.4201252972527966E-03
   12    2    6    1  5.1253133546069404E-15
   12    2    6    2 -1.0288714945816476E-02
   12    2    6    4 -7.4984842331961444E-03
   12    2    6    6 -1.0819534747230734E-02
   12    2    7    1 -2.8104518728722688E-02
   12    2    7    2 -2.7492681999789596E-15
   12    2    7    3 -2.5402176887589106E-03
   12    2    7    5  1.0744538730840789E-02
   12    2    7    7  1.3892186443123088E-02
   12    2    8    1 -1.4551788864603649E-15
   12    2    8    2  1.8454995846169706E-02
   12    2    8    4  1.1585121528707693E-02
   12    2    8    6  1.1648229928968646E-02
   12    2    8    8 -7.8712293338101657E-03
   12    2    9    1  2.2671131106712809E-02
   12    2    9    3  5.5623342087010117E-03
   12    2    9    5 -1.0874909310319961E-02
   12    2    9    7 -9.3412388863819400E-03
   12    2    9    9  4.9232581268766236E-03
   12    2   10    2 -2.3959132105301043E-02
   12    2   10    4 -1.1594374101792461E-02
   12    2   10    6 -8.5515643001140493E-03
   12    2   10    8  4.1513329111693325E-03
   12    2   11    1  1.4069308081327414E-02
   12    2   11    3  5.4862006624929356E-03
   12    2   11    5 -7.1552599219983680E-03
   12    2   11    7 -4.1026647682764154E-03
   12    2   11    9  2.5261102497986039E-03
   12    2   12    2  4.1337593045803485E-02
   12    3    1    1 -3.2455510718190639E-14
   12    3    2    1  1.5965138152696120E-02
   12    3    2    2  7.3906673966547820E-15
   12    3    3    1  9.0707674119290538E-15
   12    3    3    2 -4.4377034564535732E-03
   12    3    3    3 -1.5550440709416469E-15
   12    3    4    1  1.7345450085530505E-02
   12    3    4    3  1.9468948180205157E-03
   12    3    5    1 -1.9657843231088868E-15
   12    3    5    2 -7.0193761456378715E-04
   12    3    5    4 -4.9498045098024922E-03
   12    3    6    1  2.0867790599130669E-02
   12    3    6    3  6.6352644305224234E-03
   12    3    6    5 -1.2335780392923900E-03
   12    3    7    2 -1.0053290790704944E-02
   12    3    7    4  9.3416115658075593E-04
   12    3    7    6  1.1944342096641150E-02
   12    3    8    1 -1.8973840768853632E-02
   12    3    8    3 -5.6131081029804526E-03
   12    3    8    5 -9.2027160607809147E-03
   12    3    8    7 -1.6192127712214500E-02
   12    3    9    2  1.5885501242303514E-02
   12    3    9    4 -1.3507869149935701E-02
   12    3    9    6 -1.6415071272043259E-02
   12    3    9    8  1.0374069704988366E-02
   12    3   10    1  1.2103247368520791E-02
   12    3   10    3 -5.4344032881830651E-03
   12    3   10    5  1.4434795756903662E-02
   12    3   10    7  1.1248251658734503E-02
   12    3   10    9 -1.3925416398256263E-03
   12    3   11    2  1.3873908730753996E-02
   12    3   11    4 -1.7967226154803884E-02
   12    3   11    6 -1.1087012312377954E-02
   12    3   11    8  1.3921571041688088E-03
   12    3   12    1 -7.7325558941187308E-03
   12    3   12    3  3.2104654368981904E-02
   12    4    1    1 -1.9867732089306034E-02
   12    4    2    1  1.9802017556073970E-14
   12    4    2    2 -5.3614969477402356E-03
   12    4    3    1  2.5392431018240246E-02
   12    4    3    2  2.1669271195109974E-15
   12    4    3    3  1.6753648920585398E-03
   12    4    4    1  3.0550928337169138E-15
   12    4    4    2 -1.1709087762671542E-02
   12    4    4    4 -3.9074827730044073E-03
   12    4    5    1 -3.0039669906490058E-02
   12    4    5    2 -2.1975998765969701E-15
   12    4    5    3 -4.6123935130342759E-03
   12    4    5    5 -2.7371953868026606E-03
   12    4    6    1  1.1198588714331215E-15
   12    4    6    2 -1.9975981526264883E-02
   12    4    6    4  4.1933336990252765E-03
   12    4    6    6  8.4716503188844473E-03
   12    4    7    1 -2.3242927543261252E-02
   12    4    7    2 -1.2749065583621266E-15
   12    4    7    3  4.1435255587787823E-03
   12    4    7    5 -1.0554399826620119E-02
   12    4    7    7  2.2998055120334454E-04
   12    4    8    2  2.3426553822041216E-02
   12    4    8    4 -9.7878505823752321E-03
   12    4    8    6  1.6766546047868400E-03
   12    4    8    8 -1.2901394484111647E-02
   12    4    9    1  1.0680129112165837E-02
   12    4    9    3 -1.9992431222831716E-02
   12    4    9    5  3.9986346006716921E-03
   12    4    9    7 -1.1701484394232478E-02
   12    4    9    9  1.3744172195872498E-02
   12    4   10    2 -1.7965262955040560E-02
   12    4   10    4 -1.7753214190917299E-07
   12    4   10    6 -1.1791886318234067E-02
   12    4   10    8  1.4337408914494544E-02
   12    4   11    1  2.6337935838123879E-03
   12    4   11    3 -2.4522225901246111E-02
   12    4   11    5 -5.1990361943906240E-03
   12    4   11    7 -1.2899033904893446E-02
   12    4   11    9  3.8503237091645375E-03
   12    4   12    2  1.4159507315961620E-02
   12    4   12    4  3.1605922059248087E-02
   12    5    1    1  2.9359842465201402E-14
   12    5    2    1 -4.4422537708393300E-02
   12    5    2    2 -5.6538161739144721E-15
   12    5    3    1 -6.2650368427190697E-15
   12    5    3    2 -2.9128416466335993E-03
   12    5    4    1 -3.2531686369401215E-02
   12    5    4    2 -1.8442617767157332E-15
   12    5    4    3 -7.8188184583795999E-03
   12    5    5    1  2.0074274274112236E-15
   12    5    5    2  2.0265941432659210E-02
   12    5    5    4 -3.0721163806860605E-03
   12    5    6    1 -2.7096474752428729E-02
   12    5    6    2 -1.0300869315513217E-15
   12    5    6    3  1.7812896619322110E-03
   12    5    6    5 -9.3059812165187418E-03
   12    5    7    2  3.0811458031783284E-02
   12    5    7    4 -1.1663095922734583E-02
   12    5    7    6 -3.1557109368761382E-04
   12    5    8    1  1.5316252433095727E-02
   12    5    8    3 -2.0490839132873036E-02
   12    5    8    5  1.4956133163528105E-03
   12    5    8    7  6.4356235325307206E-03
   12    5    9    2 -2.4530781279516890E-02
   12    5    9    4 -2.6990417859333745E-03
   12    5    9    6  5.4287624714415735E-03
   12    5    9    8 -1.5845974423669411E-02
   12    5   10    1 -5.4481597948306624E-03
   12    5   10    3  2.4474550690444307E-02
   12    5   10    5 -4.6737821070204390E-03
   12    5   10    7 -1.5292133222447987E-02
   12    5   10    9  1.8483673761165869E-02
   12    5   11    2 -1.2579401630526378E-02
   12    5   11    4 -1.7220790927146290E-02
   12    5   11    6  1.4679191281650721E-02
   12    5   11    8 -1.7707862423339518E-02
   12    5   12    1  1.3218263053030987E-03
   12    5   12    3 -1.7891163311254499E-02
   12    5   12    5  3.8921440271166424E-02
   12    6    1    1 -4.9553432142426503E-02
   12    6    2    1  1.5193392605226258E-14
   12    6    2    2 -2.6307432312355630E-02
   12    6    3    1  4.3325681938247200E-02
   12    6    3    2  1.6967797880716035E-15
   12    6    3    3  1.2866130324421972E-02
   12    6    4    1  3.4888202895232145E-15
   12    6    4    2 -3.1390953527884201E-02
   12    6    4    4  8.9371847912993498E-03
   12    6    5    1 -3.7246701499496007E-02
   12    6    5    2 -1.2619164610830347E-15
   12    6    5    3  3.6447048495938036E-03
   12    6    5    5 -1.3459984402304679E-02
   12    6    6    1  1.8307092495596644E-15
   12    6    6    2 -3.5526442071163830E-02
   12    6    6    4  1.3146926468968475E-02
   12    6    6    6 -1.6858909409180629E-03
   12    6    7    1 -1.7828409177271309E-02
   12    6    7    3  3.1315436640770529E-02
   12    6    7    5 -4.0748113681385719E-03
   12    6    7    7 -7.3174447837855375E-03
   12    6    8    2  2.5950173787168258E-02
   12    6    8    4  9.9014751362136253E-03
   12    6    8    6 -4.2022841457159295E-03
   12    6    8    8 -2.0557069101342570E-04
   12    6    9    1  3.2225660911708157E-03
   12    6    9    3 -3.0291413148104938E-02
   12    6    9    5  1.4306690877064007E-02
   12    6    9    7  2.6328934254246684E-03
   12    6    9    9  1.1478206203846986E-02
   12    6   10    2 -1.2534267332472532E-02
   12    6   10    4 -2.4064985275550774E-02
   12    6   10    6  1.3567694462982699E-04
   12    6   10    8  1.0740344130593223E-02
   12    6   11    1 -8.1968858150181030E-04
   12    6   11    3 -1.1524807390555595E-02
   12    6   11    5  2.8027861866649618E-02
   12    6   11    7 -7.1585791613200059E-03
   12    6   11    9  2.0161344331329243E-02
   12    6   12    2  7.6661558355545266E-03
   12    6   12    4  2.0939881495620018E-02
   12    6   12    6  3.9834266811862334E-02
   12    7    1    1  1.1375015512848918E-14
   12    7    2    1 -8.1416978122283101E-02
   12    7    2    2 -3.1823502166794526E-15
   12    7    3    2 -3.0064732872578159E-02
   12    7    4    1 -3.6208528817258875E-02
   12    7    4    2 -1.9942374303565796E-15
   12    7    4    3  1.0879069121165623E-02
   12    7    5    1  1.2809238804194212E-15
   12    7    5    2  4.9194386352655481E-02
   12    7    5    4 -2.0840398464269466E-02
   12    7    6    1 -1.7177561196946446E-02
   12    7    6    3  4.1538658385096371E-02
   12    7    6    5 -4.2458055527394662E-03
   12    7    7    2  3.9746305053649865E-02
   12    7    7    4  1.3783298605440825E-02
   12    7    7    6 -5.2818777175613254E-03
   12    7    8    1  3.6391910008264569E-03
   12    7    8    3 -3.8323741812743103E-02
   12    7    8    5  1.9031123862145140E-02
   12    7    8    7  2.7050442975284673E-03
   12    7    9    2 -1.8775252711508275E-02
   12    7    9    4 -3.2934342219945116E-02
   12    7    9    6 -7.4307182678735534E-03
   12    7    9    8 -1.7752489915218031E-03
   12    7   10    1  4.8637583422577184E-04
   12    7   10    3  1.5193581957467346E-02
   12    7   10    5 -3.2389780673829964E-02
   12    7   10    7 -6.9170422177491225E-03
   12    7   10    9  1.3890971641765448E-02
   12    7   11    2 -7.0525536637007814E-03
   12    7   11    4 -1.9096791870671190E-02
   12    7   11    6 -2.7165910650780403E-02
   12    7   11    8 -9.5880088591633952E-03
   12    7   12    1 -1.4289485079298600E-03
   12    7   12    3 -4.6278337856591675E-03
   12    7   12    5  2.7161231387587203E-02
   12    7   12    7  5.2185394259595119E-02
   12    8    1    1  1.1026262104215687E-01
   12    8    2    1 -1.0347002117952475E-14
   12    8    2    2  8.0527402555520350E-02
   12    8    3    1 -5.7944110734411317E-02
   12    8    3    2 -1.5063362883427356E-15
   12    8    3    3 -1.3428382341866834E-02
   12    8    4    1 -1.1290881424264043E-15
   12    8    4    2  5.6284859802219839E-02
   12    8    4    4 -3.2588341716579462E-02
   12    8    5    1  3.2470434992317353E-02
   12    8    5    3 -4.8094807791378653E-02
   12    8    5    5  3.1894750336643272E-03
   12    8    6    1 -1.2101458073468518E-15
   12    8    6    2  3.8582645826913162E-02
   12    8    6    4  1.9016577672454578E-02
   12    8    6    6 -9.4371007670882873E-03
   12    8    7    1  7.9853215575695306E-03
   12    8    7    3 -4.9568552669434503E-02
   12    8    7    5  2.6203102440318357E-02
   12    8    7    7  4.4234562026161063E-03
   12    8    8    1  1.1614312484843625E-15
   12    8    8    2 -1.7086115046162604E-02
   12    8    8    4 -4.1466568632536095E-02
   12    8    8    6 -8.7681143260861499E-03
   12    8    8    8 -4.9947316108718120E-03
   12    8    9    1  4.9583737533303327E-04
   12    8    9    3  1.5027862576440102E-02
   12    8    9    5 -4.3252131698729171E-02
   12    8    9    7 -1.4756161584012339E-02
   12    8    9    9  7.8610189148709073E-04
   12    8   10    2  6.4708431569685419E-03
   12    8   10    4  2.2177476448490215E-02
   12    8   10    6  3.2290880020335741E-02
   12    8   10    8 -1.1828772950255514E-03
   12    8   11    1  1.1723265382244000E-03
   12    8   11    3  2.5501802735006132E-04
   12    8   11    5 -2.2644247676242565E-02
   12    8   11    7 -3.5889529963695654E-02
   12    8   11    9 -8.2646753229967604E-03
   12    8   12    2 -4.3533002207169959E-03
   12    8   12    4 -8.8141778758436557E-03
   12    8   12    6 -3.0497866628118500E-02
   12    8   12    8  5.4622153665641271E-02
   12    9    1    1 -3.9942008034365983E-15
   12    9    2    1  1.0577351433628364E-01
   12    9    2    2  2.3271315430228867E-15
   12    9    3    1  1.3226724403236911E-15
   12    9    3    2  6.9822333418015789E-02
   12    9    3    3  2.8969882048812678E-15
   12    9    4    1  1.9966720800435413E-02
   12    9    4    2  1.0458756256881419E-15
   12    9    4    3 -8.4858743486090016E-02
   12    9    4    4 -2.1163626406917047E-15
   12    9    5    2 -5.9917013798567127E-02
   12    9    5    4 -1.2383739577723669E-02
   12    9    6    1  7.2445591437948558E-04
   12    9    6    3 -6.2963493498219086E-02
   12    9    6    4 -1.0221858082193336E-15
   12    9    6    5  3.7945346124301574E-02
   12    9    7    2 -2.9006514412328190E-02
   12    9    7    3  1.0604581449080719E-15
   12    9    7    4 -5.4658662988425914E-02
   12    9    7    6 -1.4061381176251371E-02
   12    9    8    1  3.2499690406117025E-03
   12    9    8    3  1.7918125600730233E-02
   12    9    8    5 -5.6738920525683828E-02
   12    9    8    7 -2.0283949056340109E-02
   12    9    9    2  1.0343758782906215E-02
   12    9    9    4  2.7187149735939720E-02
   12    9    9    6  4.8027845416125793E-02
   12    9    9    8 -1.4658418467619273E-02
   12    9   10    1 -2.1512812571478843E-03
   12    9   10    3 -1.1386536750613611E-03
   12    9   10    5  2.8405718016636220E-02
   12    9   10    7  4.4518828789292933E-02
   12    9   10    9 -5.7783976518809253E-03
   12    9   11    2  3.9541710510090210E-03
   12    9   11    4  5.5818500971479348E-03
   12    9   11    6  2.9939944717561642E-02
   12    9   11    8 -4.4073626354655747E-02
   12    9   12    1  1.8844110028606517E-03
   12    9   12    3  9.1860534397558290E-04
   12    9   12    5 -9.2054164851004660E-03
   12    9   12    7 -4.0147841841855353E-02
   12    9   12    9  6.9662005919817319E-02
   12   10    1    1 -2.1045347735458619E-01
   12   10    2    1  6.3139597716865836E-15
   12   10    2    2 -1.8325082826404690E-01
   12   10    3    1  5.3840283719100358E-02
   12   10    3    3 -6.5469003411861570E-02
   12   10    4    1  1.2152280050303776E-15
   12   10    4    2 -6.1064235061278525E-02
   12   10    4    3 -1.0377983195031248E-15
   12   10    4    4 -2.2352998319301542E-02
   12   10    5    1 -1.9456696756890240E-02
   12   10    5    3  8.7432496312461805E-02
   12   10    5    5 -3.8511641122058134E-02
   12   10    6    1  1.4385329949809234E-15
   12   10    6    2 -2.5148515015390123E-02
   12   10    6    4 -6.8696132517270317E-02
   12   10    6    6 -1.5020908986784390E-02
   12   10    7    1 -2.5513258904149450E-03
   12   10    7    3  3.1632592644137113E-02
   12   10    7    5 -7.4179843376348961E-02
   12   10    7    7 -2.9419450680606564E-02
   12   10    8    2  8.1884158840423195E-03
   12   10    8    4  3.6144605281624734E-02
   12   10    8    6  5.7322088672835586E-02
   12   10    8    8 -1.1921348055937475E-02
   12   10    9    1 -6.2692811600653089E-04
   12   10    9    3 -1.2175165721288244E-03
   12   10    9    5  3.7611607777184683E-02
   12   10    9    7  6.0338382927178039E-02
   12   10    9    9 -1.6549845412689404E-02
   12   10   10    2 -3.6237566116306828E-03
   12   10   10    4 -7.5940759636129816E-03
   12   10   10    6 -3.8729465806667203E-02
   12   10   10    8  4.6633331915169253E-02
   12   10   10   10  1.4088090593975255E-03
   12   10   11    1 -8.5972244706805688E-04
   12   10   11    3 -7.1376243632549847E-05
   12   10   11    5  4.8189061177468483E-03
   12   10   11    7  3.9964457238293664E-02
   12   10   11    9 -5.1110156658829453E-02
   12   10   11   11  1.0523743194748414E-02
   12   10   12    2  2.2774283363063714E-03
   12   10   12    4  4.4968814404462787E-03
   12   10   12    6  1.3498113563543433E-02
   12   10   12    8 -4.5620909250669119E-02
   12   10   12   10  7.6603820624047747E-02
   12   11    2    1  1.0244931415914652E-01
   12   11    2    2  1.8370721610594387E-15
   12   11    3    1  2.8215277336762767E-15
   12   11    3    2  8.9839703498379664E-02
   12   11    3    3  5.5094817597023393E-15
   12   11    4    1  6.2356063940315586E-04
   12   11    4    3 -1.5295425023710907E-01
   12   11    4    4 -2.6628005356243989E-15
   12   11    5    2 -4.6808222337317816E-02
   12   11    5    3  1.0007186052041206E-15
   12   11    5    4 -7.9754811640849604E-02
   12   11    5    5  1.4597698050344832E-15
   12   11    6    1 -6.9262407537811288E-03
   12   11    6    3 -3.6980048453244797E-02
   12   11    6    4 -1.1859003362646447E-15
   12   11    6    5  1.1150752242962897E-01
   12   11    7    2 -1.6297582166565825E-02
   12   11    7    4 -5.2339481520156092E-02
   12   11    7    6 -7.9593724698817245E-02
   12   11    8    1  3.9692088826815894E-03
   12   11    8    3 -2.7047805054311851E-03
   12   11    8    5 -5.2090709995649125E-02
   12   11    8    7 -8.4302698314657892E-02
   12   11    9    2  6.3849964704025845E-03
   12   11    9    4  6.6935056501146607E-03
   12   11    9    6  5.4321336349630080E-02
   12   11    9    8 -7.8501051162136598E-02
   12   11   10    1 -2.2194996301126801E-03
   12   11   10    3 -2.3456617308937765E-04
   12   11   10    5  4.9937658913956264E-03
   12   11   10    7  5.4921737987521806E-02
   12   11   10    9 -6.5325130371859663E-02
   12   11   11    2  2.0549330806898069E-03
   12   11   11    4  2.7367803127332190E-03
   12   11   11    6  7.6931927100296199E-03
   12   11   11    8 -5.3716204556216257E-02
   12   11   11   10  8.8772570966927533E-02
   12   11   12    1  1.4918322319864472E-03
   12   11   12    3 -1.9298439881455768E-04
   12   11   12    5 -3.4553371732205739E-03
   12   11   12    7 -1.7338868838491464E-02
   12   11   12    9  6.0405957658027226E-02
   12   11   12   11  1.0650101208499053E-01
   12   12    1    1  7.0680271784572446E-01
   12   12    2    1 -3.1090581498194325E-15
   12   12    2    2  6.7980352111424636E-01
   12   12    3    1 -5.1582227017617284E-02
   12   12    3    2  3.6303425543504630E-15
   12   12    3    3  5.4569130448133807E-01
   12   12    4    1 -7.7823489839923266E-15
   12   12    4    2  6.2182849429637428E-02
   12   12    4    3 -1.4612876880759629E-15
   12   12    4    4  4.8188485697764771E-01
   12   12    5    1  1.3453819409707149E-02
   12   12    5    3 -1.1626157446726459E-01
   12   12    5    4 -3.0136483586407081E-15
   12   12    5    5  4.7052378309308357E-01
   12   12    6    1 -1.0943191340075098E-15
   12   12    6    2  1.5194536566446312E-02
   12   12    6    3 -1.1379514951864733E-15
   12   12    6    4  1.1012900843661737E-01
   12   12    6    5  1.4092459837966587E-15
   12   12    6    6  4.2583966414316538E-01
   12   12    7    1  2.7783833602385006E-03
   12   12    7    3 -9.8309525972825607E-03
   12   12    7    5  1.2594511896522448E-01
   12   12    7    6 -1.2247147740396258E-15
   12   12    7    7  4.2906358208970330E-01
   12   12    8    2 -6.5355701770862503E-03
   12   12    8    4 -1.4319742194456805E-02
   12   12    8    6 -1.1763672059255162E-01
   12   12    8    8  3.9141617237119497E-01
   12   12    9    1  4.5129448486412122E-04
   12   12    9    3  4.2100543320864022E-03
   12   12    9    4 -1.0474748238925580E-15
   12   12    9    5 -1.1311321302399356E-02
   12   12    9    7 -1.2330910785787332E-01
   12   12    9    9  3.8679918523396106E-01
   12   12   10    2  2.1136554718953543E-03
   12   12   10    4  7.9404961129449867E-03
   12   12   10    6  1.7936927734270469E-02
   12   12   10    8 -1.1360163017075696E-01
   12   12   10   10  3.5983247636026056E-01
   12   12   11    1  3.8556854873664757E-04
   12   12   11    3 -5.7984859464110230E-04
   12   12   11    5 -4.5805207326521059E-03
   12   12   11    7 -1.9034977019261705E-02
   12   12   11    9  1.1266369185876209E-01
   12   12   11   11  3.8098762914770140E-01
   12   12   12    1  1.3325911961360390E-15
   12   12   12    2 -1.5275762996532541E-03
   12   12   12    4 -3.4075530579070787E-03
   12   12   12    6 -1.0023541970572623E-02
   12   12   12    8  3.1817006375753770E-02
   12   12   12   10 -1.0317248073170469E-01
   12   12   12   12  5.3169078576309992E-01
