-8.0937408331101102e-01
-8.6832059785869797e-01
-9.1726094546347858e-01
-9.5793013512388503e-01
-9.9170066601882545e-01
-1.0196710542177447e+00
-1.0427303825404066e+00
-1.0616060076319223e+00
-1.0768991734625155e+00
-1.0891117880946972e+00
-1.0986666613021210e+00
-1.1059228658873577e+00
-1.1111874519100566e+00
-1.1147244364621947e+00
-1.1167617673293424e+00
-1.1174967896655259e+00
-1.1171006141347375e+00
-1.1157216826813368e+00
-1.1134887478030890e+00
-1.1105134186828345e+00
-1.1068923797282753e+00
-1.1027093515246613e+00
-1.0980368387916304e+00
-1.0929376927128387e+00
-1.0874665041941423e+00
-1.0816708896470160e+00
-1.0755923731644277e+00
-1.0692676267701597e+00
-1.0627290798881339e+00
-1.0560056490075755e+00
-1.0491233049489685e+00
-1.0421055383831188e+00
-1.0349737364297935e+00
-1.0277474832659568e+00
-1.0204447972815631e+00
-1.0130823165127241e+00
-1.0056754429642800e+00
-9.9823845511995923e-01
-9.9078459653539297e-01
-9.8332614700893151e-01
-9.7587448149926193e-01
-9.6844012075789443e-01
-9.6103277659963859e-01
-9.5366139385870718e-01
-9.4633419037214472e-01
-9.3905869578554246e-01
-9.3184178957173469e-01
-9.2468973837071444e-01
-9.1760823257682489e-01
-9.1060242199582475e-01
-9.0367695035052198e-01
-8.9683598841210932e-01
-8.9008326556091821e-01
-8.8342209962375817e-01
-8.7685542488632717e-01
-8.7038581823215311e-01
-8.6401552340943821e-01
-8.5774647347138067e-01
-8.5158031147220603e-01
-8.4551840952968105e-01
-8.3956188638532825e-01
-8.3371162360619300e-01
-8.2796828057782279e-01
-8.2233230843788219e-01
-8.1680396309450409e-01
-8.1138331746432857e-01
-8.0607027305285306e-01
-8.0086457098542896e-01
-7.9576580258160035e-01
-7.9077341954936009e-01
-7.8588674385986734e-01
-7.8110497734771100e-01
-7.7642721106750567e-01
-7.7185243442452700e-01
-7.6737954408577447e-01
-7.6300735266816255e-01
-7.5873459719277159e-01
-7.5455994728809206e-01
-7.5048201312104457e-01
-7.4649935303202464e-01
-7.4261048084928094e-01
-7.3881387285836153e-01
-7.3510797440396236e-01
-7.3149120610411900e-01
-7.2796196966006976e-01
-7.2451865324907305e-01
-7.2115963649184156e-01
-7.1788329499079295e-01
-7.1468800443994795e-01
-7.1157214431178017e-01
-7.0853410113063120e-01
-7.0557227134621647e-01
-7.0268506382428408e-01
-6.9987090197455282e-01
-6.9712822553858933e-01
-6.9445549206229684e-01
-6.9185120015979995e-01
-6.8931380154353417e-01
-6.8684183591240888e-01
-6.8443384137788832e-01
-6.8208837742511164e-01
-6.7980402505829562e-01
-6.7757938681735730e-01
-6.7541308668938060e-01
-6.7330376993693053e-01
-6.7125010286336950e-01
-6.6925077253342102e-01
-6.6730448646524931e-01
-6.6540997230824916e-01
-6.6356597751878676e-01
-6.6177126904415828e-01
-6.6002463302313985e-01
-6.5832487450975330e-01
-6.5667081722520337e-01
-6.5506130334141011e-01
-6.5349519329822781e-01
-6.5197136565516345e-01
-6.5048871697738997e-01
-6.4904616175489793e-01
-6.4764263235287833e-01
-6.4627707899079923e-01
-6.4494846974714548e-01
-6.4365579058643785e-01
-6.4239804540487977e-01
-6.4117425609085377e-01
-6.3998346259641725e-01
-6.3882472301600224e-01
-6.3769711366859561e-01
-6.3659972917985064e-01
-6.3553168256078418e-01
-6.3449210527994526e-01
-6.3348014732624303e-01
-6.3249497725988346e-01
-6.3153578224918405e-01
-6.3060176809136814e-01
-6.2969215921570854e-01
-6.2880619866775533e-01
-6.2794314807362817e-01
-6.2710228758367759e-01
-6.2628291579507100e-01
-6.2548434965312216e-01
-6.2470592433140315e-01
-6.2394699309090285e-01
-6.2320692711868397e-01
-6.2248511534664719e-01
-6.2178096425117835e-01
-6.2109389763456835e-01
-6.2042335638919899e-01
-6.1976879824559139e-01
-6.1912969750545277e-01
-6.1850554476095310e-01
-6.1789584660143848e-01
-6.1730012530886924e-01
-6.1671791854323244e-01
-6.1614877901919907e-01
-6.1559227417526263e-01
-6.1504798583659404e-01
-6.1451550987278780e-01
-6.1399445585164680e-01
-6.1348444669012037e-01
-6.1298511830343383e-01
-6.1249611925340375e-01
-6.1201711039689277e-01
-6.1154776453526893e-01
-6.1108776606569370e-01
-6.1063681063499842e-01
-6.1019460479684950e-01
-6.0976086936291818e-01
-6.0933532423883119e-01
-6.0891771044528797e-01
-6.0850777482150076e-01
-6.0810527346878818e-01
-6.0770997143876448e-01
-6.0732164242808373e-01
-6.0694006847997783e-01
-6.0656503969281417e-01
-6.0619635393584859e-01
-6.0583381657229007e-01
-6.0547724018979410e-01
-6.0512644433842799e-01
-6.0478125527615423e-01
-6.0444150572183086e-01
-6.0410703461570392e-01
-6.0377768688734756e-01
-6.0345331323099094e-01
-6.0313376988814271e-01
-6.0281891843740332e-01
-6.0250862559136864e-01
-6.0220276300047970e-01
-6.0190120706368577e-01
-6.0160383874577117e-01
-6.0131054340119339e-01
-6.0102121060426250e-01
-6.0073573398551039e-01
-6.0045401107405993e-01
-6.0017594314583822e-01
-5.9990143507745053e-01
-5.9963039520554862e-01
-5.9936273519150607e-01
-5.9909836989124421e-01
