-1.4764644838684440e+01
-1.4782876782946577e+01
-1.4798879546862238e+01
-1.4812821084606792e+01
-1.4824828685841123e+01
-1.4835030450025382e+01
-1.4843567521382321e+01
-1.4850592538805474e+01
-1.4856263267644618e+01
-1.4860735950477084e+01
-1.4864160108727681e+01
-1.4866675167892108e+01
-1.4868408338635561e+01
-1.4869473602727661e+01
-1.4869971600541973e+01
-1.4869990249861658e+01
-1.4869605815637794e+01
-1.4868884161984326e+01
-1.4867882008953256e+01
-1.4866648105911224e+01
-1.4865224289015925e+01
-1.4863646417526500e+01
-1.4861945194890561e+01
-1.4860146884361020e+01
-1.4858273925495109e+01
-1.4856345487181468e+01
-1.4854377904149196e+01
-1.4852385089647504e+01
-1.4850378870716341e+01
-1.4848369278657421e+01
-1.4846364797712571e+01
-1.4844372578177200e+01
-1.4842398618985825e+01
-1.4840447926261813e+01
-1.4838524646446782e+01
-1.4836632184396603e+01
-1.4834773303537130e+01
-1.4832950212752159e+01
-1.4831164637702742e+01
-1.4829417901979863e+01
-1.4827710960302529e+01
-1.4826044464401631e+01
-1.4824418802857174e+01
-1.4822834139654665e+01
-1.4821290448062513e+01
-1.4819787540319336e+01
