-6.9780997406136809e+00
-7.2154696445261735e+00
-7.3736979712247743e+00
-7.4829699936187337e+00
-7.5597311262983498e+00
-7.6141072168140909e+00
-7.6527629680137927e+00
-7.6802491029647255e+00
-7.6997424035817623e+00
-7.7134938630056302e+00
-7.7231133034684891e+00
-7.7297573985752450e+00
-7.7342599022362570e+00
-7.7372243428523308e+00
-7.7390898162340260e+00
-7.7401773347744909e+00
-7.7407223079502163e+00
-7.7408973123357656e+00
-7.7408282459048401e+00
-7.7406060384987025e+00
-7.7402953775779331e+00
-7.7399413417605434e+00
-7.7395744762459922e+00
-7.7392146747388884e+00
-7.7388741286093818e+00
-7.7385595727562952e+00
-7.7382739912923277e+00
-7.7380178968038615e+00
-7.7377902728987777e+00
-7.7375892446054166e+00
-7.7374125342603755e+00
-7.7372577520930621e+00
-7.7371225687409044e+00
-7.7370048009346091e+00
-7.7369024454746711e+00
-7.7368136828764449e+00
-7.7367368659328486e+00
-7.7366705051369351e+00
-7.7366132554687601e+00
-7.7365639063367722e+00
-7.7365213739141261e+00
-7.7364846952526918e+00
-7.7364530221647811e+00
-7.7364256140941219e+00
-7.7364018305698972e+00
-7.7363811222463088e+00
-7.7363630214642125e+00
-7.7363471329400708e+00
-7.7363331242262010e+00
-7.7363207171588364e+00
-7.7363096796995974e+00
-7.7362998187184369e+00
-7.7362909735724124e+00
-7.7362830105199620e+00
-7.7362758178862219e+00
-7.7362693020385302e+00
-7.7362633839982688e+00
-7.7362579966094112e+00
