 0.1110366748112460E+01   0.3446293364123422E+01
 0.1336575590099628E-15   0.3851279265099760E-15
 0.1110366748112426E+01   0.3446293364123312E+01
-0.5694251686990665E-14   0.1622662490793575E-13
-0.1141551556623409E-14  -0.1060231133798118E-16
-0.5984959382905757E+00   0.3306044643805244E+01
 0.1485425616651657E-15  -0.7895876450085908E-14
 0.5039866976190424E-15  -0.3697878936420038E-15
 0.2896370551453499E+00  -0.7131415373946570E+00
-0.1071735729840644E+00   0.1303964454161998E+01
 0.1106354274231554E-13   0.6852226784882256E-13
 0.5987616562681499E-14   0.9319775235962529E-14
 0.5208729348763698E+00   0.3435130483297334E+01
-0.5995662632500896E-01  -0.1197232741785661E+01
 0.3435993411538577E+01   0.1602547466906218E+02
-0.7579354771014351E+00  -0.6899490978052679E-01
 0.5636684204642911E-02   0.5131076851653818E-03
 0.3643510521396091E-14  -0.2456086634222361E-15
 0.1717418950370662E-14   0.5267265355617863E-14
-0.3069252699104316E-14  -0.1476385744997360E-13
 0.4500954793744069E+00   0.2601429370866082E+01
-0.5636684204642774E-02  -0.5131076851656379E-03
-0.7579354771014195E+00  -0.6899490978052776E-01
 0.5025806455193472E-15  -0.8914791065859096E-15
-0.3676761296473800E-15  -0.7541137569401417E-15
 0.1694426530300254E-14  -0.1843165431102313E-14
-0.2794553180425458E-15  -0.1731991899612349E-15
 0.4500954793744014E+00   0.2601429370866062E+01
-0.4519671270407253E-15  -0.1117756658496438E-13
-0.1563551957976568E-14  -0.2846121797423482E-14
 0.3631329906826007E+00   0.1966631475094037E+00
 0.3053673883202090E+00   0.6588678108373105E+00
-0.8935456616616291E+00  -0.3506386372441472E+01
 0.2092864488685506E-14   0.4318688991865370E-14
-0.9051659714016573E-15  -0.6865685724553021E-16
 0.7582779355630248E+00   0.4388068973960821E+01
 0.1052741708978816E-14   0.6676613429627548E-14
 0.1099385429996292E-14   0.1153592054983625E-14
-0.8886939640052738E-02   0.3439903955117541E+00
 0.4170353544737387E+00   0.6690362840796812E-01
 0.3321673180322702E+00   0.1431042292538708E+01
 0.3386436505776168E-16  -0.2808071157318757E-14
-0.4639051314204633E-15  -0.2612528333982176E-15
-0.8243784869777178E-01  -0.1014452560933175E+01
-0.6559171357442093E+00   0.1304659810739061E+01
-0.2502091845484354E-01  -0.1595995682467439E+00
 0.4082400800708125E-03   0.2604018738879459E-02
-0.4724834754258444E-15   0.1013538039399375E-14
-0.5580089436514300E-15  -0.8819246865343049E-15
-0.6033588640989848E-15   0.1576302423631586E-14
-0.5205996156902662E+00  -0.9096449148867345E-02
 0.4621873953289460E-02   0.8075811068981586E-04
 0.1250073978350725E-15  -0.1158454104826160E-14
-0.1949173483988802E-14  -0.3739730407945752E-14
 0.1184299352912401E+00   0.2085013689781709E+01
-0.4082400800716164E-03  -0.2604018738881564E-02
-0.2502091845484160E-01  -0.1595995682467379E+00
 0.3173897496383172E-15  -0.4559032287096265E-15
 0.1631551170151211E-15  -0.8145421294983996E-16
-0.3271316545573663E-15  -0.5200442191365133E-15
-0.4621873953289430E-02  -0.8075811068895238E-04
-0.5205996156902618E+00  -0.9096449148867050E-02
 0.2048188635386463E-16   0.2464001433058775E-15
 0.2820952238266056E-15   0.1410228092705190E-15
 0.2481739237294775E-15   0.3293179397736473E-16
 0.1184299352912384E+00   0.2085013689781691E+01
-0.3963687877083878E-14   0.4444103624419510E-14
 0.5391710209065171E-16  -0.9492818748250237E-15
-0.3003624867359229E+00   0.5407316177712529E+00
-0.1631177827916184E+00  -0.4513963470380284E+00
-0.5869045414452293E+00   0.2249483512293636E+00
 0.5079343801607593E-15  -0.4891571387978573E-15
-0.5725371291805832E-15  -0.7650960114415784E-15
-0.5486071110161689E+00   0.4263022017200254E-01
-0.5397951862183263E+00  -0.5955373645472092E+00
-0.1584733316438141E-14  -0.9110853759136094E-15
 0.4836583043974554E-15   0.5844026660291382E-15
-0.2917238286567413E+00   0.1599686171261590E+01
 0.1999508581294523E-14   0.3330655033000792E-14
 0.7039185389476447E-15   0.1023993736118636E-14
 0.2995116173206171E+00  -0.1890688418936625E+00
-0.2197803810435738E+00  -0.1297941261811071E+00
 0.2638065891718026E+00   0.1324016759350090E+01
 0.9470009927217827E-15  -0.6039604301677306E-16
 0.9417450823426365E-15  -0.9952595879939396E-16
 0.5525457851557505E+00  -0.3889324474545010E+00
-0.6460118086131995E-01   0.4301312682963551E+00
-0.7270987353798400E-15  -0.1590628737142871E-14
 0.1630314690755432E-15  -0.1767378731077708E-15
-0.4000754854759767E+00  -0.7816385599441592E+00
-0.6144944613011715E+00   0.1465723232320392E+01
-0.5159178365346802E-14   0.1967825917176398E-14
-0.8009396548846341E-15  -0.8907227963981117E-15
-0.4359373566386786E+00   0.3171431908618996E+00
 0.4137571814247138E+00   0.1536040637094226E+00
-0.4882891092462794E+00  -0.4418785913866428E-01
-0.1743065740352245E-15   0.4160816694691410E-15
-0.9355657935712324E-16   0.3161814511550047E-15
-0.1580013474744237E+00  -0.1291554930328249E+00
 0.1169842807682870E+00  -0.9199800446529183E-01
 0.3603249427649209E-15   0.1252549269393963E-14
-0.5068016476187313E-16   0.2552124873676259E-15
-0.3877713679587179E+00   0.2284721990511824E+00
 0.8737687731497824E-01  -0.3064702943286265E+00
-0.2673128121191446E+00   0.1631862190344599E+01
-0.8035769471218268E-01  -0.7273953476522046E-01
-0.1382710179816852E-01  -0.1251624944633539E-01
-0.2317680517450529E-14   0.3051796376527489E-14
 0.2564036382214392E-14   0.1121856326682641E-14
-0.3087862514651633E-14  -0.1530765202661704E-14
 0.6918820512559876E-02   0.2229186265069224E-01
 0.1243563282480513E-02   0.4006657180972429E-02
-0.1078145410961839E-14  -0.1148901379728201E-15
 0.4851965356788295E-17  -0.1046961419881200E-14
 0.2549783847192283E+00  -0.7396742741661387E-01
 0.4816943174985520E-01  -0.1397361172626571E-01
-0.2037924073495269E-14   0.1596288876738369E-14
 0.6083065269552495E-15  -0.4649130277380745E-15
 0.5742232392290341E-15   0.1797352799716894E-14
 0.4291195462700128E-01   0.1560330455430463E+01
-0.1382710179816785E-01  -0.1251624944633567E-01
 0.8035769471218174E-01   0.7273953476521887E-01
 0.4521961051531168E-16   0.3815220786684935E-15
-0.3134829570167035E-15  -0.5345268974032692E-15
-0.1326264635357533E-14   0.5169213795786788E-15
 0.1243563282480617E-02   0.4006657180971494E-02
-0.6918820512559930E-02  -0.2229186265069235E-01
 0.8138774626817332E-15   0.8549350761384157E-15
-0.3742573133632231E-15   0.1584685766078147E-15
 0.4816943174985470E-01  -0.1397361172626613E-01
-0.2549783847192276E+00   0.7396742741661462E-01
 0.5393065236991097E-15   0.3038253728496080E-15
-0.7397108590392385E-15  -0.3445035662806623E-15
 0.1451514755406493E-15   0.3107044962858578E-15
-0.6991757450864188E-15  -0.1264443986574185E-14
 0.4291195462700162E-01   0.1560330455430468E+01
-0.9203383916101355E-02   0.3606104894005816E-02
 0.2791376997934680E+00  -0.1093727953221393E+00
-0.1490803602278227E-16   0.1565483452606421E-15
 0.2643444255689370E-15   0.2528077177180843E-15
-0.1034631118544229E-14   0.7819655661479901E-15
-0.3483401641600312E-02   0.8957969714947072E-02
 0.8618533346306612E-01  -0.2216355409076650E+00
 0.7366723613082763E-15   0.6699946638883949E-17
 0.3488470037000694E-15   0.3128654186262891E-17
 0.1853410669144109E-01   0.9838453617108356E-02
-0.3758443900784372E+00  -0.1995093510897298E+00
-0.8669841546523855E-15  -0.1745554915631448E-15
 0.1126410910667376E-15  -0.1257148934338808E-16
 0.1785967478208058E-14   0.1133364902738340E-14
-0.6081247188632474E-01  -0.4205505537366547E-01
 0.4396698028105893E+00   0.3040550290060766E+00
-0.1196436304977488E+01   0.8539798939700119E+00
-0.2791376997934726E+00   0.1093727953221415E+00
-0.9203383916100380E-02   0.3606104894004972E-02
 0.3026607700577057E-14  -0.1262332096301646E-14
-0.2266144006367596E-14  -0.6924315033628489E-15
 0.1699429731498289E-14   0.2084246751443888E-14
-0.8618533346306465E-01   0.2216355409076653E+00
-0.3483401641599904E-02   0.8957969714946990E-02
 0.1116314678493347E-14  -0.3638098914475891E-16
-0.1686287263264408E-14   0.2734674212079461E-15
 0.3758443900784385E+00   0.1995093510897301E+00
 0.1853410669144021E-01   0.9838453617108269E-02
 0.1737409409883929E-15  -0.1581752774502961E-14
 0.8349642785747748E-15   0.2414402818868244E-14
-0.7731872373635725E-14  -0.4305552752947127E-14
 0.4396698028105882E+00   0.3040550290060746E+00
 0.6081247188632670E-01   0.4205505537366633E-01
 0.4365034295036964E-15   0.7470881794644936E-15
-0.1196436304977486E+01   0.8539798939700094E+00
-0.2039960143063022E-14  -0.3892113156544204E-15
-0.1039365186187371E-14   0.2540147431573487E-15
-0.4918879703793071E+00   0.3381438345696454E+00
 0.6235162108647740E-01  -0.2863972755738302E+00
-0.7994279184907836E-01  -0.5208361183800682E+00
 0.1269493389192792E-14   0.8201180800462524E-15
-0.2206052226931093E-14   0.4312156511166331E-15
 0.4100212135722381E-01   0.2892841448506097E+00
-0.1315323315003746E+00  -0.1309996378636634E+00
-0.3893616654887468E-15  -0.7958666512255337E-15
 0.7238339386125920E-15  -0.3626145089815775E-15
-0.3462770460836109E+00  -0.8056835910878127E-01
 0.7366777068909532E+00   0.2561905164027642E-01
-0.2565467434241729E+00   0.4082337445450986E+00
-0.2044870376551693E-14   0.2299757454836356E-14
 0.6102759207649425E-15  -0.2208952917814115E-15
 0.5895446830989256E-15   0.3710466576437379E-15
 0.1446000498127168E-14  -0.1406955443909496E-14
-0.1468454550186106E+01   0.9681114292080335E+00
-0.5423650278060757E-16   0.6685432429747341E-16
 0.6413334916274232E-15  -0.1854080910503012E-15
 0.4935768151504852E-14  -0.1650546353892631E-13
-0.2537081902879279E-14   0.5112371894651129E-14
 0.3649579772094713E-13  -0.6962025163000650E-14
-0.2268847361226622E-15   0.1931611456221908E-15
 0.2253558531387808E-15  -0.1451729523256345E-15
-0.1339127384483292E-13  -0.1137729758018093E-13
 0.9126740289030609E-15   0.1602096449052292E-14
 0.8444214700037933E-16   0.2909647417728147E-15
-0.3972960113989057E-15  -0.3720437090635461E-16
-0.1958063648566492E-14  -0.1062609541107221E-13
 0.2387026680861916E-14   0.5270246542332307E-14
 0.1963552781718383E-14  -0.8160083842748553E-14
-0.2445254767374818E-15   0.9775127167332229E-16
 0.3376046928547241E-15  -0.1386340889675631E-15
 0.1287232698402214E-15   0.1601000270321180E-16
-0.8905557524559204E-16   0.7156867867556272E-16
-0.2027119120593084E-14  -0.5128058346581983E-14
-0.1184800138851128E+01   0.8318595193721863E+00
 0.1071822586790934E-14  -0.5667642734501494E-15
 0.8499907726813673E-15  -0.5263185596875611E-15
 0.1093128681320761E-15  -0.1724397731926690E-16
 0.7820075989797251E-15  -0.3774595481386840E-15
 0.3331526400602915E-15  -0.9077798686951353E-15
-0.2734213579470910E-15   0.7444866771523723E-16
-0.6118391293651399E-15   0.4129706808432205E-15
 0.1007837009069667E-14   0.4759117233626587E-16
 0.7180402266517401E-15  -0.6455230553743987E-15
 0.1779175748971671E-15   0.2037214146494405E-15
-0.1841644532729840E-15   0.8148803881490703E-16
-0.1049921552174093E-15  -0.2757360464498800E-16
 0.4475379371832138E-15  -0.3052201684926855E-15
 0.4257508053221581E-15  -0.4146951456738057E-15
-0.2715000640919992E-15   0.2249176791199651E-16
-0.1595422307396552E-16  -0.6835383182566234E-16
-0.1578789353283247E-17   0.1498054303138444E-16
-0.1478770129618455E-15   0.2131411564603913E-16
-0.2006786830079774E-15   0.6726265141479466E-16
-0.7198428266707614E-16   0.6221446030021137E-16
-0.1184800138851128E+01   0.8318595193721862E+00
 0.1484183231933261E-13  -0.1191801858755097E-13
-0.3342810120688724E-14   0.3147904479271311E-14
 0.5240883420756228E+00  -0.1715691028982638E+01
-0.2656209021478779E+00   0.5304843711751429E+00
 0.3757202776398527E+01  -0.8382735940259617E+00
-0.3858876840056647E-14  -0.5983320029978968E-15
-0.4495374880885078E-14   0.1823130079361242E-14
-0.1347866125700333E+01  -0.1150739477532660E+01
 0.7426422912401300E-01   0.1539795593843699E+00
-0.1455603953480814E-14  -0.7707975475212046E-15
-0.2539772943508615E-15   0.2226667843675687E-15
-0.2273303785156972E+00  -0.1088397501530420E+01
 0.2769335357867909E+00   0.5628284232016065E+00
 0.1430360176783497E+00  -0.7968006378077345E+00
 0.5942719485807530E-15  -0.5452299219356162E-14
 0.2852445864645129E-14  -0.1627571708455718E-14
 0.1327175280857456E-14  -0.7104971988071985E-15
 0.1832412080800478E-15   0.3069541586631698E-14
-0.1794888957013443E+00  -0.5460608321318342E+00
-0.4786520702160125E-13   0.4334953140562101E-13
-0.4924761510858003E-15  -0.3998233238809587E-16
-0.6158089017740703E+01   0.5279830534852578E+01
-0.1362809329530081E-02   0.1044074901354010E-02
 0.1768098969719289E+00  -0.1354575227357561E+00
-0.8059798232604092E-15   0.6724038378348042E-15
 0.1538018814063996E-16   0.3368774807857710E-16
 0.4853540179554142E-15  -0.3723495584155589E-15
-0.3048707409228166E-02   0.3896165729386458E-02
 0.2012942552976675E+00  -0.2572486217074086E+00
 0.2212717998859640E-15  -0.1632148598929325E-16
-0.1454806179178830E-15  -0.5841824265500726E-16
-0.8258166438539364E-03   0.6305973696812792E-02
 0.3437073394553113E-01  -0.2624564978361878E+00
-0.6927588805377755E-16  -0.4173056729409194E-16
 0.1346523834151858E-15   0.8129016141946817E-16
-0.4591529246437874E-15   0.1008257489790929E-15
 0.1961994091585334E-01   0.1259956449455593E-01
-0.1195288681293473E+00  -0.7675923640219172E-01
-0.6813030375671887E-01  -0.2840009270145347E-01
 0.1720738597050047E-02   0.7172892674264472E-03
 0.2141093002388867E-15  -0.1165161783840056E-15
-0.3370873953793325E-16   0.5176830491300761E-16
 0.8046335430547318E-16  -0.3252257997729090E-16
-0.2537595865741210E-15  -0.1940695533559873E-15
-0.1239978851880496E+01   0.8800712695841656E+00
 0.1768098969719328E+00  -0.1354575227357589E+00
 0.1362809329530886E-02  -0.1044074901354046E-02
 0.1686963602736232E-14  -0.5059812182195013E-14
-0.1244376227486646E-14   0.9005745546433766E-15
 0.1021642458289156E-13  -0.2712875485512929E-14
 0.2012942552976669E+00  -0.2572486217074085E+00
 0.3048707409228767E-02  -0.3896165729386885E-02
-0.5540830973555162E-14  -0.1089166702565857E-14
 0.3138903278592694E-15   0.5095721696978883E-15
 0.3437073394553065E-01  -0.2624564978361884E+00
 0.8258166438533781E-03  -0.6305973696812467E-02
-0.4087405778378785E-15  -0.2493478560195822E-14
 0.9135210026676757E-15   0.3555507746420083E-16
 0.1367486635841193E-14  -0.2262124985383309E-14
 0.1195288681293471E+00   0.7675923640219116E-01
 0.1961994091585241E-01   0.1259956449455624E-01
 0.1720738597050225E-02   0.7172892674264939E-03
 0.6813030375671811E-01   0.2840009270145354E-01
-0.5653931624513085E-15  -0.1763349948482322E-14
-0.1049413130298125E-15   0.6423007489326581E-16
 0.1478085829852720E-15  -0.1438137164114231E-15
-0.1481892392694855E-13   0.1123865538828148E-13
-0.3318006415438533E-16   0.4206919760670621E-16
-0.1239978851880492E+01   0.8800712695841627E+00
-0.4216228044070684E-14   0.3660439399959431E-14
 0.8540825276171762E-15  -0.2003532550840810E-15
-0.2567033088524039E+00   0.6692872645799512E+00
 0.1711033032866429E+00  -0.8052064744749010E-01
-0.1197780910769840E+01   0.3281181047229921E+00
 0.2239546132830330E-14  -0.1558115213639374E-14
 0.1957747211555619E-14  -0.7911552927021676E-15
 0.7203356101572275E+00   0.6440059920474869E-01
-0.8525635276979822E-01   0.8257127529901212E-01
 0.1075641492447680E-14  -0.1666464570700304E-14
-0.8394412342214681E-16  -0.1743856790047724E-15
 0.1566731578155132E+00   0.2587035062613459E+00
-0.1861623577394907E+00   0.1229529176243516E+00
-0.1815962182078356E+00   0.1400556459532909E+00
-0.6052971426140466E-15   0.1757884240284404E-14
-0.6339616588032542E-15   0.6696209098524201E-15
-0.7611725476447029E-15   0.2958944682579844E-15
 0.8184490374415603E-15   0.5687046901416318E-17
 0.1233934287960521E+00   0.2079446777417066E+00
 0.1761502290843678E-13  -0.1179612580391322E-13
 0.3014297673879272E-15  -0.8096755831782466E-16
 0.1873049043281596E+01  -0.1246959144030443E+01
 0.2060783466314489E-15  -0.9132752119050498E-17
 0.4027230254058829E-14  -0.1520428486389631E-14
-0.1976833769465802E+01   0.1150768728771860E+01
 0.1530654146012045E+00  -0.7646935976129082E-01
 0.1890220970469655E-02  -0.9443281997823453E-03
-0.4083998627303582E-15  -0.4822350240926869E-15
-0.2870395173846858E-15   0.3746360808399268E-15
 0.2203964238664870E-14  -0.1359585834751912E-14
 0.6041960101255602E-01  -0.7821580024358639E-01
 0.1195571874941714E-02  -0.1547719769414886E-02
-0.4510279523502964E-16  -0.2419347596662868E-15
 0.1244684355247246E-14  -0.1359851177517432E-15
-0.1559315089111251E+00  -0.3621057744694585E-01
-0.4470686321182840E-02  -0.1038187435013311E-02
 0.1453887627782721E-14  -0.1076704125779196E-14
 0.3574715346106757E-15   0.2073824398865093E-15
 0.3303376079370719E-14  -0.3292952426763002E-14
-0.5122788718804672E-01   0.1701028193536507E+00
-0.8164784789242477E-02   0.2711126670065035E-01
 0.1200149179870682E-01  -0.6620337398815762E-02
 0.5822216937725126E+00  -0.3211687445472064E+00
-0.2430872363466890E-15  -0.4849932656062427E-18
-0.9841949153040628E-16  -0.1526294169982668E-15
 0.3113120941066864E-15  -0.1453754835982237E-15
 0.1912060492339721E-15   0.2292788316926343E-14
-0.5269200500934903E-03   0.6449810833541842E-03
-0.1135383875210486E+00   0.1389776535788017E+00
-0.1135418126029006E-14   0.3785638975389524E-15
-0.1746717837165506E+01   0.4090085299210646E+00
 0.1890220970471459E-02  -0.9443281997828305E-03
-0.1530654146012013E+00   0.7646935976128914E-01
 0.6751278975362076E-16   0.2709046972257302E-15
 0.6660369900558550E-15  -0.3246624570790989E-15
-0.3185714776710026E-15   0.3700445651291399E-15
 0.1195571874941440E-02  -0.1547719769414799E-02
-0.6041960101255726E-01   0.7821580024358651E-01
 0.3528764323406659E-15   0.1766276429729020E-15
-0.1445857595015693E-15   0.1177033209847372E-15
-0.4470686321182984E-02  -0.1038187435013145E-02
 0.1559315089111239E+00   0.3621057744694601E-01
-0.8973532997064154E-16   0.2848213565818648E-15
-0.3480675554265169E-15   0.1667777178757436E-15
-0.7771225186483247E-15   0.8798186657440349E-15
 0.8164784789241861E-02  -0.2711126670064966E-01
-0.5122788718804629E-01   0.1701028193536507E+00
 0.5822216937725129E+00  -0.3211687445472065E+00
-0.1200149179870618E-01   0.6620337398815984E-02
 0.1978880927647227E-15   0.6066396838214544E-16
 0.4458995791051755E-17   0.6802662853511350E-18
 0.9175754846049560E-16  -0.5738833530449565E-17
-0.3334407205237676E-16  -0.1134364868219998E-14
 0.1135383875210489E+00  -0.1389776535788017E+00
-0.5269200500934466E-03   0.6449810833541674E-03
 0.5766187454356349E-16   0.2695429161398183E-15
 0.8952489694097591E-16  -0.4391259643739517E-16
-0.1746717837165503E+01   0.4090085299210640E+00
-0.2451425152704271E-14   0.2479127447206142E-14
 0.1423209699116211E-14  -0.7996217311177683E-15
-0.2853006452335003E-01   0.2403437554924902E+00
 0.3398109594522651E-01  -0.1220168913291384E+00
-0.5096466973675460E+00   0.3453958678471376E+00
 0.9034028540669690E-15  -0.3460199758633538E-15
-0.6864034768336619E-15  -0.4800949997554846E-15
 0.6398116171287475E-01   0.1020674421085443E+00
-0.2893381845381336E+00   0.7307110985579300E-01
-0.1377356286917096E-14   0.2641131908019827E-15
-0.1649970395676117E-15   0.2794088787250461E-16
-0.2511941606500885E+00   0.2697561389105907E+00
-0.2708028405201265E+00   0.9350549426313309E-01
 0.6058224988629028E-03   0.1892103620382486E+00
-0.1606159544908470E-15   0.1588996175527624E-14
-0.3100117362845268E-15   0.1561271173039051E-15
-0.8180955385653106E-15   0.6996190274371798E-15
 0.1552758073008275E-14  -0.1664063132504528E-14
 0.2393848327481348E+00  -0.2491370920469415E-01
-0.4222998306344317E-16  -0.7628043323996103E-14
 0.1498063261252883E-15  -0.5048931638232922E-16
-0.3657643543858440E-02  -0.7928062073775870E+00
-0.3539849956776464E-15   0.5591369689151803E-16
-0.1147927894247073E-14  -0.1265279191993649E-14
 0.7915301524712226E-01   0.1836555225417040E+00
-0.3633338585319173E-15   0.1369153961072959E-15
-0.1439236583429938E-16   0.6621801725309580E-17
-0.1657084631189380E+01   0.3724656492985490E+00
 0.1245454861675719E-15   0.6802664344846260E-15
-0.1064930982323703E-14  -0.1439003572778430E-15
-0.2181189777283911E+00   0.2132820613382835E+00
 0.1310752727107524E+00  -0.4997914019405865E-01
 0.3064194275315418E-01  -0.7558746900454467E-01
 0.8870360092623505E-17   0.2683255184507059E-15
-0.2521278980488298E-14   0.1152264075573989E-15
-0.8724853410945856E-01   0.1200253654541211E+00
-0.2189671870496467E+00   0.8112391787802833E-01
-0.2703284913617408E-15   0.1743723377456213E-15
-0.2971005675424766E-15  -0.4751833306802822E-16
-0.2261457659185619E+00   0.1162146487543067E+00
 0.2434355639334162E+00  -0.1611250881282011E+00
-0.1590191466472996E+00   0.4503754928266815E-01
-0.1373341019051010E-14   0.4926817526433843E-15
 0.1243138921216629E-14   0.7381171941704138E-16
 0.1541616697935479E-14  -0.3195733004747083E-16
 0.7257940951858836E-15  -0.1963303830330764E-15
-0.7166724408859013E+00   0.2201584914309201E+00
-0.5440658575118289E-14  -0.3888507218436129E-14
-0.1848252634428979E-15   0.4150366042306940E-16
-0.6080926580094005E+00  -0.3748111615703772E+00
-0.1902457207724558E-15   0.9429024212096385E-17
-0.1444291914573846E-14  -0.1660823258622271E-14
 0.2702178230206316E+00   0.2121894355476499E+00
 0.6322639531711363E-15   0.2152419387589187E-16
-0.2028696404247403E-15  -0.8223629850481668E-16
-0.1142665087066837E+00  -0.2686178555563325E-01
-0.2116579393485139E+01   0.2748530287710859E+00
 0.1163609122506854E+01   0.3446293364123422E+01
 0.1000777995478979E-16   0.3851279265099760E-15
 0.1163609122506817E+01   0.3446293364123312E+01
-0.2549300540977884E-14   0.1622662490793575E-13
-0.5348915986224690E-15  -0.1060231133798118E-16
-0.2518715275593274E+00   0.3306044643805244E+01
-0.1226497986783605E-14  -0.7895876450085908E-14
 0.1779476746466382E-15  -0.3697878936420038E-15
 0.9225395711122236E-01  -0.7131415373946570E+00
-0.4791368768484604E-01   0.1303964454161998E+01
 0.1962181423756545E-13   0.6852226784882256E-13
 0.5499043699208085E-14   0.9319775235962529E-14
 0.9736712711728577E+00   0.3435130483297334E+01
-0.2553882832807615E+00  -0.1197232741785661E+01
 0.5028306637770359E+01   0.1602547466906218E+02
-0.5837561875465089E+00  -0.6899490978052679E-01
 0.4341331658322169E-02   0.5131076851653818E-03
 0.1932801516969585E-14  -0.2456086634222361E-15
 0.2163721481877547E-14   0.5267265355617863E-14
-0.4828938972299299E-14  -0.1476385744997360E-13
 0.5321960954497289E+00   0.2601429370866082E+01
-0.4341331658322042E-02  -0.5131076851656379E-03
-0.5837561875464979E+00  -0.6899490978052776E-01
 0.6438135685277098E-15  -0.8914791065859096E-15
-0.4967954861098193E-15  -0.7541137569401417E-15
 0.7361804366683514E-15  -0.1843165431102313E-14
-0.2173616925111375E-15  -0.1731991899612349E-15
 0.5321960954497233E+00   0.2601429370866062E+01
-0.2995765528818087E-14  -0.1117756658496438E-13
-0.1098109435653240E-14  -0.2846121797423482E-14
 0.8322355331559292E-01   0.1966631475094037E+00
 0.3986399366995224E+00   0.6588678108373105E+00
-0.1159560101038199E+01  -0.3506386372441472E+01
 0.1934373586565844E-14   0.4318688991865370E-14
-0.4243437557024870E-15  -0.6865685724553021E-16
 0.7808348368386672E+00   0.4388068973960821E+01
 0.1650757433619491E-14   0.6676613429627548E-14
 0.7220492795312093E-15   0.1153592054983625E-14
 0.8319453268507837E-01   0.3439903955117541E+00
 0.3275770006454788E+00   0.6690362840796812E-01
 0.4767488541803723E+00   0.1431042292538708E+01
-0.6408678950376710E-15  -0.2808071157318757E-14
-0.5904619352425082E-15  -0.2612528333982176E-15
-0.1342381946740712E+00  -0.1014452560933175E+01
-0.7393616141370529E+00   0.1304659810739061E+01
 0.8289569627213539E-01  -0.1595995682467439E+00
-0.1352522120433002E-02   0.2604018738879459E-02
-0.5538341249469939E-15   0.1013538039399375E-14
-0.4560262650231589E-15  -0.8819246865343049E-15
-0.4851585360489466E-15   0.1576302423631586E-14
-0.3945411032776124E+00  -0.9096449148867345E-02
 0.3502728764643884E-02   0.8075811068981586E-04
-0.5915889351375516E-16  -0.1158454104826160E-14
-0.1931018770703340E-14  -0.3739730407945752E-14
 0.6339868972943538E-01   0.2085013689781709E+01
 0.1352522120432278E-02  -0.2604018738881564E-02
 0.8289569627213397E-01  -0.1595995682467379E+00
 0.8564112483678594E-16  -0.4559032287096265E-15
 0.2255402176347063E-15  -0.8145421294983996E-16
-0.4498502167543928E-15  -0.5200442191365133E-15
-0.3502728764643978E-02  -0.8075811068895238E-04
-0.3945411032776086E+00  -0.9096449148867050E-02
 0.3228154675364694E-16   0.2464001433058775E-15
 0.2507858786065488E-15   0.1410228092705190E-15
 0.2246071452603397E-15   0.3293179397736473E-16
 0.6339868972943426E-01   0.2085013689781691E+01
-0.2895905695409839E-14   0.4444103624419510E-14
 0.6160551574823919E-15  -0.9492818748250237E-15
-0.2010669743410521E+00   0.5407316177712529E+00
-0.1920060118155882E+00  -0.4513963470380284E+00
-0.4266295863748079E+00   0.2249483512293636E+00
 0.4108096770002368E-15  -0.4891571387978573E-15
-0.3212587973456138E-15  -0.7650960114415784E-15
-0.5764087974307056E+00   0.4263022017200254E-01
-0.4023336956507454E+00  -0.5955373645472092E+00
-0.1405368903945457E-14  -0.9110853759136094E-15
 0.3688594524061256E-15   0.5844026660291382E-15
-0.3822541581866075E+00   0.1599686171261590E+01
 0.1610669585241883E-14   0.3330655033000792E-14
 0.8467788060564541E-16   0.1023993736118636E-14
 0.2017223231598266E+00  -0.1890688418936625E+00
-0.1746314520187939E+00  -0.1297941261811071E+00
 0.3161957766060031E+00   0.1324016759350090E+01
 0.6673753544251107E-15  -0.6039604301677306E-16
 0.4860166637433056E-15  -0.9952595879939396E-16
 0.5301011517594694E+00  -0.3889324474545010E+00
-0.1248724459855732E+00   0.4301312682963551E+00
-0.7266777396463862E-15  -0.1590628737142871E-14
 0.2688226135529211E-15  -0.1767378731077708E-15
-0.3632556795069205E+00  -0.7816385599441592E+00
-0.6345293498340558E+00   0.1465723232320392E+01
-0.2895614029453075E-14   0.1967825917176398E-14
 0.1272893895902062E-15  -0.8907227963981117E-15
-0.2188806591437025E+00   0.3171431908618996E+00
 0.3575782646736394E+00   0.1536040637094226E+00
-0.3452061323947828E+00  -0.4418785913866428E-01
 0.6291114360651693E-15   0.4160816694691410E-15
 0.4491575499190338E-15   0.3161814511550047E-15
-0.1867131031013131E+00  -0.1291554930328249E+00
 0.2916712953676704E+00  -0.9199800446529183E-01
 0.4793556135517262E-15   0.1252549269393963E-14
-0.1075646410362353E-15   0.2552124873676259E-15
-0.4422198311168520E+00   0.2284721990511824E+00
 0.8934757246898004E-01  -0.3064702943286265E+00
-0.4733450551642193E+00   0.1631862190344599E+01
-0.1088655067677941E+00  -0.7273953476522046E-01
-0.1873242444023519E-01  -0.1251624944633539E-01
-0.1109644347088015E-14   0.3051796376527489E-14
 0.2056945634383861E-14   0.1121856326682641E-14
-0.2253465615757775E-14  -0.1530765202661704E-14
-0.7292283638377550E-01   0.2229186265069224E-01
-0.1310688167391949E-01   0.4006657180972429E-02
-0.1177986592635678E-14  -0.1148901379728201E-15
 0.9972905053793370E-15  -0.1046961419881200E-14
 0.2777279768487861E+00  -0.7396742741661387E-01
 0.5246718791702393E-01  -0.1397361172626571E-01
-0.2347222419753697E-14   0.1596288876738369E-14
 0.4599461665552516E-15  -0.4649130277380745E-15
-0.4429186705881793E-16   0.1797352799716894E-14
-0.8247052441408663E-01   0.1560330455430463E+01
-0.1873242444023492E-01  -0.1251624944633567E-01
 0.1088655067677923E+00   0.7273953476521887E-01
-0.3156448260854714E-15   0.3815220786684935E-15
-0.2740241003942442E-15  -0.5345268974032692E-15
-0.6629852133966706E-15   0.5169213795786788E-15
-0.1310688167391956E-01   0.4006657180971494E-02
 0.7292283638377568E-01  -0.2229186265069235E-01
 0.4307524519839045E-15   0.8549350761384157E-15
-0.3417717207345694E-15   0.1584685766078147E-15
 0.5246718791702339E-01  -0.1397361172626613E-01
-0.2777279768487855E+00   0.7396742741661462E-01
 0.3887926497300522E-15   0.3038253728496080E-15
-0.4265857722519326E-15  -0.3445035662806623E-15
 0.3180839701104410E-16   0.3107044962858578E-15
-0.5607753148664736E-15  -0.1264443986574185E-14
-0.8247052441408685E-01   0.1560330455430468E+01
-0.5657293210643318E-02   0.3606104894005816E-02
 0.1715851287169961E+00  -0.1093727953221393E+00
 0.1428691628990946E-15   0.1565483452606421E-15
 0.3086416629925274E-15   0.2528077177180843E-15
-0.7452736651257722E-15   0.7819655661479901E-15
-0.1168806712094523E-02   0.8957969714947072E-02
 0.2891828350562125E-01  -0.2216355409076650E+00
 0.6171451358041996E-15   0.6699946638883949E-17
 0.5311312617140258E-15   0.3128654186262891E-17
 0.1877395281855005E-01   0.9838453617108356E-02
-0.3807081163349377E+00  -0.1995093510897298E+00
-0.9769312911729315E-15  -0.1745554915631448E-15
 0.2270671238191818E-15  -0.1257148934338808E-16
 0.1263246778625035E-14   0.1133364902738340E-14
-0.5301615607192438E-01  -0.4205505537366547E-01
 0.3833029995802576E+00   0.3040550290060766E+00
-0.1142951739038255E+01   0.8539798939700119E+00
-0.1715851287169993E+00   0.1093727953221415E+00
-0.5657293210642434E-02   0.3606104894004972E-02
 0.1685150268916202E-14  -0.1262332096301646E-14
-0.1944545867967183E-14  -0.6924315033628489E-15
 0.1401046092038274E-14   0.2084246751443888E-14
-0.2891828350561988E-01   0.2216355409076653E+00
-0.1168806712094042E-02   0.8957969714946990E-02
 0.9899326447044608E-15  -0.3638098914475891E-16
-0.2476488590739324E-14   0.2734674212079461E-15
 0.3807081163349391E+00   0.1995093510897301E+00
 0.1877395281854916E-01   0.9838453617108269E-02
 0.5532985568914115E-15  -0.1581752774502961E-14
 0.6728649152634544E-15   0.2414402818868244E-14
-0.6178823607476432E-14  -0.4305552752947127E-14
 0.3833029995802573E+00   0.3040550290060746E+00
 0.5301615607192603E-01   0.4205505537366633E-01
 0.3725985195414506E-15   0.7470881794644936E-15
-0.1142951739038253E+01   0.8539798939700094E+00
-0.8098080320618205E-15  -0.3892113156544204E-15
-0.5137866247756115E-15   0.2540147431573487E-15
-0.2385379402992233E+00   0.3381438345696454E+00
-0.4246415631773601E-01  -0.2863972755738302E+00
-0.1180260476089871E-01  -0.5208361183800682E+00
 0.8573692329398226E-15   0.8201180800462524E-15
-0.1726698509778228E-14   0.4312156511166331E-15
-0.1132070703411680E-01   0.2892841448506097E+00
-0.8092628799447622E-01  -0.1309996378636634E+00
-0.1888331970111747E-15  -0.7958666512255337E-15
 0.7245009094864358E-15  -0.3626145089815775E-15
-0.2234305337916540E+00  -0.8056835910878127E-01
 0.5642618611252448E+00   0.2561905164027642E-01
-0.1421277339922005E+00   0.4082337445450986E+00
-0.1276183518260606E-14   0.2299757454836356E-14
 0.2677204271810474E-15  -0.2208952917814115E-15
 0.3801642516596174E-15   0.3710466576437379E-15
 0.7610337103046698E-15  -0.1406955443909496E-14
-0.1325699245075019E+01   0.9681114292080335E+00
 0.1323483867729856E-16   0.6685432429747341E-16
 0.5831255358161941E-15  -0.1854080910503012E-15
 0.7124029646889488E-14  -0.1650546353892631E-13
-0.2195669029888324E-14   0.5112371894651129E-14
 0.2005456852655747E-13  -0.6962025163000650E-14
-0.1438975030338928E-15   0.1931611456221908E-15
 0.2073611024799294E-15  -0.1451729523256345E-15
-0.4719725014221804E-14  -0.1137729758018093E-13
-0.2713069697670932E-14   0.1602096449052292E-14
 0.6555172940089201E-16   0.2909647417728147E-15
-0.3687679591912707E-15  -0.3720437090635461E-16
 0.1907738753971064E-15  -0.1062609541107221E-13
-0.1829825335839811E-14   0.5270246542332307E-14
 0.4138727147304220E-14  -0.8160083842748553E-14
-0.2100683761553991E-15   0.9775127167332229E-16
 0.3229833453937271E-15  -0.1386340889675631E-15
 0.1218395370072659E-15   0.1601000270321180E-16
-0.3749094836575212E-16   0.7156867867556272E-16
 0.9302611982049342E-15  -0.5128058346581983E-14
-0.1123937405491735E+01   0.8318595193721863E+00
 0.1063952706949177E-14  -0.5667642734501494E-15
 0.8040687015281449E-15  -0.5263185596875611E-15
 0.8977658768828878E-16  -0.1724397731926690E-16
 0.7497472655133690E-15  -0.3774595481386840E-15
 0.1848115291967594E-15  -0.9077798686951353E-15
-0.2031057007910784E-15   0.7444866771523723E-16
-0.5813624557391854E-15   0.4129706808432205E-15
 0.9980258553528651E-15   0.4759117233626587E-16
 0.6473960490407248E-15  -0.6455230553743987E-15
 0.1600965415346764E-15   0.2037214146494405E-15
-0.1712420850848974E-15   0.8148803881490703E-16
-0.7742493313064801E-16  -0.2757360464498800E-16
 0.3956526866700516E-15  -0.3052201684926855E-15
 0.4446525963042989E-15  -0.4146951456738057E-15
-0.2325570451049939E-15   0.2249176791199651E-16
-0.6651617442714885E-17  -0.6835383182566234E-16
 0.1493908064463821E-18   0.1498054303138444E-16
-0.1183704478427461E-15   0.2131411564603913E-16
-0.1630445382919892E-15   0.6726265141479466E-16
-0.6700151178009527E-16   0.6221446030021137E-16
-0.1123937405491735E+01   0.8318595193721862E+00
 0.9927285433083974E-14  -0.1191801858755097E-13
-0.4338229345524883E-14   0.3147904479271311E-14
 0.7620487511321334E+00  -0.1715691028982638E+01
-0.2390451350651003E+00   0.5304843711751429E+00
 0.2063985213726222E+01  -0.8382735940259617E+00
-0.1233840790269766E-14  -0.5983320029978968E-15
-0.4293366230030381E-14   0.1823130079361242E-14
-0.4660624246909462E+00  -0.1150739477532660E+01
-0.3023464905803456E+00   0.1539795593843699E+00
-0.1780724994842629E-14  -0.7707975475212046E-15
-0.1239878725905647E-15   0.2226667843675687E-15
 0.6518306159697308E-02  -0.1088397501530420E+01
-0.1715283499870641E+00   0.5628284232016065E+00
 0.3898334834511284E+00  -0.7968006378077345E+00
 0.2427176696515027E-14  -0.5452299219356162E-14
 0.2925264469724990E-14  -0.1627571708455718E-14
 0.1368745057274040E-14  -0.7104971988071985E-15
-0.1091653515840758E-14   0.3069541586631698E-14
 0.1304946617011235E+00  -0.5460608321318342E+00
-0.5583773907448345E-13   0.4334953140562101E-13
-0.3216514641682129E-15  -0.3998233238809587E-16
-0.6892483450615082E+01   0.5279830534852578E+01
-0.5370553171454115E-03   0.1044074901354010E-02
 0.6967716850413617E-01  -0.1354575227357561E+00
-0.6835719330861030E-15   0.6724038378348042E-15
 0.2175783935062229E-16   0.3368774807857710E-16
 0.4932837767546446E-15  -0.3723495584155589E-15
-0.1393312246800767E-02   0.3896165729386458E-02
 0.9199497146494350E-01  -0.2572486217074086E+00
 0.2256231196230147E-15  -0.1632148598929325E-16
-0.1329314579055341E-15  -0.5841824265500726E-16
-0.1121165702878076E-02   0.6305973696812792E-02
 0.4666324948676600E-01  -0.2624564978361878E+00
-0.2188177611553077E-16  -0.4173056729409194E-16
 0.6233185231382459E-16   0.8129016141946817E-16
-0.4611068606566405E-15   0.1008257489790929E-15
 0.1342746678189497E-01   0.1259956449455593E-01
-0.8180299386057084E-01  -0.7675923640219172E-01
-0.9618567091693716E-04  -0.2840009270145347E-01
 0.2429321275408368E-05   0.7172892674264472E-03
 0.2080251941260337E-15  -0.1165161783840056E-15
-0.3447656582038252E-16   0.5176830491300761E-16
 0.7572260579200694E-16  -0.3252257997729090E-16
-0.2163379379768808E-15  -0.1940695533559873E-15
-0.1193170857348556E+01   0.8800712695841656E+00
 0.6967716850413795E-01  -0.1354575227357589E+00
 0.5370553171462286E-03  -0.1044074901354046E-02
 0.2370095159583461E-14  -0.5059812182195013E-14
-0.1046882300572054E-14   0.9005745546433766E-15
 0.5488568811771065E-14  -0.2712875485512929E-14
 0.9199497146494294E-01  -0.2572486217074085E+00
 0.1393312246801384E-02  -0.3896165729386885E-02
-0.2450465128057569E-14  -0.1089166702565857E-14
-0.1682875040780309E-15   0.5095721696978883E-15
 0.4666324948676550E-01  -0.2624564978361884E+00
 0.1121165702877551E-02  -0.6305973696812467E-02
-0.3545126260594473E-15  -0.2493478560195822E-14
 0.3175960311984392E-16   0.3555507746420083E-16
 0.7285982587465310E-15  -0.2262124985383309E-14
 0.8180299386057083E-01   0.7675923640219116E-01
 0.1342746678189420E-01   0.1259956449455624E-01
 0.2429321275503892E-05   0.7172892674264939E-03
 0.9618567091642528E-04   0.2840009270145354E-01
 0.4814173561344007E-16  -0.1763349948482322E-14
-0.7471288989088091E-16   0.6423007489326581E-16
 0.1326647292121999E-15  -0.1438137164114231E-15
-0.1641656544478464E-13   0.1123865538828148E-13
-0.4209737699804008E-16   0.4206919760670621E-16
-0.1193170857348553E+01   0.8800712695841627E+00
-0.3257247090918102E-14   0.3660439399959431E-14
 0.8952707052008346E-15  -0.2003532550840810E-15
-0.3231631120404169E+00   0.6692872645799512E+00
 0.1221562671133755E+00  -0.8052064744749010E-01
-0.6308734081425768E+00   0.3281181047229921E+00
 0.3252746157243796E-15  -0.1558115213639374E-14
 0.1761433775713650E-14  -0.7911552927021676E-15
 0.3445584520120030E+00   0.6440059920474869E-01
-0.5368295442097942E-01   0.8257127529901212E-01
 0.1159265208782110E-14  -0.1666464570700304E-14
-0.1691451590605063E-15  -0.1743856790047724E-15
 0.1515228307181679E+00   0.2587035062613459E+00
-0.8211735775470519E-01   0.1229529176243516E+00
-0.7804912823558008E-01   0.1400556459532909E+00
-0.4775722888996610E-15   0.1757884240284404E-14
-0.8067556041687435E-15   0.6696209098524201E-15
-0.5398597643734350E-15   0.2958944682579844E-15
-0.6062747386196574E-16   0.5687046901416318E-17
 0.4623611776032382E-01   0.2079446777417066E+00
 0.1908734911895118E-13  -0.1179612580391322E-13
 0.2118745954054015E-15  -0.8096755831782466E-16
 0.2004179677728777E+01  -0.1246959144030443E+01
 0.2124568880324573E-15  -0.9132752119050498E-17
 0.4954699901127982E-14  -0.1520428486389631E-14
-0.2052611949480372E+01   0.1150768728771860E+01
 0.5744755512786167E-01  -0.7646935976129082E-01
 0.7094259254293040E-03  -0.9443281997823453E-03
-0.7444863465617202E-16  -0.4822350240926869E-15
-0.4152669776761950E-15   0.3746360808399268E-15
 0.1642991448553063E-14  -0.1359585834751912E-14
-0.1853603471959255E-01  -0.7821580024358639E-01
-0.3667876221010582E-03  -0.1547719769414886E-02
 0.2287647571520619E-15  -0.2419347596662868E-15
 0.1061299048149903E-14  -0.1359851177517432E-15
-0.1393370153739237E+00  -0.3621057744694585E-01
-0.3994908360834834E-02  -0.1038187435013311E-02
 0.1519300218064706E-14  -0.1076704125779196E-14
 0.2748738757726035E-15   0.2073824398865093E-15
 0.3294987481491284E-14  -0.3292952426763002E-14
-0.7442101085172485E-01   0.1701028193536507E+00
-0.1186134292776358E-01   0.2711126670065035E-01
 0.1048067112683924E-01  -0.6620337398815762E-02
 0.5084429667317273E+00  -0.3211687445472064E+00
-0.9495531587264359E-16  -0.4849932656062427E-18
-0.1281691594075681E-15  -0.1526294169982668E-15
 0.2880683078384803E-15  -0.1453754835982237E-15
 0.1300807947823633E-15   0.2292788316926343E-14
-0.3154755410764181E-03   0.6449810833541842E-03
-0.6797726567776517E-01   0.1389776535788017E+00
-0.8621443938930156E-15   0.3785638975389524E-15
-0.1668258373855435E+01   0.4090085299210646E+00
 0.7094259254310568E-03  -0.9443281997828305E-03
-0.5744755512786048E-01   0.7646935976128914E-01
-0.6056680464359669E-16   0.2709046972257302E-15
 0.6373974507019109E-15  -0.3246624570790989E-15
-0.7635954172948055E-16   0.3700445651291399E-15
-0.3667876221013370E-03  -0.1547719769414799E-02
 0.1853603471959104E-01   0.7821580024358651E-01
 0.2778078761020076E-15   0.1766276429729020E-15
-0.6848843113333899E-16   0.1177033209847372E-15
-0.3994908360834986E-02  -0.1038187435013145E-02
 0.1393370153739225E+00   0.3621057744694601E-01
-0.1873172730588619E-15   0.2848213565818648E-15
-0.2782841672766063E-15   0.1667777178757436E-15
-0.8443339698857937E-15   0.8798186657440349E-15
 0.1186134292776311E-01  -0.2711126670064966E-01
-0.7442101085172451E-01   0.1701028193536507E+00
 0.5084429667317273E+00  -0.3211687445472065E+00
-0.1048067112683866E-01   0.6620337398815984E-02
 0.1709914906106236E-15   0.6066396838214544E-16
 0.7439751758581315E-17   0.6802662853511350E-18
 0.9441811588215840E-16  -0.5738833530449565E-17
-0.2565512302474800E-16  -0.1134364868219998E-14
 0.6797726567776541E-01  -0.1389776535788017E+00
-0.3154755410763815E-03   0.6449810833541674E-03
 0.5211667871937622E-16   0.2695429161398183E-15
 0.7758794105839993E-16  -0.4391259643739517E-16
-0.1668258373855433E+01   0.4090085299210640E+00
-0.2281167311387933E-14   0.2479127447206142E-14
 0.1405143466422742E-14  -0.7996217311177683E-15
-0.6205652669713783E-01   0.2403437554924902E+00
 0.4116273693223718E-01  -0.1220168913291384E+00
-0.3388284209265315E+00   0.3453958678471376E+00
 0.5414794764026386E-15  -0.3460199758633538E-15
-0.8014648539489860E-15  -0.4800949997554846E-15
 0.1587705882006642E-01   0.1020674421085443E+00
-0.2275667759209848E+00   0.7307110985579300E-01
-0.1284146960376331E-14   0.2641131908019827E-15
-0.1340297977478358E-15   0.2794088787250461E-16
-0.3062791723853823E+00   0.2697561389105907E+00
-0.2338351435729963E+00   0.9350549426313309E-01
-0.9277476845523920E-01   0.1892103620382486E+00
-0.7593515930347193E-15   0.1588996175527624E-14
-0.2284805996963941E-15   0.1561271173039051E-15
-0.8349491934023977E-15   0.6996190274371798E-15
 0.1760767960151952E-14  -0.1664063132504528E-14
 0.1925011970624612E+00  -0.2491370920469415E-01
 0.2533319787431738E-16  -0.7628043323996103E-14
 0.1441301367112600E-15  -0.5048931638232922E-16
-0.3233047217502985E-03  -0.7928062073775870E+00
-0.3125501185185612E-15   0.5591369689151803E-16
-0.1076442325910776E-14  -0.1265279191993649E-14
 0.9491548477239607E-01   0.1836555225417040E+00
-0.8855213162610131E-16   0.1369153961072959E-15
-0.1156066154215713E-15   0.6621801725309580E-17
-0.1666181992962610E+01   0.3724656492985490E+00
 0.7595711817953621E-15   0.6802664344846260E-15
-0.9723839812013315E-15  -0.1439003572778430E-15
-0.8597366504292238E-01   0.2132820613382835E+00
 0.5165046314716568E-01  -0.4997914019405865E-01
 0.5475936640522206E-01  -0.7558746900454467E-01
-0.4210025679963467E-15   0.2683255184507059E-15
-0.2193510530438001E-14   0.1152264075573989E-15
-0.1241381038367115E+00   0.1200253654541211E+00
-0.2680453361054892E+00   0.8112391787802833E-01
-0.2254325940361392E-15   0.1743723377456213E-15
-0.3937744329764654E-15  -0.4751833306802822E-16
-0.8509881938822809E-01   0.1162146487543067E+00
 0.1144795595772158E+00  -0.1611250881282011E+00
 0.7034989061516052E-01   0.4503754928266815E-01
-0.7082985242843690E-16   0.4926817526433843E-15
 0.9401111396063101E-15   0.7381171941704138E-16
 0.1654624775087458E-14  -0.3195733004747083E-16
-0.3507150523202271E-15  -0.1963303830330764E-15
-0.5073972911893596E+00   0.2201584914309201E+00
-0.4236033655555809E-14  -0.3888507218436129E-14
-0.1706939013393780E-15   0.4150366042306940E-16
-0.4777780922169417E+00  -0.3748111615703772E+00
-0.1340468066664781E-15   0.9429024212096385E-17
-0.5807262231071540E-15  -0.1660823258622271E-14
 0.1154085368617736E+00   0.2121894355476499E+00
 0.5231211143422586E-15   0.2152419387589187E-16
-0.1768898828740743E-15  -0.8223629850481668E-16
-0.8704420815682849E-01  -0.2686178555563325E-01
-0.2050057157852231E+01   0.2748530287710859E+00
 0.1281131521462296E+01   0.3446293364123422E+01
 0.4709920217959974E-16   0.3851279265099760E-15
 0.1281131521462258E+01   0.3446293364123312E+01
 0.3337737742171337E-14   0.1622662490793575E-13
 0.2140352495557217E-15  -0.1060231133798118E-16
 0.2704613481353086E+00   0.3306044643805244E+01
-0.2906076530527810E-14  -0.7895876450085908E-14
 0.1832597027303152E-15  -0.3697878936420038E-15
-0.1286669218520694E+00  -0.7131415373946570E+00
-0.3142584534170938E-01   0.1303964454161998E+01
 0.2880295727957102E-13   0.6852226784882256E-13
 0.3506660312985432E-14   0.9319775235962529E-14
 0.1996843426539815E+01   0.3435130483297334E+01
-0.5390096704976232E+00  -0.1197232741785661E+01
 0.6108594056060230E+01   0.1602547466906218E+02
-0.3987306496073239E+00  -0.6899490978052679E-01
 0.2965316735329101E-02   0.5131076851653818E-03
 0.1229630213831146E-15  -0.2456086634222361E-15
 0.2600301307258716E-14   0.5267265355617863E-14
-0.5278104147542443E-14  -0.1476385744997360E-13
 0.5956495280739805E+00   0.2601429370866082E+01
-0.2965316735329220E-02  -0.5131076851656379E-03
-0.3987306496073162E+00  -0.6899490978052776E-01
 0.2137203397515554E-15  -0.8914791065859096E-15
-0.4185820263933449E-15  -0.7541137569401417E-15
-0.8979806566461071E-15  -0.1843165431102313E-14
-0.1458844353434599E-15  -0.1731991899612349E-15
 0.5956495280739746E+00   0.2601429370866062E+01
-0.2726731390628166E-14  -0.1117756658496438E-13
 0.2721894438518097E-16  -0.2846121797423482E-14
-0.1503194302190719E+00   0.1966631475094037E+00
 0.4759981434928054E+00   0.6588678108373105E+00
-0.6645422722752358E+00  -0.3506386372441472E+01
 0.7752811137316998E-15   0.4318688991865370E-14
-0.5600051327946787E-16  -0.6865685724553021E-16
 0.5937490580689266E+00   0.4388068973960821E+01
 0.1314422006094598E-14   0.6676613429627548E-14
 0.5988085710452412E-15   0.1153592054983625E-14
 0.1848601464032483E+00   0.3439903955117541E+00
 0.2353883916843818E+00   0.6690362840796812E-01
 0.1848079874296883E+00   0.1431042292538708E+01
-0.4173365902912235E-15  -0.2808071157318757E-14
-0.5479622445676883E-15  -0.2612528333982176E-15
-0.1325858088160004E+00  -0.1014452560933175E+01
-0.6500047043007620E+00   0.1304659810739061E+01
-0.1787747182582318E-01  -0.1595995682467439E+00
 0.2916879547331268E-03   0.2604018738879459E-02
-0.1753594840525689E-15   0.1013538039399375E-14
-0.4370256858004294E-15  -0.8819246865343049E-15
-0.3469448806509676E-15   0.1576302423631586E-14
-0.2513612517392232E+00  -0.9096449148867345E-02
 0.2231580637529587E-02   0.8075811068981586E-04
-0.1510092545994748E-15  -0.1158454104826160E-14
-0.2339610630243880E-14  -0.3739730407945752E-14
 0.1978132152386970E+00   0.2085013689781709E+01
-0.2916879547339199E-03  -0.2604018738881564E-02
-0.1787747182582220E-01  -0.1595995682467379E+00
-0.1141145383094890E-15  -0.4559032287096265E-15
 0.1077342736861985E-15  -0.8145421294983996E-16
-0.3359229414710940E-15  -0.5200442191365133E-15
-0.2231580637529570E-02  -0.8075811068895238E-04
-0.2513612517392204E+00  -0.9096449148867050E-02
 0.9959378673878740E-16   0.2464001433058775E-15
 0.1462945634459468E-15   0.1410228092705190E-15
 0.1325834607800917E-15   0.3293179397736473E-16
 0.1978132152386951E+00   0.2085013689781691E+01
-0.3288765103404513E-15   0.4444103624419510E-14
 0.8876676807100522E-15  -0.9492818748250237E-15
-0.1220711439605286E+00   0.5407316177712529E+00
-0.2403607595992652E+00  -0.4513963470380284E+00
 0.1873189325940930E+00   0.2249483512293636E+00
-0.3376913109706335E-15  -0.4891571387978573E-15
-0.3787793351378925E-15  -0.7650960114415784E-15
-0.5769724404002520E+00   0.4263022017200254E-01
-0.4685426045217134E+00  -0.5955373645472092E+00
-0.1553025097492548E-14  -0.9110853759136094E-15
 0.2403875397876110E-15   0.5844026660291382E-15
-0.3782008985775536E+00   0.1599686171261590E+01
 0.6536340015196294E-15   0.3330655033000792E-14
-0.6302342272928939E-15   0.1023993736118636E-14
 0.2147662004958843E+00  -0.1890688418936625E+00
-0.9503704433628858E-01  -0.1297941261811071E+00
-0.4174642004236070E-01   0.1324016759350090E+01
 0.8843627056226882E-15  -0.6039604301677306E-16
 0.2058480459945853E-15  -0.9952595879939396E-16
 0.5659935924256361E+00  -0.3889324474545010E+00
-0.8982461087815963E-01   0.4301312682963551E+00
-0.8750631922425229E-15  -0.1590628737142871E-14
 0.5073271286282068E-15  -0.1767378731077708E-15
-0.2952646724819972E+00  -0.7816385599441592E+00
-0.8761896561406853E+00   0.1465723232320392E+01
-0.2415802215487953E-15   0.1967825917176398E-14
-0.5876211063285930E-16  -0.8907227963981117E-15
-0.2421916244041076E-01   0.3171431908618996E+00
 0.2758779054002764E+00   0.1536040637094226E+00
 0.2099320493765808E+00  -0.4418785913866428E-01
 0.4276203701153822E-15   0.4160816694691410E-15
 0.6564983764278827E-15   0.3161814511550047E-15
-0.2948949631455743E+00  -0.1291554930328249E+00
 0.2428301108554580E+00  -0.9199800446529183E-01
 0.1636531098467292E-14   0.1252549269393963E-14
 0.3248845933552682E-15   0.2552124873676259E-15
-0.2126154235651027E+00   0.2284721990511824E+00
-0.4783562177758392E-01  -0.3064702943286265E+00
-0.5633913947848683E+00   0.1631862190344599E+01
 0.2610449975482046E-01  -0.7273953476522046E-01
 0.4491786092084235E-02  -0.1251624944633539E-01
-0.5967222880248567E-15   0.3051796376527489E-14
 0.1493702474976816E-14   0.1121856326682641E-14
 0.1050160309246036E-14  -0.1530765202661704E-14
-0.1328651138154875E+00   0.2229186265069224E-01
-0.2388068555379015E-01   0.4006657180972429E-02
-0.1802249848964066E-14  -0.1148901379728201E-15
 0.1243276317733865E-14  -0.1046961419881200E-14
 0.1068115683561140E+00  -0.7396742741661387E-01
 0.2017838711187386E-01  -0.1397361172626571E-01
-0.1098981759238624E-14   0.1596288876738369E-14
-0.5484182706116247E-16  -0.4649130277380745E-15
-0.2250136679847483E-15   0.1797352799716894E-14
-0.2107410863585394E+00   0.1560330455430463E+01
 0.4491786092084447E-02  -0.1251624944633567E-01
-0.2610449975482050E-01   0.7273953476521887E-01
-0.2400713364598670E-15   0.3815220786684935E-15
-0.4055433579102266E-15  -0.5345268974032692E-15
 0.5329879074421779E-15   0.5169213795786788E-15
-0.2388068555379028E-01   0.4006657180971494E-02
 0.1328651138154870E+00  -0.2229186265069235E-01
-0.5127063486911723E-17   0.8549350761384157E-15
-0.3140265357823168E-16   0.1584685766078147E-15
 0.2017838711187318E-01  -0.1397361172626613E-01
-0.1068115683561138E+00   0.7396742741661462E-01
 0.2396759688582219E-15   0.3038253728496080E-15
 0.2979970203107040E-16  -0.3445035662806623E-15
-0.2336828374156660E-16   0.3107044962858578E-15
-0.3364100531764746E-15  -0.1264443986574185E-14
-0.2107410863585399E+00   0.1560330455430468E+01
-0.2067348292850800E-02   0.3606104894005816E-02
 0.6270246383276140E-01  -0.1093727953221393E+00
 0.5035416109069270E-15   0.1565483452606421E-15
 0.2905219103808643E-15   0.2528077177180843E-15
-0.6438978986348012E-16   0.7819655661479901E-15
 0.1337748510780559E-02   0.8957969714947072E-02
-0.3309819347686733E-01  -0.2216355409076650E+00
 0.4307548480747511E-15   0.6699946638883949E-17
 0.4743077737534484E-15   0.3128654186262891E-17
 0.1754207857296236E-01   0.9838453617108356E-02
-0.3557275207122729E+00  -0.1995093510897298E+00
-0.5872800087033896E-15  -0.1745554915631448E-15
-0.5372549309013831E-16  -0.1257148934338808E-16
 0.8752039247801021E-15   0.1133364902738340E-14
-0.4034591533513356E-01  -0.4205505537366547E-01
 0.2916980693165990E+00   0.3040550290060766E+00
-0.1120144904461226E+01   0.8539798939700119E+00
-0.6270246383276266E-01   0.1093727953221415E+00
-0.2067348292850172E-02   0.3606104894004972E-02
 0.6431753093727023E-15  -0.1262332096301646E-14
-0.1481386937928481E-14  -0.6924315033628489E-15
-0.8290925302410130E-15   0.2084246751443888E-14
 0.3309819347686888E-01   0.2216355409076653E+00
 0.1337748510781051E-02   0.8957969714946990E-02
 0.1156960103057384E-14  -0.3638098914475891E-16
-0.2026145351076111E-14   0.2734674212079461E-15
 0.3557275207122742E+00   0.1995093510897301E+00
 0.1754207857296168E-01   0.9838453617108269E-02
-0.2614253068319633E-15  -0.1581752774502961E-14
 0.9047017242091892E-15   0.2414402818868244E-14
-0.5289306131426313E-14  -0.4305552752947127E-14
 0.2916980693165987E+00   0.3040550290060746E+00
 0.4034591533513492E-01   0.4205505537366633E-01
 0.2451580138490155E-15   0.7470881794644936E-15
-0.1120144904461223E+01   0.8539798939700094E+00
 0.8697410812135725E-15  -0.3892113156544204E-15
-0.1932141473376858E-15   0.2540147431573487E-15
-0.3056929842074493E-01   0.3381438345696454E+00
-0.8511439138925926E-01  -0.2863972755738302E+00
 0.2218573135782690E+00  -0.5208361183800682E+00
 0.2824166028438523E-15   0.8201180800462524E-15
-0.1386545180450965E-14   0.4312156511166331E-15
-0.2633164723066606E+00   0.2892841448506097E+00
 0.1481038957269578E+00  -0.1309996378636634E+00
 0.1688779573844878E-15  -0.7958666512255337E-15
 0.9212523237997327E-15  -0.3626145089815775E-15
-0.1509850595212007E+00  -0.8056835910878127E-01
 0.3695818933991860E+00   0.2561905164027642E-01
-0.2225769417875000E+00   0.4082337445450986E+00
-0.1431501543665287E-14   0.2299757454836356E-14
 0.1246753963758327E-15  -0.2208952917814115E-15
-0.1325507770241770E-15   0.3710466576437379E-15
 0.8805852053972235E-15  -0.1406955443909496E-14
-0.1376572577287916E+01   0.9681114292080335E+00
-0.3531850724471671E-16   0.6685432429747341E-16
 0.5315902970750850E-15  -0.1854080910503012E-15
 0.1495833235875572E-14  -0.1650546353892631E-13
 0.4882211156042756E-15   0.5112371894651129E-14
-0.1420857563514401E-13  -0.6962025163000650E-14
-0.6554382627200183E-16   0.1931611456221908E-15
 0.1840310356161489E-15  -0.1451729523256345E-15
 0.6872594773584583E-14  -0.1137729758018093E-13
-0.7522912727974844E-14   0.1602096449052292E-14
 0.1476228269298938E-15   0.2909647417728147E-15
-0.3623522163624492E-15  -0.3720437090635461E-16
 0.4835031406032774E-15  -0.1062609541107221E-13
-0.6413615056482492E-14   0.5270246542332307E-14
 0.4953770687622006E-14  -0.8160083842748553E-14
-0.2304346323255695E-15   0.9775127167332229E-16
 0.2628115456887264E-15  -0.1386340889675631E-15
 0.1081790146641426E-15   0.1601000270321180E-16
 0.1863412059333447E-16   0.7156867867556272E-16
 0.3533038720271815E-14  -0.5128058346581983E-14
-0.1060223748553588E+01   0.8318595193721863E+00
 0.9732319414843657E-15  -0.5667642734501494E-15
 0.7618432802070926E-15  -0.5263185596875611E-15
 0.2851787565630375E-16  -0.1724397731926690E-16
 0.7272463775097306E-15  -0.3774595481386840E-15
 0.1000811726255299E-15  -0.9077798686951353E-15
-0.1338439472727656E-15   0.7444866771523723E-16
-0.5496665133860790E-15   0.4129706808432205E-15
 0.9444616932668054E-15   0.4759117233626587E-16
 0.6109411062185238E-15  -0.6455230553743987E-15
 0.2030220606261234E-15   0.2037214146494405E-15
-0.1684186360412461E-15   0.8148803881490703E-16
-0.9443156144707323E-16  -0.2757360464498800E-16
 0.3974732934986893E-15  -0.3052201684926855E-15
 0.4168057539165580E-15  -0.4146951456738057E-15
-0.2214670653418963E-15   0.2249176791199651E-16
-0.7708016379913379E-17  -0.6835383182566234E-16
 0.1815740122765491E-17   0.1498054303138444E-16
-0.9277244050446000E-16   0.2131411564603913E-16
-0.1480879145337035E-15   0.6726265141479466E-16
-0.7219252096184346E-16   0.6221446030021137E-16
-0.1060223748553588E+01   0.8318595193721862E+00
-0.4968630974600288E-14  -0.1191801858755097E-13
-0.6223040832814141E-14   0.3147904479271311E-14
 0.1912306493249029E+00  -0.1715691028982638E+01
 0.3378958401251805E-01   0.5304843711751429E+00
-0.1458869596131414E+01  -0.8382735940259617E+00
 0.3133780396418689E-14  -0.5983320029978968E-15
-0.3591179841990484E-14   0.1823130079361242E-14
 0.6980402917762137E+00  -0.1150739477532660E+01
-0.7709832436889764E+00   0.1539795593843699E+00
-0.2095506393976804E-14  -0.7707975475212046E-15
 0.1278061769408579E-15   0.2226667843675687E-15
 0.2524715904229613E-01  -0.1088397501530420E+01
-0.6460493915497445E+00   0.5628284232016065E+00
 0.4678918578570287E+00  -0.7968006378077345E+00
 0.3309897334283620E-14  -0.5452299219356162E-14
 0.2753821056094769E-14  -0.1627571708455718E-14
 0.1188887498094954E-14  -0.7104971988071985E-15
-0.1803928128324654E-14   0.3069541586631698E-14
 0.4014181904427418E+00  -0.5460608321318342E+00
-0.5558912341258709E-13   0.4334953140562101E-13
-0.6825474251818577E-16  -0.3998233238809587E-16
-0.6775861896992302E+01   0.5279830534852578E+01
-0.7529548017017532E-03   0.1044074901354010E-02
 0.9768781151453390E-01  -0.1354575227357561E+00
-0.6141654860877960E-15   0.6724038378348042E-15
 0.1075221436711295E-15   0.3368774807857710E-16
 0.5081530618838666E-15  -0.3723495584155589E-15
 0.1163974654260844E-03   0.3896165729386458E-02
-0.7685270502023185E-02  -0.2572486217074086E+00
 0.2140689005849628E-15  -0.1632148598929325E-16
-0.1282393166007593E-15  -0.5841824265500726E-16
 0.1546158337663465E-02   0.6305973696812792E-02
-0.6435156914919554E-01  -0.2624564978361878E+00
 0.1972185697652674E-16  -0.4173056729409194E-16
-0.6193862961547092E-16   0.8129016141946817E-16
-0.5837826494435023E-15   0.1008257489790929E-15
 0.1686176216159640E-01   0.1259956449455593E-01
-0.1027254543979460E+00  -0.7675923640219172E-01
 0.7292507091233384E-01  -0.2840009270145347E-01
-0.1841838026432114E-02   0.7172892674264472E-03
 0.1300337882537225E-15  -0.1165161783840056E-15
-0.1494273824554628E-16   0.5176830491300761E-16
 0.7799101769158603E-16  -0.3252257997729090E-16
-0.2293416374268946E-15  -0.1940695533559873E-15
-0.1086431536082164E+01   0.8800712695841656E+00
 0.9768781151453615E-01  -0.1354575227357589E+00
 0.7529548017027138E-03  -0.1044074901354046E-02
 0.5370186791203476E-15  -0.5059812182195013E-14
-0.2121315538058561E-15   0.9005745546433766E-15
-0.3230533390971777E-14  -0.2712875485512929E-14
-0.7685270502023857E-02  -0.2572486217074085E+00
-0.1163974654255932E-03  -0.3896165729386885E-02
 0.1584552883022135E-14  -0.1089166702565857E-14
-0.1933827716286187E-14   0.5095721696978883E-15
-0.6435156914919628E-01  -0.2624564978361884E+00
-0.1546158337663953E-02  -0.6305973696812467E-02
 0.6326468713027534E-15  -0.2493478560195822E-14
-0.1575797414232733E-14   0.3555507746420083E-16
 0.4951988369010219E-15  -0.2262124985383309E-14
 0.1027254543979459E+00   0.7675923640219116E-01
 0.1686176216159581E-01   0.1259956449455624E-01
-0.1841838026432042E-02   0.7172892674264939E-03
-0.7292507091233402E-01   0.2840009270145354E-01
-0.1717763908461743E-15  -0.1763349948482322E-14
-0.9123789354449687E-16   0.6423007489326581E-16
 0.8628769126007512E-16  -0.1438137164114231E-15
-0.1583000105655961E-13   0.1123865538828148E-13
-0.3245992970585626E-16   0.4206919760670621E-16
-0.1086431536082162E+01   0.8800712695841627E+00
 0.1079776704998150E-14   0.3660439399959431E-14
 0.1728350756881244E-14  -0.2003532550840810E-15
-0.1334447306017937E+00   0.6692872645799512E+00
 0.6379936706096162E-02  -0.8052064744749010E-01
 0.3154964402650409E+00   0.3281181047229921E+00
-0.1420958613259453E-14  -0.1558115213639374E-14
 0.1576474436165735E-14  -0.7911552927021676E-15
-0.1353339421085054E+00   0.6440059920474869E-01
 0.2188951961171264E+00   0.8257127529901212E-01
 0.3697667063865553E-15  -0.1666464570700304E-14
-0.3974528882113787E-15  -0.1743856790047724E-15
-0.2786039658693733E-01   0.2587035062613459E+00
 0.1680561986666757E+00   0.1229529176243516E+00
-0.1180006283907331E+00   0.1400556459532909E+00
-0.7375824236607129E-15   0.1757884240284404E-14
-0.7506962410411630E-15   0.6696209098524201E-15
-0.4854911692033535E-15   0.2958944682579844E-15
-0.8441138834273532E-16   0.5687046901416318E-17
 0.1306283650726223E+00   0.2079446777417066E+00
 0.1780510284785144E-13  -0.1179612580391322E-13
 0.1207991770420364E-15  -0.8096755831782466E-16
 0.1875967155695742E+01  -0.1246959144030443E+01
 0.2273105683054910E-15  -0.9132752119050498E-17
 0.4389419454816127E-14  -0.1520428486389631E-14
-0.1848771283724338E+01   0.1150768728771860E+01
 0.4179901872158791E-01  -0.7646935976129082E-01
 0.5161804966733281E-03  -0.9443281997823453E-03
-0.2807930967086069E-15  -0.4822350240926869E-15
-0.4077338261801010E-15   0.3746360808399268E-15
 0.4051991451002581E-15  -0.1359585834751912E-14
-0.8568243058611041E-01  -0.7821580024358639E-01
-0.1695468067790091E-02  -0.1547719769414886E-02
 0.5170160761498425E-15  -0.2419347596662868E-15
 0.1211124073012730E-14  -0.1359851177517432E-15
-0.1863199656230303E+00  -0.3621057744694585E-01
-0.5341948702291357E-02  -0.1038187435013311E-02
 0.1316752601684943E-14  -0.1076704125779196E-14
 0.5523588118116138E-15   0.2073824398865093E-15
 0.2995529081051995E-14  -0.3292952426763002E-14
-0.7741513237863348E-01   0.1701028193536507E+00
-0.1233855093383079E-01   0.2711126670065035E-01
 0.9230293364948978E-02  -0.6620337398815762E-02
 0.4477840861030969E+00  -0.3211687445472064E+00
 0.2209631845628132E-15  -0.4849932656062427E-18
-0.1991150618708189E-15  -0.1526294169982668E-15
 0.2519748959221638E-15  -0.1453754835982237E-15
 0.4906337601427577E-15   0.2292788316926343E-14
 0.1103079712321774E-03   0.6449810833541842E-03
 0.2376867075412943E-01   0.1389776535788017E+00
-0.1709758200398357E-15   0.3785638975389524E-15
-0.1572281927938151E+01   0.4090085299210646E+00
 0.5161804966749977E-03  -0.9443281997828305E-03
-0.4179901872158707E-01   0.7646935976128914E-01
-0.4113389052397913E-16   0.2709046972257302E-15
 0.5419849525416111E-15  -0.3246624570790989E-15
 0.4476654349225362E-15   0.3700445651291399E-15
-0.1695468067790281E-02  -0.1547719769414799E-02
 0.8568243058610868E-01   0.7821580024358651E-01
 0.1841804006213374E-15   0.1766276429729020E-15
-0.6043862193012902E-16   0.1177033209847372E-15
-0.5341948702291552E-02  -0.1038187435013145E-02
 0.1863199656230288E+00   0.3621057744694601E-01
-0.1528336241646790E-15   0.2848213565818648E-15
-0.3152435619049368E-15   0.1667777178757436E-15
-0.8080846015511095E-15   0.8798186657440349E-15
 0.1233855093383044E-01  -0.2711126670064966E-01
-0.7741513237863307E-01   0.1701028193536507E+00
 0.4477840861030965E+00  -0.3211687445472065E+00
-0.9230293364948471E-02   0.6620337398815984E-02
 0.1130731671825799E-15   0.6066396838214544E-16
-0.8574891285306858E-18   0.6802662853511350E-18
 0.9393901696001884E-16  -0.5738833530449565E-17
-0.2017739322872952E-15  -0.1134364868219998E-14
-0.2376867075412920E-01  -0.1389776535788017E+00
 0.1103079712321924E-03   0.6449810833541674E-03
 0.2510649616876221E-16   0.2695429161398183E-15
 0.6524745056049540E-16  -0.4391259643739517E-16
-0.1572281927938149E+01   0.4090085299210640E+00
-0.8002409065460941E-15   0.2479127447206142E-14
 0.1303980640020347E-14  -0.7996217311177683E-15
 0.4212392436823706E-03   0.2403437554924902E+00
 0.2100629087922724E-01  -0.1220168913291384E+00
 0.2269400283105211E-01   0.3453958678471376E+00
-0.1143766001965980E-15  -0.3460199758633538E-15
-0.1020547533439430E-14  -0.4800949997554846E-15
-0.3420058818852122E-01   0.1020674421085443E+00
-0.2377816999898335E+00   0.7307110985579300E-01
-0.1378525970653945E-14   0.2641131908019827E-15
-0.1020140519059863E-15   0.2794088787250461E-16
-0.2559446694751176E+00   0.2697561389105907E+00
-0.2955963820080773E+00   0.9350549426313309E-01
-0.1039549530793005E+00   0.1892103620382486E+00
-0.7959741715692890E-15   0.1588996175527624E-14
-0.1283104469965499E-15   0.1561271173039051E-15
-0.7956655047544406E-15   0.6996190274371798E-15
 0.1557765724701370E-14  -0.1664063132504528E-14
 0.1034767468972348E+00  -0.2491370920469415E-01
-0.1189888129811740E-14  -0.7628043323996103E-14
 0.1324968308788846E-15  -0.5048931638232922E-16
-0.1388444276240937E+00  -0.7928062073775870E+00
-0.2389371972506396E-15   0.5591369689151803E-16
-0.7393842050460612E-15  -0.1265279191993649E-14
 0.7097970688713588E-01   0.1836555225417040E+00
 0.2133539566280654E-15   0.1369153961072959E-15
-0.2195860007407583E-15   0.6621801725309580E-17
-0.1664358227960723E+01   0.3724656492985490E+00
 0.9079446540322792E-15   0.6802664344846260E-15
-0.4340866096441064E-15  -0.1439003572778430E-15
-0.3818023035953177E-01   0.2132820613382835E+00
 0.9490587494326057E-02  -0.4997914019405865E-01
 0.6396780741590492E-01  -0.7558746900454467E-01
-0.4165476401327966E-15   0.2683255184507059E-15
-0.1804917178406562E-14   0.1152264075573989E-15
-0.2357343003279505E+00   0.1200253654541211E+00
-0.1390795875824266E+00   0.8112391787802833E-01
-0.2822977345844865E-15   0.1743723377456213E-15
-0.6098657204504909E-15  -0.4751833306802822E-16
-0.1980929256566295E+00   0.1162146487543067E+00
 0.2085783347825684E+00  -0.1611250881282011E+00
 0.9520552555008716E-01   0.4503754928266815E-01
 0.1916637723197783E-16   0.4926817526433843E-15
 0.7621862713095790E-15   0.7381171941704138E-16
 0.1599932606286756E-14  -0.3195733004747083E-16
-0.2626159399472078E-15  -0.1963303830330764E-15
-0.1976891927139243E+00   0.2201584914309201E+00
-0.3483564614101823E-14  -0.3888507218436129E-14
-0.1613069353951860E-15   0.4150366042306940E-16
-0.3734852968680615E+00  -0.3748111615703772E+00
-0.6780202737904625E-16   0.9429024212096385E-17
-0.9568280894336759E-15  -0.1660823258622271E-14
 0.1630759312736359E+00   0.2121894355476499E+00
 0.5587827526009855E-15   0.2152419387589187E-16
-0.2035425338530283E-15  -0.8223629850481668E-16
-0.1144251581034259E+00  -0.2686178555563325E-01
-0.1837048545262045E+01   0.2748530287710859E+00
 0.1466348526538303E+01   0.3446293364123422E+01
 0.2235547423319701E-15   0.3851279265099760E-15
 0.1466348526538256E+01   0.3446293364123312E+01
 0.6409063653529221E-14   0.1622662490793575E-13
-0.2617971987312675E-15  -0.1060231133798118E-16
 0.8270734907485283E+00   0.3306044643805244E+01
-0.3339774843377481E-14  -0.7895876450085908E-14
 0.3521642596566058E-15  -0.3697878936420038E-15
-0.2733112834988277E+00  -0.7131415373946570E+00
-0.1922677316862213E+00   0.1303964454161998E+01
 0.2667933435246297E-13   0.6852226784882256E-13
 0.1012675285446777E-14   0.9319775235962529E-14
 0.2250154757797856E+01   0.3435130483297334E+01
-0.5669524539861770E+00  -0.1197232741785661E+01
 0.5147578159107120E+01   0.1602547466906218E+02
-0.3239294982489253E+00  -0.6899490978052679E-01
 0.2409028659246843E-02   0.5131076851653818E-03
 0.1762237756202454E-15  -0.2456086634222361E-15
 0.2844907896452850E-14   0.5267265355617863E-14
-0.3504997032334632E-14  -0.1476385744997360E-13
 0.7086057565891758E+00   0.2601429370866082E+01
-0.2409028659247333E-02  -0.5131076851656379E-03
-0.3239294982489185E+00  -0.6899490978052776E-01
-0.1377906449170712E-15  -0.8914791065859096E-15
-0.2817675251468344E-15  -0.7541137569401417E-15
-0.1793216321668043E-14  -0.1843165431102313E-14
-0.6919927022359365E-16  -0.1731991899612349E-15
 0.7086057565891694E+00   0.2601429370866062E+01
 0.1128905779697555E-14  -0.1117756658496438E-13
 0.1341756750042596E-14  -0.2846121797423482E-14
 0.8340440608190267E-01   0.1966631475094037E+00
 0.4723209456322667E+00   0.6588678108373105E+00
 0.1465602713613057E+00  -0.3506386372441472E+01
-0.2598780652565115E-15   0.4318688991865370E-14
 0.6758054521580639E-16  -0.6865685724553021E-16
 0.4673793585619283E+00   0.4388068973960821E+01
 0.3234922006885739E-15   0.6676613429627548E-14
 0.2477874568486241E-15   0.1153592054983625E-14
 0.1373351245373460E+00   0.3439903955117541E+00
 0.9600002889853841E-01   0.6690362840796812E-01
-0.1566098610413600E+00   0.1431042292538708E+01
-0.2130853100734619E-15  -0.2808071157318757E-14
-0.4833957474420856E-15  -0.2612528333982176E-15
-0.1268759641900373E-01  -0.1014452560933175E+01
-0.7546349056224273E+00   0.1304659810739061E+01
-0.1464742496047173E+00  -0.1595995682467439E+00
 0.2389866682749529E-02   0.2604018738879459E-02
 0.3708203524681124E-15   0.1013538039399375E-14
-0.4025510013241797E-15  -0.8819246865343049E-15
-0.1938680247369206E-15   0.1576302423631586E-14
-0.1475864747578672E+00  -0.9096449148867345E-02
 0.1310270048195837E-02   0.8075811068981586E-04
-0.5531153541743318E-16  -0.1158454104826160E-14
-0.2485946678082726E-14  -0.3739730407945752E-14
 0.2507992429014295E+00   0.2085013689781709E+01
-0.2389866682750293E-02  -0.2604018738881564E-02
-0.1464742496047138E+00  -0.1595995682467379E+00
 0.2286145241519070E-17  -0.4559032287096265E-15
-0.1107699265598528E-15  -0.8145421294983996E-16
-0.1333883763228934E-15  -0.5200442191365133E-15
-0.1310270048195745E-02  -0.8075811068895238E-04
-0.1475864747578655E+00  -0.9096449148867050E-02
 0.2125170360813308E-15   0.2464001433058775E-15
 0.4568689523252121E-16   0.1410228092705190E-15
 0.4660988516812248E-16   0.3293179397736473E-16
 0.2507992429014277E+00   0.2085013689781691E+01
 0.2172932075472538E-14   0.4444103624419510E-14
 0.5804095853690472E-15  -0.9492818748250237E-15
 0.1077614576575857E+00   0.5407316177712529E+00
-0.2203625866283846E+00  -0.4513963470380284E+00
 0.5557876331045619E+00   0.2249483512293636E+00
-0.6754810130917480E-15  -0.4891571387978573E-15
-0.5478841551826714E-15  -0.7650960114415784E-15
-0.5184911551314463E+00   0.4263022017200254E-01
-0.4122213247162174E+00  -0.5955373645472092E+00
-0.1447204353306121E-14  -0.9110853759136094E-15
 0.3843118030974792E-15   0.5844026660291382E-15
-0.3552736746482462E+00   0.1599686171261590E+01
-0.2186089883508579E-14   0.3330655033000792E-14
-0.8129053269051821E-15   0.1023993736118636E-14
 0.1168943936810485E-01  -0.1890688418936625E+00
 0.9246764013792283E-01  -0.1297941261811071E+00
-0.4847710804085008E+00   0.1324016759350090E+01
 0.1423631744009253E-14  -0.6039604301677306E-16
 0.2246578046626796E-15  -0.9952595879939396E-16
 0.5832384494778702E+00  -0.3889324474545010E+00
-0.5622904650778471E-01   0.4301312682963551E+00
-0.1329211130335652E-14  -0.1590628737142871E-14
 0.4632253354989152E-15  -0.1767378731077708E-15
-0.4389105581417430E+00  -0.7816385599441592E+00
-0.9675193826927201E+00   0.1465723232320392E+01
 0.1592390740781533E-14   0.1967825917176398E-14
 0.5020392275796076E-15  -0.8907227963981117E-15
-0.3424984573613834E-01   0.3171431908618996E+00
 0.2013507607767278E-01   0.1536040637094226E+00
 0.5089737914675690E+00  -0.4418785913866428E-01
-0.7259799063392242E-15   0.4160816694691410E-15
 0.4947389421227191E-15   0.3161814511550047E-15
-0.5401752765417424E+00  -0.1291554930328249E+00
 0.2509441428561347E-01  -0.9199800446529183E-01
 0.2071477409118765E-14   0.1252549269393963E-14
 0.2111393707475605E-15   0.2552124873676259E-15
-0.6821479772400903E-01   0.2284721990511824E+00
 0.1360345351953201E+00  -0.3064702943286265E+00
-0.3561437985400647E+00   0.1631862190344599E+01
-0.7329363536598642E-01  -0.7273953476522046E-01
-0.1261159321447855E-01  -0.1251624944633539E-01
 0.2242859551551763E-15   0.3051796376527489E-14
 0.2038728084472204E-15   0.1121856326682641E-14
 0.3585436969378236E-14  -0.1530765202661704E-14
 0.5228189402872273E-01   0.2229186265069224E-01
 0.9396954818330598E-02   0.4006657180972429E-02
-0.3482858635104959E-14  -0.1148901379728201E-15
 0.3522746705633738E-15  -0.1046961419881200E-14
-0.7149350958648198E-01  -0.7396742741661387E-01
-0.1350624969397202E-01  -0.1397361172626571E-01
 0.3939933823622177E-16   0.1596288876738369E-14
 0.1257774270783001E-14  -0.4649130277380745E-15
 0.7033596258333724E-16   0.1797352799716894E-14
-0.1107891900806395E+00   0.1560330455430463E+01
-0.1261159321447876E-01  -0.1251624944633567E-01
 0.7329363536598543E-01   0.7273953476521887E-01
 0.1451035623922171E-15   0.3815220786684935E-15
-0.1688870357082535E-15  -0.5345268974032692E-15
 0.1482114694167298E-14   0.5169213795786788E-15
 0.9396954818330463E-02   0.4006657180971494E-02
-0.5228189402872251E-01  -0.2229186265069235E-01
-0.8340236670863138E-16   0.8549350761384157E-15
 0.4138155074482621E-15   0.1584685766078147E-15
-0.1350624969397268E-01  -0.1397361172626613E-01
 0.7149350958648175E-01   0.7396742741661462E-01
 0.2653188125856351E-15   0.3038253728496080E-15
-0.4425950919491626E-16  -0.3445035662806623E-15
-0.1751144798500467E-17   0.3107044962858578E-15
-0.3790148844967490E-15  -0.1264443986574185E-14
-0.1107891900806399E+00   0.1560330455430468E+01
-0.2295457809024474E-02   0.3606104894005816E-02
 0.6962100229928074E-01  -0.1093727953221393E+00
 0.4329228752230300E-15   0.1565483452606421E-15
 0.2148772735373775E-15   0.2528077177180843E-15
 0.2126975387892612E-15   0.7819655661479901E-15
 0.6704755829976576E-02   0.8957969714947072E-02
-0.1658871633101265E+00  -0.2216355409076650E+00
 0.5657745611479298E-16   0.6699946638883949E-17
 0.3504550749746481E-15   0.3128654186262891E-17
 0.1473881617096043E-01   0.9838453617108356E-02
-0.2988814873290310E+00  -0.1995093510897298E+00
-0.4990441077300240E-15  -0.1745554915631448E-15
 0.9289575972793200E-16  -0.1257148934338808E-16
 0.1316397166635785E-14   0.1133364902738340E-14
-0.4201495009844574E-01  -0.4205505537366547E-01
 0.3037650707475091E+00   0.3040550290060766E+00
-0.1066738264881846E+01   0.8539798939700119E+00
-0.6962100229928168E-01   0.1093727953221415E+00
-0.2295457809023615E-02   0.3606104894004972E-02
 0.7984229841758453E-15  -0.1262332096301646E-14
-0.6902947918139915E-17  -0.6924315033628489E-15
-0.2001600646582369E-14   0.2084246751443888E-14
 0.1658871633101282E+00   0.2216355409076653E+00
 0.6704755829976654E-02   0.8957969714946990E-02
 0.1903514829628016E-14  -0.3638098914475891E-16
-0.8914985744315100E-15   0.2734674212079461E-15
 0.2988814873290321E+00   0.1995093510897301E+00
 0.1473881617096003E-01   0.9838453617108269E-02
-0.8709209854218895E-15  -0.1581752774502961E-14
 0.2810355929357928E-16   0.2414402818868244E-14
-0.5662694018772326E-14  -0.4305552752947127E-14
 0.3037650707475092E+00   0.3040550290060746E+00
 0.4201495009844711E-01   0.4205505537366633E-01
 0.2774562371485547E-15   0.7470881794644936E-15
-0.1066738264881844E+01   0.8539798939700094E+00
 0.1973881792364095E-14  -0.3892113156544204E-15
 0.4391559909542233E-15   0.2540147431573487E-15
 0.6072369974433730E-01   0.3381438345696454E+00
-0.1975422188823348E-01  -0.2863972755738302E+00
 0.4639500229290723E+00  -0.5208361183800682E+00
-0.2158392843206507E-15   0.8201180800462524E-15
-0.1272578661945604E-14   0.4312156511166331E-15
-0.4628171557474723E+00   0.2892841448506097E+00
 0.3284601926233630E+00  -0.1309996378636634E+00
 0.8981235093355838E-16  -0.7958666512255337E-15
 0.8582427880305811E-15  -0.3626145089815775E-15
-0.2331872455594245E+00  -0.8056835910878127E-01
 0.3452030498026532E+00   0.2561905164027642E-01
 0.1259791235182455E+00   0.4082337445450986E+00
 0.4856753258167512E-15   0.2299757454836356E-14
-0.2233747489689295E-15  -0.2208952917814115E-15
 0.1147348189163301E-15   0.3710466576437379E-15
-0.6678446939094894E-15  -0.1406955443909496E-14
-0.1306700136872279E+01   0.9681114292080335E+00
-0.6292539403990350E-16   0.6685432429747341E-16
 0.5090837670737024E-15  -0.1854080910503012E-15
-0.7499788279420662E-14  -0.1650546353892631E-13
 0.3348639053015773E-14   0.5112371894651129E-14
-0.3759788322180243E-13  -0.6962025163000650E-14
-0.5287561368257663E-16   0.1931611456221908E-15
 0.1488579478503742E-15  -0.1451729523256345E-15
 0.1223415123308539E-13  -0.1137729758018093E-13
-0.9888871442229938E-14   0.1602096449052292E-14
 0.2050013724458296E-15   0.2909647417728147E-15
-0.3495510958509163E-15  -0.3720437090635461E-16
-0.1411980246574267E-14  -0.1062609541107221E-13
-0.8584599224218214E-14   0.5270246542332307E-14
 0.3336235697955871E-14  -0.8160083842748553E-14
-0.2883674531853598E-15   0.9775127167332229E-16
 0.2245525193594983E-15  -0.1386340889675631E-15
 0.1007965797867748E-15   0.1601000270321180E-16
 0.4228184341644221E-16   0.7156867867556272E-16
 0.4205748054982223E-14  -0.5128058346581983E-14
-0.1010781088649572E+01   0.8318595193721863E+00
 0.9233885935649828E-15  -0.5667642734501494E-15
 0.7246957939460940E-15  -0.5263185596875611E-15
 0.5616838731341881E-16  -0.1724397731926690E-16
 0.6979525642556332E-15  -0.3774595481386840E-15
 0.1406350042863750E-15  -0.9077798686951353E-15
-0.1230343777751799E-15   0.7444866771523723E-16
-0.5204103800624774E-15   0.4129706808432205E-15
 0.9168816629603878E-15   0.4759117233626587E-16
 0.6002092542729261E-15  -0.6455230553743987E-15
 0.2295082151156408E-15   0.2037214146494405E-15
-0.1672451606257519E-15   0.8148803881490703E-16
-0.7677472721899882E-16  -0.2757360464498800E-16
 0.3855724689008756E-15  -0.3052201684926855E-15
 0.3174008972372068E-15  -0.4146951456738057E-15
-0.2584455670423614E-15   0.2249176791199651E-16
-0.1850907901637026E-16  -0.6835383182566234E-16
 0.8097634950036934E-19   0.1498054303138444E-16
-0.9525103643843114E-16   0.2131411564603913E-16
-0.1739113564013521E-15   0.6726265141479466E-16
-0.6375773161012240E-16   0.6221446030021137E-16
-0.1010781088649571E+01   0.8318595193721862E+00
-0.1792065744549110E-13  -0.1191801858755097E-13
-0.7020521327142378E-14   0.3147904479271311E-14
-0.7247002016448952E+00  -0.1715691028982638E+01
 0.3344208914733872E+00   0.5304843711751429E+00
-0.3849400154620515E+01  -0.8382735940259617E+00
 0.5433839861312712E-14  -0.5983320029978968E-15
-0.2689640424918548E-14   0.1823130079361242E-14
 0.1238201648207290E+01  -0.1150739477532660E+01
-0.9954479382282203E+00   0.1539795593843699E+00
-0.2093942802987311E-14  -0.7707975475212046E-15
 0.2990377501662541E-15   0.2226667843675687E-15
-0.1811911903140483E+00  -0.1088397501530420E+01
-0.8736567379928420E+00   0.5628284232016065E+00
 0.3117821976416169E+00  -0.7968006378077345E+00
 0.2583277286792212E-14  -0.5452299219356162E-14
 0.2284915522980402E-14  -0.1627571708455718E-14
 0.8355471071753738E-15  -0.7104971988071985E-15
-0.1489892698359755E-14   0.3069541586631698E-14
 0.4666045269757955E+00  -0.5460608321318342E+00
-0.4418376126590630E-13   0.4334953140562101E-13
 0.9949040201453940E-16  -0.3998233238809587E-16
-0.5545035300531113E+01   0.5279830534852578E+01
-0.6965215083598613E-03   0.1044074901354010E-02
 0.9036619684302208E-01  -0.1354575227357561E+00
-0.5613823123482149E-15   0.6724038378348042E-15
 0.1760810546775174E-15   0.3368774807857710E-16
 0.4995459537725526E-15  -0.3723495584155589E-15
 0.1801297309105762E-03   0.3896165729386458E-02
-0.1189326333213623E-01  -0.2572486217074086E+00
 0.1884633656825559E-15  -0.1632148598929325E-16
-0.1190686004767079E-15  -0.5841824265500726E-16
 0.3540830075528033E-02   0.6305973696812792E-02
-0.1473703992019381E+00  -0.2624564978361878E+00
-0.1305629144159036E-16  -0.4173056729409194E-16
-0.9507717211628342E-16   0.8129016141946817E-16
-0.6281693845893740E-15   0.1008257489790929E-15
 0.2784893735530265E-01   0.1259956449455593E-01
-0.1696616709989555E+00  -0.7675923640219172E-01
 0.1040942271437624E+00  -0.2840009270145347E-01
-0.2629064373703820E-02   0.7172892674264472E-03
 0.1066957165051557E-15  -0.1165161783840056E-15
-0.4766798709192581E-17   0.5176830491300761E-16
 0.8149952385304646E-16  -0.3252257997729090E-16
-0.2798285877418730E-15  -0.1940695533559873E-15
-0.1006351966136126E+01   0.8800712695841656E+00
 0.9036619684302423E-01  -0.1354575227357589E+00
 0.6965215083609083E-03  -0.1044074901354046E-02
-0.2162278087721432E-14  -0.5059812182195013E-14
 0.5359780207692713E-15   0.9005745546433766E-15
-0.9241465590225406E-14  -0.2712875485512929E-14
-0.1189326333213685E-01  -0.2572486217074085E+00
-0.1801297309101644E-03  -0.3896165729386885E-02
 0.2800062958855657E-14  -0.1089166702565857E-14
-0.2784729824708125E-14   0.5095721696978883E-15
-0.1473703992019389E+00  -0.2624564978361884E+00
-0.3540830075528505E-02  -0.6305973696812467E-02
 0.4664615063268016E-15  -0.2493478560195822E-14
-0.1784914871400049E-14   0.3555507746420083E-16
 0.3105396995970033E-15  -0.2262124985383309E-14
 0.1696616709989553E+00   0.7675923640219116E-01
 0.2784893735530207E-01   0.1259956449455624E-01
-0.2629064373703693E-02   0.7172892674264939E-03
-0.1040942271437626E+00   0.2840009270145354E-01
 0.1428555370359651E-15  -0.1763349948482322E-14
-0.9910487618745619E-16   0.6423007489326581E-16
 0.4260779057323698E-16  -0.1438137164114231E-15
-0.1239115063021789E-13   0.1123865538828148E-13
-0.1996894404145265E-16   0.4206919760670621E-16
-0.1006351966136122E+01   0.8800712695841627E+00
 0.4935369372476061E-14   0.3660439399959431E-14
 0.1926129225146202E-14  -0.2003532550840810E-15
 0.2044815451907339E+00   0.6692872645799512E+00
-0.7702572904439191E-01  -0.8052064744749010E-01
 0.9792154840676085E+00   0.3281181047229921E+00
-0.1803414251204253E-14  -0.1558115213639374E-14
 0.1228108183620099E-14  -0.7911552927021676E-15
-0.2490401846460512E+00   0.6440059920474869E-01
 0.3507677074324674E+00   0.8257127529901212E-01
-0.1508291447857417E-15  -0.1666464570700304E-14
-0.3612110520380356E-15  -0.1743856790047724E-15
-0.2372337792288389E-01   0.2587035062613459E+00
 0.2002976749397172E+00   0.1229529176243516E+00
-0.2339907557172642E+00   0.1400556459532909E+00
-0.8389457749404296E-15   0.1757884240284404E-14
-0.3680260163757385E-15   0.6696209098524201E-15
-0.6040742688776212E-15   0.2958944682579844E-15
 0.3073068410184009E-15   0.5687046901416318E-17
 0.8253869314107942E-01   0.2079446777417066E+00
 0.1349635775048250E-13  -0.1179612580391322E-13
 0.9632156610152898E-16  -0.8096755831782466E-16
 0.1430483034853216E+01  -0.1246959144030443E+01
 0.1971338869962852E-15  -0.9132752119050498E-17
 0.3019775917989807E-14  -0.1520428486389631E-14
-0.1571961327227600E+01   0.1150768728771860E+01
 0.1295881832559179E-01  -0.7646935976129082E-01
 0.1600298161087424E-03  -0.9443281997823453E-03
-0.3196860509929060E-15  -0.4822350240926869E-15
-0.3734024176576161E-15   0.3746360808399268E-15
-0.8483260295170925E-16  -0.1359585834751912E-14
-0.9250803491394141E-01  -0.7821580024358639E-01
-0.1830531862106497E-02  -0.1547719769414886E-02
 0.6265447270619013E-15  -0.2419347596662868E-15
 0.1290498158352677E-14  -0.1359851177517432E-15
-0.2154219156788029E+00  -0.3621057744694585E-01
-0.6176325865333052E-02  -0.1038187435013311E-02
 0.1330229400297967E-14  -0.1076704125779196E-14
 0.7540148540896756E-15   0.2073824398865093E-15
 0.2316909877016747E-14  -0.3292952426763002E-14
-0.5763144897866885E-01   0.1701028193536507E+00
-0.9185394983707762E-02   0.2711126670065035E-01
 0.8634574995536496E-02  -0.6620337398815762E-02
 0.4188843323168113E+00  -0.3211687445472064E+00
 0.1544514769231801E-15  -0.4849932656062427E-18
-0.2604292689731888E-15  -0.1526294169982668E-15
 0.2202063707218432E-15  -0.1453754835982237E-15
 0.1189321903035317E-14   0.2292788316926343E-14
 0.4833997974460087E-03   0.6449810833541842E-03
 0.1041608371522163E+00   0.1389776535788017E+00
 0.4595989930774437E-15   0.3785638975389524E-15
-0.1491978414639877E+01   0.4090085299210646E+00
 0.1600298161103359E-03  -0.9443281997828305E-03
-0.1295881832559130E-01   0.7646935976128914E-01
-0.3596573265633472E-16   0.2709046972257302E-15
 0.5000339575955022E-15  -0.3246624570790989E-15
 0.6957417298826963E-15   0.3700445651291399E-15
-0.1830531862106588E-02  -0.1547719769414799E-02
 0.9250803491393966E-01   0.7821580024358651E-01
 0.1492912208357723E-15   0.1766276429729020E-15
-0.6365060362143262E-16   0.1177033209847372E-15
-0.6176325865333284E-02  -0.1038187435013145E-02
 0.2154219156788016E+00   0.3621057744694601E-01
-0.1666462234997248E-15   0.2848213565818648E-15
-0.3737895476194260E-15   0.1667777178757436E-15
-0.6197005987251153E-15   0.8798186657440349E-15
 0.9185394983707476E-02  -0.2711126670064966E-01
-0.5763144897866852E-01   0.1701028193536507E+00
 0.4188843323168114E+00  -0.3211687445472065E+00
-0.8634574995536009E-02   0.6620337398815984E-02
 0.1817181840210896E-15   0.6066396838214544E-16
-0.3968009975022103E-17   0.6802662853511350E-18
 0.9337534845782162E-16  -0.5738833530449565E-17
-0.5304346252950852E-15  -0.1134364868219998E-14
-0.1041608371522161E+00  -0.1389776535788017E+00
 0.4833997974460112E-03   0.6449810833541674E-03
 0.1565685459103247E-16   0.2695429161398183E-15
 0.6010940605824841E-16  -0.4391259643739517E-16
-0.1491978414639875E+01   0.4090085299210640E+00
-0.1335144450520420E-15   0.2479127447206142E-14
 0.1227915526724339E-14  -0.7996217311177683E-15
 0.4831379671085183E-01   0.2403437554924902E+00
 0.9369786414785725E-02  -0.1220168913291384E+00
 0.1756065890496324E+00   0.3453958678471376E+00
-0.3447099823465924E-15  -0.3460199758633538E-15
-0.1155822507948126E-14  -0.4800949997554846E-15
-0.6477523555841024E-01   0.1020674421085443E+00
-0.2511400137206972E+00   0.7307110985579300E-01
-0.1570404929639380E-14   0.2641131908019827E-15
-0.1555864011995727E-15   0.2794088787250461E-16
-0.2615994495479074E+00   0.2697561389105907E+00
-0.3351154762277279E+00   0.9350549426313309E-01
 0.6339920846070498E-02   0.1892103620382486E+00
-0.1453690890594393E-15   0.1588996175527624E-14
-0.1029483761899795E-15   0.1561271173039051E-15
-0.6097774931842894E-15   0.6996190274371798E-15
 0.9895262107502351E-15  -0.1664063132504528E-14
 0.1344792320649324E+00  -0.2491370920469415E-01
-0.3496266741249977E-14  -0.7628043323996103E-14
 0.1205026743573189E-15  -0.5048931638232922E-16
-0.3835883216779891E+00  -0.7928062073775870E+00
-0.1552273119359160E-15   0.5591369689151803E-16
-0.6029163292979847E-15  -0.1265279191993649E-14
 0.4986896325699557E-01   0.1836555225417040E+00
 0.4338128430572818E-15   0.1369153961072959E-15
-0.3002812397497237E-15   0.6621801725309580E-17
-0.1655690316130353E+01   0.3724656492985490E+00
 0.1642663980242822E-14   0.6802664344846260E-15
-0.2944070496091349E-15  -0.1439003572778430E-15
 0.6746174964286462E-01   0.2132820613382835E+00
-0.2911435552876585E-01  -0.4997914019405865E-01
 0.1471503264711181E+00  -0.7558746900454467E-01
-0.3115667982506438E-15   0.2683255184507059E-15
-0.1609063260214643E-14   0.1152264075573989E-15
-0.1761498067885062E+00   0.1200253654541211E+00
-0.1165856459602172E+00   0.8112391787802833E-01
-0.1833423791519382E-15   0.1743723377456213E-15
-0.5632860575240366E-15  -0.4751833306802822E-16
-0.1598936656030166E+00   0.1162146487543067E+00
 0.1854385688442301E+00  -0.1611250881282011E+00
-0.8064304182578005E-01   0.4503754928266815E-01
-0.8409608345187628E-15   0.4926817526433843E-15
 0.8397849375500667E-15   0.7381171941704138E-16
 0.1265610198024513E-14  -0.3195733004747083E-16
 0.5166925513282035E-15  -0.1963303830330764E-15
-0.1277444274496914E+00   0.2201584914309201E+00
-0.3270617703692651E-14  -0.3888507218436129E-14
-0.1238864164805696E-15   0.4150366042306940E-16
-0.3388856523128379E+00  -0.3748111615703772E+00
-0.5500921636006044E-16   0.9429024212096385E-17
-0.1480817999513970E-14  -0.1660823258622271E-14
 0.2476279475046197E+00   0.2121894355476499E+00
 0.6838090585051286E-15   0.2152419387589187E-16
-0.2480649044011250E-15  -0.8223629850481668E-16
-0.1610025918000027E+00  -0.2686178555563325E-01
-0.1624874371099362E+01   0.2748530287710859E+00
