-1.3844711131519563e+01
-1.4240219952020619e+01
-1.4488473397451262e+01
-1.4643828362699885e+01
-1.4739365367561657e+01
-1.4796232798447836e+01
-1.4828221697977849e+01
-1.4844139596179764e+01
-1.4849501448223389e+01
-1.4847837787549455e+01
-1.4841515225305532e+01
-1.4832179733887646e+01
-1.4820996308326368e+01
-1.4808792202968124e+01
-1.4796151938558491e+01
-1.4783484237213653e+01
-1.4771070269864016e+01
-1.4759098837219492e+01
-1.4747692375575822e+01
-1.4736925769632649e+01
-1.4726839613501236e+01
-1.4717449212093001e+01
-1.4708750749054419e+01
-1.4700726061174947e+01
-1.4693346643807114e+01
-1.4686577259303316e+01
