 0.2357481221389974E-03 -0.1763260508316731E-18
 0.0000000000000000E+00  0.0000000000000000E+00
 0.1245735304749159E-03 -0.1260142126855403E-17
 0.0000000000000000E+00  0.0000000000000000E+00
-0.2460603297433216E-04 -0.8935745037465299E-19
-0.1245735304749459E-03  0.1260142126855410E-17
 0.0000000000000000E+00  0.0000000000000000E+00
 0.2460603297433874E-04  0.8935745037464465E-19
 0.0000000000000000E+00  0.0000000000000000E+00
-0.9312411425985369E-01 -0.5768104163614921E-17
 0.0000000000000000E+00  0.0000000000000000E+00
-0.1617788337528463E-01  0.1510779262169028E-17
 0.1617788337528466E-01 -0.1510779262169050E-17
 0.0000000000000000E+00  0.0000000000000000E+00
-0.3962004586546090E-02  0.1648604979018344E-18
 0.0000000000000000E+00  0.0000000000000000E+00
-0.1554380909003325E-03 -0.1148904541335006E-17
 0.0000000000000000E+00  0.0000000000000000E+00
 0.3070258268582354E-04 -0.3343741203760460E-19
 0.0000000000000000E+00  0.0000000000000000E+00
 0.0000000000000000E+00  0.0000000000000000E+00
 0.0000000000000000E+00  0.0000000000000000E+00
 0.0000000000000000E+00  0.0000000000000000E+00
 0.5178281904385316E-10  0.7982728584338816E-18
 0.0000000000000000E+00  0.0000000000000000E+00
 0.9336358686921325E-02 -0.1579089577804793E-15
 0.0000000000000000E+00  0.0000000000000000E+00
 0.2913232927153446E-02 -0.2782779006014889E-16
-0.2913232978936263E-02  0.2702951720171508E-16
 0.0000000000000000E+00  0.0000000000000000E+00
 0.1051343304396527E-02 -0.6723049786641028E-17
 0.0000000000000000E+00  0.0000000000000000E+00
 0.1716583670146592E-01 -0.1225709455251792E-15
 0.0000000000000000E+00  0.0000000000000000E+00
-0.3162135053469356E-02  0.3354795135894347E-16
 0.1554380909003284E-03  0.1148904541335020E-17
 0.0000000000000000E+00  0.0000000000000000E+00
-0.3070258268582002E-04  0.3343741203760603E-19
 0.0000000000000000E+00  0.0000000000000000E+00
-0.9336358686921361E-02  0.1579089577804792E-15
 0.0000000000000000E+00  0.0000000000000000E+00
-0.2913232978936249E-02  0.2702951720171526E-16
 0.2913232927153442E-02 -0.2782779006014901E-16
 0.0000000000000000E+00  0.0000000000000000E+00
-0.1051343304396529E-02  0.6723049786640955E-17
 0.0000000000000000E+00  0.0000000000000000E+00
 0.5178281664620243E-10  0.7982728584338459E-18
 0.0000000000000000E+00  0.0000000000000000E+00
 0.0000000000000000E+00  0.0000000000000000E+00
 0.0000000000000000E+00  0.0000000000000000E+00
 0.0000000000000000E+00  0.0000000000000000E+00
-0.1716583670146615E-01  0.1225709455251792E-15
 0.0000000000000000E+00  0.0000000000000000E+00
 0.3162135053469461E-02 -0.3354795135894315E-16
 0.0000000000000000E+00  0.0000000000000000E+00
-0.8895707718748780E-01  0.1100121486717404E-15
 0.0000000000000000E+00  0.0000000000000000E+00
-0.1487763926468993E-01  0.2046493734302335E-16
 0.1487763926469001E-01 -0.2046493734302346E-16
 0.0000000000000000E+00  0.0000000000000000E+00
-0.3492765550381339E-02  0.5849968658061616E-17
 0.0000000000000000E+00  0.0000000000000000E+00
-0.1375744141193560E-01 -0.4637938250700051E-16
 0.0000000000000000E+00  0.0000000000000000E+00
 0.2534273140249913E-02  0.2296081034650378E-16
 0.1375744141193566E-01  0.4637938250700058E-16
 0.0000000000000000E+00  0.0000000000000000E+00
-0.2534273140249998E-02 -0.2296081034650380E-16
 0.0000000000000000E+00  0.0000000000000000E+00
 0.9905600252788587E+00  0.1640382826772155E-16
-0.5323270639275637E-02 -0.6642162083048503E-02  0.1443667842051871E-09 -0.7083573725858297E-09  0.6590535516956038E-17  0.9741952466791523E-18  0.4007289521778321E-18 -0.1705052833862369E-17
-0.6633434945140914E-02 -0.8276932182989446E-02  0.1799006423585636E-09 -0.8826980814426342E-09  0.8215736426364292E-17  0.1213366769555961E-17  0.4993090650665622E-18 -0.2124797675947841E-17
-0.1114035928440997E+00  0.8928289554834373E-01 -0.6508699958057268E-01  0.2856838230264861E-02 -0.5029884346059270E-16  0.1682222297853573E-15  0.9748692255973297E-18 -0.5833928433744063E-17
 0.5101247362122986E-01 -0.4088325380356132E-01  0.2146096018640681E-01 -0.2428923375279529E-02  0.1728527740466429E-16 -0.8029429272370222E-16 -0.1526789263789706E-18  0.1067186183699110E-17
 0.1031821179620610E+00 -0.8269391083508802E-01 -0.1878300894619170E+00 -0.1004279635533072E-01  0.5312579295234137E-16 -0.1454618229838575E-15 -0.7887488304274648E-18  0.4701146906192538E-17
-0.3439363518368124E-01 -0.4291498873451351E-01  0.9327618663902223E-09 -0.4576695492971896E-08  0.2846177628870991E-16  0.1158168887828312E-16  0.2756666560414585E-17 -0.1003735986301928E-16
-0.4355138185216514E-01 -0.5434165512243053E-01  0.1181122137657470E-08 -0.5795298759060731E-08  0.3603422072071406E-16  0.1466909273513257E-16  0.3491514462266255E-17 -0.1271417738584541E-16
 0.1121521798028497E+00 -0.8988284017131165E-01  0.7959221564469079E-01 -0.2091208344880838E-02  0.6103822436981270E-16 -0.1550196908796413E-15 -0.1193978694430685E-17  0.6652531878412254E-17
-0.1474635993442932E+00  0.1181826859645728E+00  0.2684235475632544E-01  0.1369915099683542E+00 -0.8735093377536375E-16  0.2063919769682628E-15  0.1472739791656301E-17 -0.8152970544477728E-17
-0.3962713550093586E-01 -0.4944513903579922E-01  0.1074695404579063E-08 -0.5273106808161498E-08  0.2110845790520386E-16  0.1831991307163685E-16  0.3882377014205889E-17 -0.1478448557583549E-16
-0.5105333885112037E-01 -0.6370229404232090E-01  0.1384575909003370E-08 -0.6793570752123526E-08  0.2715767163314109E-16  0.2362013851215012E-16  0.5006706641102736E-17 -0.1907125833388976E-16
 0.1750805456560768E+00 -0.1403159267947277E+00  0.2717381434005611E-01  0.6110325308076291E-02  0.6926895554813876E-16 -0.2562905000319532E-15 -0.6145520695779147E-18  0.4066016467005078E-17
 0.2872207748221540E-01 -0.2301891306731133E-01  0.1651658031414084E-01 -0.5337294479716758E-01 -0.1885058624617771E-16 -0.5078422602199867E-16  0.1268049515819741E-17 -0.6079904236594334E-17
 0.1437330237885164E+00 -0.1151928742027202E+00 -0.3406764240657695E-01 -0.6928504103135513E-01  0.7251887375899031E-16 -0.2067449116901432E-15 -0.9382659494122371E-18  0.5411003194432228E-17
 0.5855321365238613E-01  0.7306033488005870E-01 -0.1587975012916348E-08  0.7791567798222782E-08 -0.5988429229855005E-16 -0.1279734045667601E-16 -0.2858755126322585E-17  0.8112081200750684E-17
-0.5189711927015293E-01 -0.6475512916674446E-01  0.1407459260108419E-08 -0.6905853173152886E-08  0.5305339588507979E-16  0.1135530078704350E-16  0.2536130425578257E-17 -0.7202224185268491E-17
 0.1369512792902802E+00  0.1708822744829029E+00 -0.3714145370448184E-08  0.1822385261881694E-07 -0.1874391467791251E-15 -0.8774858281744248E-17 -0.2860317866987636E-17  0.2255461414720161E-18
-0.1173549848902978E+00 -0.1464308098754734E+00  0.3182690528472904E-08 -0.1561621290185856E-07  0.1606323508216513E-15  0.7512021875791023E-17  0.2450532822635396E-17 -0.1906195668903830E-18
-0.1366403542183879E+00  0.1095085270973072E+00 -0.4262763793814450E-01  0.2726590615248967E+00 -0.4394709253910823E-16  0.1836702941183595E-15 -0.4104004504076968E-18  0.1048925811627280E-17
-0.5014210353254204E-02  0.4018570369751255E-02 -0.7487928154993623E-03  0.4103420553005451E-02 -0.3925197004547933E-16 -0.3889227183002408E-16  0.4804564104866941E-19 -0.2743826986074040E-18
 0.6605124159363597E-03 -0.5293586501272536E-03  0.9846629713181790E-04 -0.5396033607587505E-03  0.5163010962708911E-17  0.5113739377553748E-17 -0.6325300689864328E-20  0.3612480658523228E-19
-0.1587798035424888E+00  0.1272519292519002E+00  0.9082535952081315E+00  0.8182044302410692E-01 -0.7792888089457265E-16  0.2185833074950278E-15  0.8196387364350252E-18 -0.4962333670871410E-17
 0.2362926712402733E+00  0.2948364507029604E+00 -0.6408302245664371E-08  0.3144302634581851E-07 -0.2351030296769430E-15 -0.6089113693516425E-16 -0.1233173288981651E-16  0.3588281450593827E-16
 0.1924003206835105E+00  0.2400693486034966E+00 -0.5217929317864822E-08  0.2560235132973625E-07 -0.1914271618688115E-15 -0.4958400990560604E-16 -0.1004118590242228E-16  0.2921803259297709E-16
-0.4262313603236998E+00  0.3415973278590730E+00 -0.3461732253456867E+00  0.2427455496221980E-01 -0.1756180714944019E-15  0.6409009313720945E-15  0.2475584478070339E-17 -0.1470518766213063E-16
 0.3189321668690299E+00  0.3979506753260826E+00 -0.8649503244195752E-08  0.4243972048622265E-07 -0.4407867066179928E-15 -0.1320660148318211E-16 -0.4175830460143341E-17 -0.1517073944882156E-16
-0.3880074332256287E+00 -0.4841400025576749E+00  0.1052283770548679E-07 -0.5163143851294009E-07  0.5362669716271644E-15  0.1605856287236908E-16  0.5079127930811353E-17  0.1846213829809879E-16
 0.5188375065706738E+00 -0.4158152873003529E+00 -0.1010378127128297E-02  0.9801722240285457E-01  0.1243228139084571E-15 -0.7629098077019061E-15  0.2837620811975771E-17 -0.1231849096269915E-16
 0.4481914327157364E-01 -0.3591979556746294E-01 -0.6493469469193951E-01  0.9392424085417230E+00  0.2717371828739225E-16 -0.6369913611620009E-16 -0.5374235210294078E-18  0.3117237013655800E-17
-0.2185321669009070E-03  0.1851657701127231E-17
 0.4372854419829111E-03 -0.5864917208684626E-18
-0.9829189413244998E-03 -0.3450257750247195E-17
 0.2573450755407270E-02  0.1275768848672060E-17
 0.1218141219311204E-02  0.1840022077996644E-17
 0.5075524034848554E+00 -0.3068942874062731E-16
 0.2180857512293568E+01 -0.3702523438800149E-15
 0.5284889471080697E+00 -0.4554289079272862E-19
 0.2646445249202584E-02  0.7537894646439197E-18
 0.2730364784351602E-02  0.5986026626694066E-18
-0.1096093396619214E-02 -0.2322193556428885E-17
 0.5265983058474940E-03 -0.7460928473322367E-18
-0.2922209334077806E-03  0.2278347376204410E-17
 0.1816109333266780E-03 -0.7594332678511211E-18
-0.1236354523627905E-03  0.2451030948509734E-18
 0.9079994146167622E-04  0.1966446938030673E-19
-0.7077638463715881E-04 -0.1029098582781677E-17
 0.5779089591263925E-04 -0.3010727609953920E-19
-0.4918426858912576E-04  0.8955063339660909E-18
 0.4348492448551153E-04  0.2779658976113306E-17
-0.3985749607702127E-04 -0.1827720982601291E-17
 0.3783754505081137E-04 -0.5417213378360825E-17
-0.3720344546834171E-04  0.2838094803824006E-17
 0.3792206024575439E-04 -0.3033438414708644E-17
-0.4013714289677844E-04  0.2274357836601888E-17
 0.4409828113148700E-04  0.4400097825209823E-17
