-5.6840227178417688e+00
-5.6851845322537073e+00
-5.6862970511491753e+00
-5.6873622475261101e+00
-5.6883820760390718e+00
-5.6893583557056164e+00
-5.6902928545217097e+00
-5.6911872554267351e+00
-5.6920432260473159e+00
-5.6928623200655304e+00
-5.6936460481247098e+00
-5.6943958491253088e+00
-5.6951131485473887e+00
-5.6957992756324130e+00
-5.6964555105797494e+00
-5.6970831210212962e+00
-5.6976832894676557e+00
-5.6982571651716460e+00
-5.6988058429451751e+00
-5.6993304057085066e+00
-5.6998318637889325e+00
-5.7003111894066736e+00
-5.7007693432379680e+00
-5.7012072213941938e+00
-5.7016256933032317e+00
-5.7020255862674549e+00
-5.7024077165078975e+00
-5.7027728449787487e+00
-5.7031217090295527e+00
-5.7034550095913135e+00
-5.7037734371196187e+00
-5.7040776348418518e+00
-5.7043682198593526e+00
-5.7046457993837354e+00
-5.7049109387573749e+00
-5.7051641845928094e+00
-5.7054060555981563e+00
-5.7056370615333210e+00
-5.7058576766685096e+00
-5.7060683552289708e+00
-5.7062695432823087e+00
-5.7064616556697043e+00
-5.7066450928940711e+00
-5.7068202345761723e+00
-5.7069874532774376e+00
-5.7071470953711660e+00
-5.7072994923130125e+00
-5.7074449693100755e+00
-5.7075838287013410e+00
-5.7077163622349953e+00
-5.7078428463912889e+00
-5.7079635524105079e+00
-5.7080787325182802e+00
-5.7081886301313212e+00
-5.7082934759900947e+00
-5.7083934964804364e+00
-5.7084889022225331e+00
-5.7085798948571638e+00
-5.7086666722407262e+00
-5.7087494185426326e+00
-5.7088283115921286e+00
-5.7089035201012770e+00
-5.7089752096329445e+00
-5.7090435344135750e+00
