 0.1000000000720078E+01  0.5082724123297665E-18
-0.4373654105262336E-02  0.3765605086364042E-01  0.8942238454830855E-32  0.1910109499233189E-32
 0.8795193025075899E-01  0.6283506784951877E-01 -0.2235653066845676E-31 -0.3355832230119281E-32
-0.7838854625677103E-02 -0.2004971470566533E-01  0.4868387440158735E-32 -0.2216978775751356E-33
 0.2104865391539336E+00  0.1470571810489768E-01 -0.7735742269697936E-31 -0.5684450593844671E-32
-0.1298555042744982E+00 -0.3870821760621605E-01  0.3756759097805329E-31  0.8354384958110130E-32
 0.2755107718269267E-15  0.1267458022351164E-14 -0.1264676983683697E-45 -0.6370882889845841E-47
 0.4940437681197526E-17 -0.3119784470078950E-15  0.2262527480184943E-46  0.1326052768306605E-46
-0.1214937034061627E-01 -0.7276213378006739E-01  0.6724209904533758E-32  0.2111064400968820E-32
 0.3155279693076956E-15 -0.3023346125079718E-16 -0.2098161367988786E-46 -0.2926675387705264E-46
-0.5410863667096464E-16 -0.6592917662229376E-15 -0.2925505393625369E-47 -0.2018160564954363E-46
-0.2732729226720565E-15 -0.3502730772048226E-16  0.2720386875420388E-46  0.1465477851765513E-46
 0.5567927400332481E-16 -0.6856922388295408E-15 -0.1023148012313483E-47 -0.2240591287594026E-46
 0.1145383051487105E-01  0.7449869241274802E-01  0.3902933908798425E-33 -0.4079110713844327E-32
 0.1090635589603858E-15  0.9356570190985324E-16  0.2453952455317286E-47 -0.1160643852784858E-46
-0.7285506760249359E-16  0.7385026158733534E-15 -0.6105566172197740E-47  0.1318578441808503E-46
-0.6857135127104470E-01  0.1423815766223452E+00  0.1324744854414068E-31 -0.4584148700553904E-32
 0.4838839087733083E-16 -0.1329380296960455E-15 -0.1478864753023487E-46  0.1339633695215771E-47
 0.1410814907405477E-16 -0.4662553743813449E-16  0.2131766954412027E-47  0.1141545652361089E-47
-0.1763103005926904E-02 -0.6686451923581686E-01  0.1099720954588027E-31 -0.3625118003055427E-34
-0.1317196351289713E-01  0.5571519957414900E-01  0.8237002308920453E-33 -0.1135895129735800E-32
-0.1654819994964412E-16  0.4492575759510721E-15 -0.3109040232449940E-48  0.5517750719585984E-47
 0.7286302600218953E-02  0.7448564918583021E-01 -0.7744287375181156E-32  0.1120953366800270E-33
-0.2173304031014105E-16 -0.5172477539753331E-16  0.4349424123024553E-47  0.1425827304852001E-47
 0.2871805066432484E-16 -0.3018549516303373E-15  0.5653465820365735E-47  0.8140687768268465E-47
 0.4669245769450393E-01  0.7159061825783503E-01 -0.8167774808985376E-33 -0.2578496578985451E-32
 0.7112177466169538E-16  0.1653331875133532E-14 -0.2429840717937674E-46 -0.1240227798891786E-46
 0.1040906014691808E+00  0.2824957802687613E+00 -0.1163320468754597E-31  0.3978600450992185E-33
 0.9277889223938746E+00  0.1407917376502956E+00  0.2950519141169770E-31  0.1152429672407139E-32
-0.2645696184470297E-15 -0.5399436899976260E-15  0.1518530643422503E-46 -0.2304519493166635E-46
-0.6484064416437673E-16 -0.6889304724213889E-15  0.2295496099748521E-46 -0.2890546737524035E-46
-0.1029493443869048E-01 -0.5089785498060629E+00  0.7943731433233628E-32 -0.1121247565164681E-31
 0.2278003735668640E+00 -0.7645041430531706E+00 -0.8915441747342564E-32  0.5471824297382310E-32
-0.1091386768291130E-04 -0.8460690407500295E-16
 0.1351596589177743E-04  0.2131250988156472E-16
-0.1374389427888306E-04 -0.5933098215086308E-17
 0.2451902667047521E-05  0.1310446535677611E-17
 0.5779855257707759E-04 -0.2153482597605328E-17
-0.3546217434152978E-03  0.1247783252738390E-16
-0.3299441918681029E-02 -0.8653127941668875E-17
-0.1994843476493934E+00 -0.5015555569987415E-17
-0.1348084534802251E+01  0.7450765161809282E-16
-0.1800923937311501E+01  0.6485984440171570E-16
-0.4386325740127153E+00 -0.6065666523768587E-17
-0.1445887209524129E-01  0.3220803344119169E-17
-0.1675533020506515E-02  0.9619959390583998E-18
 0.6413607604778403E-03 -0.1487115531926381E-17
-0.3055398169183501E-03 -0.4492464880430574E-18
 0.1631640619725168E-03 -0.5428868424448012E-17
-0.9568091718974010E-04  0.5281206749142654E-17
 0.6053239939216440E-04 -0.1065617141652192E-17
-0.4076288262118762E-04 -0.2530215642154500E-18
 0.2892495944342838E-04  0.5240757397866157E-18
-0.2146379665664056E-04 -0.1506664533615739E-17
 0.1655959625141970E-04 -0.3816678455848059E-18
-0.1322421575784849E-04 -0.1132967965775418E-17
 0.1089382522498501E-04  0.1840023313193708E-17
-0.9202039116253093E-05 -0.2258278926575136E-17
 0.7927307201508193E-05  0.7287172255686261E-18
-0.6953509447062795E-05 -0.1743009579979565E-17
 0.6201945104539275E-05  0.1633502932028826E-17
-0.5618147686920871E-05 -0.4806588367954700E-17
 0.5163650714860376E-05  0.6598177154379755E-17
-0.4810721180898987E-05 -0.1219302242740223E-16
 0.4538850233769174E-05  0.1197598928837252E-16
-0.4332249029509090E-05 -0.1280655265054336E-16
 0.4177817812419539E-05  0.2744527545626941E-16
-0.4063093319880553E-05 -0.5273788357003146E-16
 0.3973474439324812E-05  0.2088800338686152E-15
-0.3887082683468451E-05 -0.1401769631922799E-14
 0.3757246915961717E-05  0.2089034171547288E-13
