 0.9900213942829972E+00 -0.2458469689145210E-18
 0.0000000000000000E+00  0.0000000000000000E+00
-0.4057509635484331E-01  0.8524187736926534E-19
 0.4057509635484274E-01 -0.8524187736926441E-19
 0.0000000000000000E+00  0.0000000000000000E+00
-0.1286133030616030E+00  0.5556081823514478E-19
 0.0000000000000000E+00  0.0000000000000000E+00
-0.1059832571553513E-02  0.2714957384584884E-20
 0.0000000000000000E+00  0.0000000000000000E+00
 0.3218646652042180E-02 -0.2101640670063954E-20
 0.1059832571553459E-02 -0.2714957384584874E-20
 0.0000000000000000E+00  0.0000000000000000E+00
-0.3218646652042223E-02  0.2101640670063964E-20
 0.0000000000000000E+00  0.0000000000000000E+00
-0.7849947213952978E-03 -0.7723910554109916E-22
-0.4152410444105597E-02  0.3805676013844030E-01  0.8204551111478410E-01 -0.3020231312761369E-21  0.1712543232458639E-21  0.8669825960333183E-21
 0.8823744569352658E-01  0.7327455510223570E-01  0.1740931232626003E+00 -0.6496545957998686E-21 -0.1249825691109369E-19  0.2968854744212948E-19
-0.7617888272956986E-02 -0.1353133188496767E-01  0.4679001116161036E-03 -0.2230729921359141E-21 -0.9140076629053241E-20  0.2284325148325039E-19
 0.2102046119926923E+00  0.1273331725101288E-01 -0.7084128455237530E-01  0.3833538979631463E-21 -0.7123690686230962E-21 -0.1994170782362647E-20
-0.1293304122848881E+00 -0.2714630543609883E-01  0.1251007745346964E+00 -0.5495540228447315E-21 -0.1346618650796262E-19  0.3605099050639013E-19
 0.2756234304996497E-15  0.1308211560180458E-14  0.5361318267460119E-15 -0.7911850128391768E-35 -0.2959034959166026E-34  0.7749042787179779E-34
 0.5083728407360765E-17 -0.3243845499189370E-15  0.9232227170205592E-17  0.2338995830679750E-35  0.9510125659140469E-36 -0.1411431068055941E-34
-0.1220646568733864E-01 -0.7612477307193521E-01 -0.7479000549237562E-01  0.5191088158860332E-21  0.3122083080850770E-20 -0.5577217082466129E-20
 0.3174062336472072E-15 -0.1200734004426552E-16 -0.1389038409168470E-15 -0.1499352712864002E-36 -0.1396889529425110E-34  0.3548892113563457E-34
-0.5437038212878272E-16 -0.6375593791047403E-15  0.2145963142607129E-14  0.2085841450995204E-35 -0.3994979383212765E-34  0.2397205995779663E-34
-0.2742394942904095E-15 -0.4036248754753525E-16  0.2726737526692259E-15  0.1256730775134285E-36  0.6549046482709312E-35 -0.2612796005420597E-34
 0.5578017261382105E-16 -0.6654775579625921E-15  0.7848968007135116E-15  0.2461508916045558E-35 -0.3876286491064346E-34  0.5303912242698147E-34
 0.1145678853766419E-01  0.7726690171184251E-01 -0.1730802224427916E+00 -0.7325601182083987E-21 -0.1179704628193080E-19  0.2513448568044533E-19
 0.1094545044872446E-15  0.9306075516172176E-16  0.6492077158405941E-16 -0.5858976476840610E-36  0.2941657738405919E-35  0.9399385196635323E-35
-0.7270333540936080E-16  0.7378659098620246E-15 -0.6133408654316379E-15 -0.4510582561825748E-35 -0.2266872063178926E-35  0.1897272847812409E-34
-0.6844824821811310E-01  0.1470690783843898E+00  0.2722427239521535E+00 -0.9278069050265477E-21  0.2512188813420709E-21 -0.1774726072988277E-20
 0.4836801961003424E-16 -0.1289371300756776E-15  0.2359724508818191E-16  0.1939216818248631E-36 -0.2097677186745807E-34  0.3337060441898696E-34
 0.1385655648778855E-16 -0.4633416894051576E-16  0.1603990942409966E-15  0.5059779733659902E-36  0.5455343916812139E-35 -0.1676210755917174E-35
-0.2233161241504844E-02 -0.8193569606166137E-01 -0.3133862100357577E+00  0.1072765972809890E-20  0.1401957316479757E-19 -0.3754070693679820E-19
-0.1337724754176630E-01  0.4831670547644614E-01 -0.3892732234249283E-01  0.9830554477920037E-22  0.1017805486683431E-19 -0.2581627268665849E-19
-0.1656725642835448E-16  0.4277697794503865E-15 -0.4248794806251606E-15 -0.1380897221761450E-35  0.3390957508262677E-34 -0.7765951211902554E-34
 0.7545119677832852E-02  0.8155061931812448E-01  0.1487463232690259E+00 -0.7378898877578695E-21 -0.6545780797260121E-20  0.1973709362148736E-19
-0.2156275464173010E-16 -0.6748523953416791E-16 -0.4263410733925747E-15  0.1233520266154093E-35  0.3244424696541454E-34 -0.8955532416733198E-34
 0.2910595583533541E-16 -0.2997588354062777E-15 -0.3628266372457230E-15  0.2795286541496200E-35  0.2209874795801392E-35  0.3989618040905641E-35
 0.4657596268968227E-01  0.6920185506207299E-01  0.4421726332880494E-01 -0.3373956970871121E-22  0.5154508587947913E-20 -0.2110756578491156E-19
 0.6896845110221132E-16  0.1587796216750321E-14 -0.2020488120167518E-14 -0.6069711223436682E-35  0.9014549208937147E-34 -0.1884080460352461E-33
 0.1046593322204776E+00  0.2982339260703896E+00  0.6582650756482624E+00 -0.2065341165567782E-20 -0.1626316057061240E-19  0.2728842440419098E-19
 0.9278575393478193E+00  0.1412618505365308E+00 -0.1556970540187202E+00  0.9023795998127702E-21 -0.1061132381811714E-19  0.1436247171883066E-19
-0.2647993051959982E-15 -0.5285936793535631E-15  0.1546076083922806E-14 -0.1091942521847629E-35 -0.1085456890103497E-33  0.1983259464946176E-33
-0.6817986563441031E-16 -0.7740323903169075E-15  0.2182741766637956E-14  0.8054653037703426E-35  0.1089320645093636E-33 -0.3152616693904909E-33
-0.9588685791974864E-02 -0.4909389333594696E+00 -0.1964827277684523E+00  0.1866238818663227E-20 -0.2492780498053287E-19  0.7886859613108591E-19
 0.2277845617533734E+00 -0.7670065928292714E+00  0.4611485295078467E+00  0.5829271336827993E-20  0.2576109706733904E-19 -0.4479533559299335E-19
-0.1475554227326263E-04 -0.9396672671170578E-18
 0.1989292349624978E-04 -0.2239554120555893E-17
-0.2487100165911789E-04  0.4047840613183404E-17
 0.2329075707881552E-04 -0.3397195576058422E-17
 0.1490568525588318E-04 -0.8206586137522885E-18
-0.2521568633188682E-03  0.8867790611300679E-17
-0.2964328946825529E-02  0.3291664336090396E-17
-0.1847038026228527E+00 -0.7331998378832674E-17
-0.1307445817160360E+01  0.7023819995166404E-16
-0.1827046860567933E+01  0.5529713082964162E-16
-0.4595428522712418E+00  0.8502784650056989E-17
-0.1588851483276333E-01  0.8916558559425943E-18
-0.1753936491204436E-02  0.2396592792120206E-18
 0.6764660314279822E-03 -0.2106063937665995E-17
-0.3253547991187170E-03  0.5982400309623595E-18
 0.1750946625581089E-03 -0.2822440075290116E-17
-0.1033678489905436E-03 -0.2906497325619646E-17
 0.6579137576004444E-04  0.4020754386101182E-17
-0.4455198562779751E-04 -0.4686513808125511E-18
 0.3178025239138925E-04 -0.1003438076125887E-17
-0.2370175204918867E-04  0.1540074464088668E-17
 0.1837624700334414E-04 -0.3048755224773137E-17
-0.1474640500880110E-04  0.1918703695781239E-17
 0.1220707777313276E-04 -0.3285778620435266E-17
-0.1036226444621466E-04 -0.9468996560808954E-18
 0.8971785988056381E-05  0.1294524185960057E-17
-0.7910724333454368E-05 -0.2464231529380156E-18
 0.7094354141730649E-05 -0.2420490724854154E-17
-0.6464115626444596E-05 -0.8737802874137095E-19
 0.5978847576061970E-05 -0.2942303887723693E-17
-0.5609198239782512E-05  0.4408159148842563E-17
 0.5333940299506729E-05 -0.3282094051467611E-17
-0.5137405492757698E-05  0.3210907746277348E-17
 0.5007496800671905E-05  0.6959218363429479E-17
-0.4933789540388664E-05 -0.2815852465321876E-17
 0.4905029025820707E-05  0.1046406501867808E-16
-0.4904296719306355E-05 -0.2674805096979692E-16
 0.4890758907261147E-05  0.4738070627451941E-15
