 0.9900260745689493E+00 -0.3851285795421508E-04
 0.0000000000000000E+00  0.0000000000000000E+00
-0.3945005753198421E-01 -0.2957635579120121E-05
 0.3945005753198361E-01  0.2957635579112636E-05
 0.0000000000000000E+00  0.0000000000000000E+00
-0.1275854824020073E+00  0.7790724751611134E-05
 0.0000000000000000E+00  0.0000000000000000E+00
-0.1049020633299996E-02  0.7579086664871431E-07
 0.0000000000000000E+00  0.0000000000000000E+00
 0.3310187361216862E-02 -0.7311006096233078E-06
 0.1049020633299655E-02 -0.7579086664864101E-07
 0.0000000000000000E+00  0.0000000000000000E+00
-0.3310187361216882E-02  0.7311006096233612E-06
 0.0000000000000000E+00  0.0000000000000000E+00
-0.8918642252624001E-03  0.7934071351889562E-06
-0.2418589936920955E-02  0.1330832789935491E-02
 0.0000000000000000E+00  0.0000000000000000E+00
 0.1197630757654943E-01 -0.7897453851994104E-02
-0.1197630757654995E-01  0.7897453851994293E-02
 0.0000000000000000E+00  0.0000000000000000E+00
-0.3062946069732010E-02  0.2022032082220474E-02
 0.0000000000000000E+00  0.0000000000000000E+00
 0.1825528998326179E-03 -0.1153899692861417E-03
 0.0000000000000000E+00  0.0000000000000000E+00
-0.1836681730432400E-04  0.1249512311866427E-04
-0.1825528998326321E-03  0.1153899692861467E-03
 0.0000000000000000E+00  0.0000000000000000E+00
 0.1836681730431565E-04 -0.1249512311866166E-04
 0.0000000000000000E+00  0.0000000000000000E+00
-0.2829078484833686E-04  0.1861697229555995E-04
-0.4167734450993637E-02  0.3819043747115806E-01  0.8933498581383682E-01  0.2130872712971944E-07  0.6818565053329235E-06  0.2676234979972164E-04
 0.8823582327048031E-01  0.7308041756895665E-01  0.1744550246816161E+00 -0.3027190298891048E-07 -0.9800361170944679E-06 -0.2282373558385555E-04
-0.7628518913888623E-02 -0.1374538633006312E-01 -0.4243025573030483E-03 -0.1334392564536823E-07 -0.2431582526971757E-06  0.7364549738609486E-06
 0.2102257892991083E+00  0.1246415590483300E-01 -0.7872384180995144E-01 -0.6976149283406163E-07 -0.2291107896126082E-05 -0.6823126627058728E-04
-0.1293735589919749E+00 -0.2757652540385519E-01  0.1250073268193755E+00 -0.1859024345892205E-07 -0.4075277099223161E-07 -0.2312498932200069E-06
 0.2759647515411592E-15  0.1311533355877773E-14  0.6254461663648061E-15  0.2458277845466073E-21 -0.3333262464873948E-20  0.9742163669182877E-18
 0.4967229249869559E-17 -0.3255513253173480E-15 -0.2426485747422995E-16  0.2674013833220942E-22  0.3939777948204995E-20 -0.4046252323297934E-18
-0.1222349104064431E-01 -0.7636385212023711E-01 -0.7811250997030603E-01 -0.2573964370660422E-07 -0.5770458556373869E-06 -0.1711264373365529E-04
 0.3174140221233624E-15 -0.1163394288853115E-16 -0.1289110162867384E-15 -0.3056622316250116E-21 -0.8739824206242670E-20  0.1433474969043242E-18
-0.5436926229239516E-16 -0.6366445376472770E-15  0.2097125736507182E-14  0.1604553764417297E-20  0.4752935610927508E-19 -0.5996046751275463E-18
-0.2742507952817987E-15 -0.4047703894085318E-16  0.2612550066987220E-15  0.3040994939357402E-21  0.8842026932351659E-20 -0.1567780906167415E-18
 0.5575350076951846E-16 -0.6663905796386509E-15  0.7542477546314825E-15  0.6594324448747723E-21  0.1748301230875439E-19 -0.2589595102715699E-18
 0.1145408700685477E-01  0.7697259792351789E-01 -0.1660563922719847E+00 -0.6524091970560752E-08 -0.1422750714787128E-06  0.2589133598315212E-04
 0.1094499503586109E-15  0.9312442910077289E-16  0.5429411172444918E-16 -0.2269462154031904E-21 -0.6499098424795999E-20  0.3626552178113469E-19
-0.7270561651065043E-16  0.7380334215154403E-15 -0.6030663385559905E-15 -0.4292181617778268E-21 -0.1008518908912461E-19  0.8853982788697927E-19
-0.6845832710821796E-01  0.1471518832096389E+00  0.2650238108906056E+00  0.1091992564680150E-07  0.5315505847458753E-06 -0.3043992232619190E-04
 0.4834040803891080E-16 -0.1297205356060783E-15  0.2142442633935612E-16  0.1555323709925020E-21  0.4803632061679633E-20 -0.4086557145727942E-19
 0.1387475506664999E-16 -0.4627596940713603E-16  0.1652734598804430E-15  0.5016991961481546E-23 -0.7125444824271964E-22  0.4193104380238229E-19
-0.2281276528005641E-02 -0.8213923353369203E-01 -0.3251005003838212E+00 -0.3286594129473633E-07 -0.1155958463255852E-05 -0.5032737348387228E-04
-0.1339849510231479E-01  0.4860629934662929E-01 -0.4238050664411188E-01  0.2391807223264831E-07  0.5125873571256081E-06 -0.1253761121778941E-04
-0.1664780849400799E-16  0.4281510556503122E-15 -0.4400924209227623E-15  0.4900128515466889E-23  0.9601746189558293E-21 -0.9459005904963908E-19
 0.7569966206529001E-02  0.8222331666246334E-01  0.1655149240829594E+00  0.8617427908921649E-07  0.2160379354599353E-05  0.8956887990984209E-04
-0.2151501185661269E-16 -0.6610621199862726E-16 -0.4167060739794981E-15 -0.3031683331809835E-21 -0.9632893639907663E-20 -0.3084782516443406E-19
 0.2917466072823875E-16 -0.2985528097001454E-15 -0.3193976899471608E-15 -0.8640127980466232E-21 -0.2370806038185873E-19 -0.2661650792324715E-19
 0.4655272803511101E-01  0.6885521315655040E-01  0.2221966474265661E-01 -0.7464701483517691E-07 -0.1901431518087013E-05 -0.1100942455480758E-03
 0.6899796154224949E-16  0.1590094176292226E-14 -0.2053761169800276E-14  0.7050687521523765E-22  0.5032949694366844E-20 -0.6979084238009867E-18
 0.1046402559169497E+00  0.2977433369095618E+00  0.6515860322667344E+00 -0.2337525721723320E-07 -0.5632428834015626E-06 -0.3160300090805316E-04
 0.9278484145568401E+00  0.1413132934537926E+00 -0.1530446187564959E+00  0.2448215796950506E-07  0.9053057388069809E-06  0.2197655644003256E-04
-0.2648811814864718E-15 -0.5308487183251464E-15  0.1537569818924585E-14  0.1209804690215254E-21 -0.6486480864082113E-20  0.1644984833828387E-18
-0.6813169865206342E-16 -0.7726188281211420E-15  0.2157191533791410E-14 -0.8549962583228554E-22 -0.7145466773226122E-20  0.2003461427999988E-19
-0.9595048712534318E-02 -0.4913321805968260E+00 -0.1989501344636795E+00  0.1866419379138918E-07  0.1026335492408497E-05 -0.1692967617330002E-04
 0.2277845676328349E+00 -0.7668422905035582E+00  0.4614139054923322E+00 -0.7008942939979391E-08 -0.4389796131064600E-06  0.3404807426068315E-05
-0.1455514933242883E-04  0.1580541548177169E-04  0.4180052321234174E-06 -0.1175196053753036E-03
 0.1961888876972698E-04 -0.2657364342283307E-04 -0.6039017020047422E-06  0.1905774897536640E-03
-0.2448115364301888E-04  0.2639174132074368E-04  0.8720707567575446E-06 -0.3173311614342417E-03
 0.2265837318832183E-04  0.3838907832620128E-04 -0.1221741238071470E-05  0.5547984497939825E-03
 0.1615421830671471E-04 -0.3791488604829934E-03  0.1331426725469222E-05 -0.1067846963849022E-02
-0.2544338185049227E-03  0.1830289084567890E-02 -0.2549911708813361E-05  0.2556508231961732E-02
-0.2953167052652380E-02  0.8882205582254641E-02 -0.5714257954827045E-03  0.1512787486112551E-01
-0.1846768428106562E+00  0.4673428989592054E+00 -0.6178821312560915E-02  0.4389793227788358E+00
-0.1306832294335062E+01  0.1403475607540273E+01 -0.1094902058902079E-02  0.9313968286588181E+00
-0.1827157122682393E+01 -0.8200851921063583E+00  0.3834071508855805E-02 -0.6153122167166882E+00
-0.4606965591709110E+00 -0.9192951903662908E+00 -0.9575363733951845E-02 -0.3798890498890881E+00
-0.1590094119456572E-01 -0.5739087740710373E-01 -0.1664387318225453E-02 -0.2143190287327777E-01
-0.1772831176383745E-02 -0.7139173115121820E-02  0.4902250876136027E-04  0.3338084210143389E-02
 0.6828055004904482E-03  0.2398741392409718E-02 -0.2914457718392278E-04 -0.2471431492473203E-02
-0.3270304223580982E-03 -0.8302096045550218E-03  0.1396229085505616E-04  0.1508242493143745E-02
 0.1752473172951291E-03  0.2593122992566234E-03 -0.7465287805395236E-05 -0.8800247228157522E-03
-0.1030919600223254E-03 -0.6302382330212687E-04  0.4330673329558176E-05  0.5202331345950083E-03
 0.6543754563700937E-04 -0.8157607389173516E-06 -0.2695498979721123E-05 -0.3196536679874447E-03
-0.4422196555352354E-04  0.1869175892098016E-04  0.1784822211683923E-05  0.2059382557442168E-03
 0.3149645071398011E-04 -0.2092852328629316E-04 -0.1247644740276764E-05 -0.1392879857261795E-03
-0.2346286762827600E-04  0.1819500876403809E-04  0.9145684884930222E-06  0.9873820226975723E-04
 0.1817516142456529E-04 -0.1422202620657637E-04 -0.6990772579150021E-06 -0.7317192550255935E-04
-0.1457570364836714E-04  0.1024681084333214E-04  0.5546410938801690E-06  0.5654273791908792E-04
 0.1206054361495198E-04 -0.6599653898748332E-05 -0.4550451712874080E-06 -0.4545953704640505E-04
-0.1023467393741014E-04  0.3569029216171312E-05  0.3833140567163972E-06  0.3766631458038922E-04
 0.8858836631792445E-05 -0.1222839333035992E-05 -0.3293740313413614E-06 -0.3184752194378777E-04
-0.7809145177091449E-05 -0.6647400695731193E-06  0.2881851100926953E-06  0.2742428380126502E-04
 0.7001594373198089E-05  0.2251855973829497E-05 -0.2563491954715118E-06 -0.2400602941699549E-04
-0.6378131254297941E-05 -0.3655065175467725E-05  0.2315176396130256E-06  0.2132285547899103E-04
 0.5897948058141151E-05  0.4965779990544072E-05 -0.2120259382775777E-06 -0.1918238487872763E-04
-0.5531930744658897E-05 -0.6261827511211722E-05  0.1966601217775053E-06  0.1744181961336899E-04
 0.5258996345895901E-05  0.7616571216688270E-05 -0.1844988878141081E-06 -0.1598868252714553E-04
-0.5063538289450396E-05 -0.9107362811868249E-05  0.1747962726713955E-06  0.1472599514643696E-04
 0.4933438911873661E-05  0.1082500962134745E-04 -0.1668782896303179E-06 -0.1355864458990742E-04
-0.4858160157227907E-05 -0.1288647371823115E-04  0.1600252407142138E-06  0.1237769474445467E-04
 0.4826219571043142E-05  0.1545483649901141E-04 -0.1532924460166120E-06 -0.1103847601466937E-04
-0.4820327254535055E-05 -0.1877789509413538E-04  0.1451397885087178E-06  0.9327767730100017E-05
 0.4799022735000707E-05  0.2332997057033608E-04 -0.1319842733715006E-06 -0.6946583172404547E-05
