 0.9895499607025836E+00 -0.2336962591726060E-15
 0.0000000000000000E+00  0.0000000000000000E+00
 0.1580375963348975E-01  0.6924798168062250E-14
 0.0000000000000000E+00  0.0000000000000000E+00
 0.2871989144857646E-01  0.1027070676818221E-14
-0.1580375963348796E-01 -0.6924798168062379E-14
 0.0000000000000000E+00  0.0000000000000000E+00
-0.2871989144857603E-01 -0.1027070676818259E-14
 0.0000000000000000E+00  0.0000000000000000E+00
-0.6293759425726778E-01  0.1540026558878404E-15
 0.0000000000000000E+00  0.0000000000000000E+00
-0.1374635094331689E-01 -0.5691316910141273E-15
 0.1374635094331704E-01  0.5691316910141385E-15
 0.0000000000000000E+00  0.0000000000000000E+00
-0.1193770935943081E+00 -0.5277931638163619E-15
 0.0000000000000000E+00  0.0000000000000000E+00
-0.1236538353650654E-02  0.1459745525364386E-16
 0.0000000000000000E+00  0.0000000000000000E+00
 0.9812844276327578E-03  0.1104259818469326E-14
 0.0000000000000000E+00  0.0000000000000000E+00
 0.0000000000000000E+00  0.0000000000000000E+00
 0.0000000000000000E+00  0.0000000000000000E+00
 0.0000000000000000E+00  0.0000000000000000E+00
 0.1522057039090217E-02 -0.1542985223330925E-15
 0.0000000000000000E+00  0.0000000000000000E+00
 0.6999126600456762E-03 -0.3429456154292226E-15
 0.0000000000000000E+00  0.0000000000000000E+00
 0.1341837457608219E-02  0.1406519095782205E-15
-0.2863894496698406E-02  0.1364661275486383E-16
 0.0000000000000000E+00  0.0000000000000000E+00
 0.2351154154907677E-02 -0.5570745926184843E-15
 0.0000000000000000E+00  0.0000000000000000E+00
-0.1576858718084322E-03 -0.8875437727319279E-16
 0.0000000000000000E+00  0.0000000000000000E+00
 0.2921724660253903E-03  0.6089565606448142E-16
 0.1236538353650354E-02 -0.1459745525364469E-16
 0.0000000000000000E+00  0.0000000000000000E+00
-0.9812844276326600E-03 -0.1104259818469370E-14
 0.0000000000000000E+00  0.0000000000000000E+00
-0.6999126600456725E-03  0.3429456154292348E-15
 0.0000000000000000E+00  0.0000000000000000E+00
-0.2863894496698371E-02  0.1364661275486208E-16
 0.1341837457608205E-02  0.1406519095782222E-15
 0.0000000000000000E+00  0.0000000000000000E+00
-0.2351154154907815E-02  0.5570745926185053E-15
 0.0000000000000000E+00  0.0000000000000000E+00
 0.1522057039090183E-02 -0.1542985223330810E-15
 0.0000000000000000E+00  0.0000000000000000E+00
 0.0000000000000000E+00  0.0000000000000000E+00
 0.0000000000000000E+00  0.0000000000000000E+00
 0.0000000000000000E+00  0.0000000000000000E+00
 0.1576858718084409E-03  0.8875437727318910E-16
 0.0000000000000000E+00  0.0000000000000000E+00
-0.2921724660253927E-03 -0.6089565606447892E-16
 0.0000000000000000E+00  0.0000000000000000E+00
-0.2799539922158050E-02  0.1637909391630276E-15
 0.0000000000000000E+00  0.0000000000000000E+00
-0.8864392073036588E-03 -0.4683705272609651E-16
 0.8864392073035978E-03  0.4683705272611606E-16
 0.0000000000000000E+00  0.0000000000000000E+00
-0.3665208813556026E-03 -0.6220319217736530E-16
 0.0000000000000000E+00  0.0000000000000000E+00
-0.1489188007324047E-03  0.3525676615607163E-16
 0.0000000000000000E+00  0.0000000000000000E+00
 0.2529970020516141E-03  0.4360669078244438E-17
 0.1489188007324147E-03 -0.3525676615607088E-16
 0.0000000000000000E+00  0.0000000000000000E+00
-0.2529970020516150E-03 -0.4360669078243251E-17
 0.0000000000000000E+00  0.0000000000000000E+00
 0.3798182641060103E-03 -0.2782433560196922E-16
-0.4570120054037223E-02  0.3970952988370534E-01 -0.2512883119635808E+00 -0.3033777158169296E-01 -0.7510243025660883E-16  0.4571673318688723E-15 -0.6300981870008618E-15  0.3742631562480822E-15
 0.8824594241846674E-01  0.7241728555642253E-01 -0.1516391762688836E-01 -0.1797834239286199E+00 -0.9865781281637159E-16 -0.1011696922333048E-14  0.1489920283348600E-14 -0.8388763948611741E-15
-0.7580336541501264E-02 -0.1589465673668771E-01  0.7019089839644001E-01 -0.2094403525581015E-01  0.6897524549227469E-16  0.2261537146799117E-15 -0.4583483894590002E-15  0.4865464242906193E-15
 0.2105255649134951E+00  0.1222853917280161E-01  0.1888959539039859E+00  0.3494402328829828E-01 -0.4080206928578136E-16 -0.2957405872187614E-14  0.1750910819314526E-14 -0.2787052224590779E-14
-0.1293147024288270E+00 -0.2808322299266560E-01  0.4191237114547400E-01 -0.1424242181743562E+00  0.1761960582513522E-15  0.6945293052807683E-15  0.1545885105592450E-14 -0.1246383026330615E-15
 0.2743211351840125E-15  0.1310322978258023E-14 -0.1172422697799001E-14 -0.2632285749641462E-15 -0.3494001193651760E-29  0.4129503881378259E-29 -0.7027929322223222E-29  0.7621879845361091E-29
 0.4632783660931345E-17 -0.3202671372947914E-15 -0.1491390638103584E-15  0.2488602806492368E-16  0.9429001239932796E-30 -0.2170918655154056E-29  0.7621505244758078E-30 -0.3496486188877638E-29
-0.1210539064368259E-01 -0.7456264854185402E-01  0.7483683099484473E-01  0.6547310647131646E-01  0.2108479746943782E-15 -0.9116579546146680E-15  0.2070113982443747E-14 -0.1730512925068770E-14
 0.3181070980597017E-15 -0.1089562157393546E-16  0.3850813895969353E-15  0.4486816717176496E-16  0.2144923847728694E-30  0.1883020970385161E-30  0.1713868283949675E-28  0.8514513481708269E-29
-0.5425106191057914E-16 -0.6566086731436615E-15 -0.1720239012355498E-15 -0.2232005028903359E-14  0.1644608695850767E-29  0.9597781681777756E-29 -0.8538615186699703E-30  0.1145501867658613E-28
-0.2742633824470214E-15 -0.4297680389633867E-16 -0.3849182118551146E-16 -0.2684314280855202E-15 -0.5897495632035812E-31  0.1687582853022299E-29 -0.8492410122006591E-29 -0.2518650496351878E-29
 0.5666736749068600E-16 -0.6748221513746182E-15  0.4869730417669621E-15 -0.9302115237799364E-15  0.1780390682969555E-29 -0.8543233931513903E-30  0.7984145293793059E-29 -0.1172500268456605E-29
 0.1120277073733875E-01  0.7794822784507949E-01 -0.1320547657607697E+00  0.1994363493711597E+00 -0.2444984652594617E-15 -0.1971954420276053E-15 -0.3157076580830517E-15 -0.5597589439252762E-15
 0.1099202893883046E-15  0.8872245801677266E-16  0.3259937742298925E-15 -0.1332522315786595E-15 -0.1329769807073650E-30  0.7023346903305770E-30  0.2233391332640687E-29  0.2681310226195151E-29
-0.7285371557121297E-16  0.7396370142258860E-15 -0.8619496131221694E-16  0.6459673691934221E-15 -0.2058698876057917E-29  0.4006419020285694E-29 -0.1577527981867971E-30  0.3773562592616577E-29
-0.6813016282354885E-01  0.1459401197544758E+00  0.1472610311984601E+00 -0.3067280163470418E+00 -0.3132187409463424E-15  0.1341786517676746E-14  0.1183189571168572E-14  0.1897666826751067E-14
 0.4831898712924867E-16 -0.1298413204075701E-15 -0.3952008149579107E-17 -0.3809722409092632E-16  0.3969861182282659E-30 -0.1926969321927774E-29  0.4668395253823873E-29 -0.4269526565290425E-29
 0.1357601917732994E-16 -0.4665649951215795E-16 -0.2038796886500413E-15 -0.1186845733359460E-15  0.1443170628700311E-30 -0.4838769848174396E-30 -0.4897399544045660E-29 -0.1071512553072184E-29
-0.1737034181113793E-02 -0.8094823945770302E-01  0.3237984064705182E+00  0.2620258881180679E+00  0.1398070628990255E-15 -0.1197946737825615E-14  0.1787420945321528E-14 -0.2442329806044907E-14
-0.1327493828809291E-01  0.4935299281585602E-01  0.3699581209302137E-01  0.4019924773034379E-01 -0.1385207827530680E-15  0.8158581583705250E-15  0.5902336827293693E-15  0.1031951641706929E-14
-0.1610623117771948E-16  0.4287263519902825E-15  0.4398555468698231E-15  0.3560013297712622E-15 -0.1349402632236045E-29  0.8383614844219972E-30 -0.1593713074584695E-29  0.2068328211789906E-29
 0.6808113946317784E-02  0.8438234102514697E-01 -0.5275549402558122E+00 -0.4060100580612889E-01 -0.1672432472586843E-15  0.2025644701079114E-14 -0.6120320825079712E-15  0.3157345104557567E-14
-0.1997330289925087E-16 -0.6402695555142495E-16  0.1002516354402417E-14  0.2282334117668344E-15 -0.1880040032267724E-30 -0.3266324427074137E-29  0.7159111230477559E-29 -0.7171841746682352E-29
 0.2526530585537166E-16 -0.2735196407090297E-15 -0.2567724258577985E-14  0.9777883289128384E-15  0.1741327059114095E-29  0.6600659806904622E-29 -0.1047716947654591E-28  0.5792234221551426E-29
 0.4745162446930402E-01  0.6142852359605096E-01  0.6302445360817699E+00 -0.1816082419573189E+00 -0.1984997010588180E-15 -0.3939173064902118E-15 -0.2631373931992251E-14  0.4260911068953647E-15
 0.6959957977936097E-16  0.1603650325459321E-14  0.4490416435638494E-15  0.2005185506108700E-14 -0.4330954118019502E-29 -0.6822417410962575E-30  0.1178846404094968E-29 -0.4568335872297283E-30
 0.1048345591317761E+00  0.2951568368285675E+00  0.4578811542025860E-01 -0.6866952439638462E+00 -0.7697046088862116E-15 -0.1042233780491120E-14  0.6028221574237135E-15 -0.1081861405086439E-14
 0.9277668523558059E+00  0.1410779143136441E+00 -0.1362231133979648E-01  0.1600780660432837E+00 -0.4669636108935251E-15 -0.9632059590547390E-14  0.3138276359385151E-14 -0.6686454630819243E-14
-0.2634986225354329E-15 -0.5519001342499530E-15  0.8347992055818385E-15 -0.1821781195793570E-14  0.4906749536941825E-30 -0.1382479385108393E-29  0.1566614605221899E-28 -0.7370052947317758E-29
-0.6897776360139705E-16 -0.7620768554398560E-15 -0.1038101897362877E-14 -0.1958916886550265E-14  0.1747357950954010E-29 -0.1877620126939153E-28 -0.4708527811269624E-29 -0.4649445494671990E-28
-0.9603157386556056E-02 -0.4986702679582624E+00  0.1987889517883283E+00  0.1416737325640469E+00  0.1406040683671461E-14  0.1100155417007229E-14 -0.1480321059814171E-14  0.3861607783696763E-14
 0.2277414162043556E+00 -0.7638581420774729E+00 -0.1612410339459626E+00 -0.4295569241352348E+00  0.1941975245458832E-14 -0.3401150441145276E-14  0.1195322772861728E-14 -0.3490631516102260E-14
-0.1355160400887619E-04  0.1806169199525171E-15
 0.1789166694420789E-04 -0.4290292744293649E-16
-0.2137367130373662E-04  0.1449333616390422E-16
 0.1672809158352256E-04 -0.5070395160857615E-17
 0.2845668152321283E-04  0.6090706024808479E-19
-0.2846143777751431E-03  0.5369652318671767E-17
-0.3054905672114080E-02 -0.1238899100920361E-17
-0.1892363619378035E+00 -0.1175406677094983E-16
-0.1320458098403831E+01  0.6127974418566055E-16
-0.1818962895303826E+01  0.6585344265837055E-16
-0.4525258684006557E+00 -0.7373446449634783E-17
-0.1537022346822738E-01  0.1205487275469692E-16
-0.1729780954955468E-02  0.5029833833552336E-17
 0.6658239276893877E-03 -0.3772499996848982E-17
-0.3192622986987233E-03  0.2454858564944491E-17
 0.1714031105872759E-03 -0.2742288845973837E-17
-0.1009810965988706E-03  0.1955580871168864E-17
 0.6415490899318434E-04  0.2665572648448072E-18
-0.4337108574410933E-04  0.5391624198059224E-19
 0.3088932019110501E-04 -0.1509356135877457E-17
-0.2300275559031530E-04  0.3698523564905331E-17
 0.1780834472507888E-04  0.3437838502759960E-17
-0.1427017054191669E-04 -0.5754184056998200E-17
 0.1179589329804858E-04  0.3661168101831084E-18
-0.9998744973619589E-05  0.1710264678521791E-18
 0.8644350757434445E-05  0.7106648317142302E-18
-0.7610504642052985E-05  0.2176649458517889E-17
 0.6814342920928319E-05  0.3692975561703762E-17
-0.6198572101207709E-05  0.3993202726546616E-17
 0.5722864193228991E-05 -0.3501066536299066E-17
-0.5358365951062753E-05  0.2752657952120318E-17
 0.5084067078548750E-05 -0.2512727649161089E-16
-0.4884252486992863E-05  0.3439741158378345E-16
 0.4746499088645386E-05 -0.4566161523427194E-16
-0.4659725042368085E-05  0.1201956043741814E-15
 0.4611588080051930E-05 -0.4826345218883216E-15
-0.4583426146630476E-05  0.3092800976157745E-14
 0.4529586765472886E-05 -0.4551069368226605E-13
