-7.1574652239281118e+00
-7.4158087063406208e+00
-7.5961492269770705e+00
-7.7231099674199379e+00
-7.8119615762031351e+00
-7.8735069042345209e+00
-7.9155580421929788e+00
-7.9437102025990329e+00
-7.9619306837021622e+00
-7.9730231485656562e+00
-7.9789790908579139e+00
-7.9812265964431779e+00
-7.9807985453296517e+00
-7.9784467319439170e+00
-7.9747212088528183e+00
-7.9700263188234679e+00
-7.9646605583859884e+00
-7.9588451634857158e+00
-7.9527446748560653e+00
-7.9464817185148853e+00
-7.9401478129660754e+00
-7.9338111434078442e+00
-7.9275222162057712e+00
-7.9213180856138949e+00
-7.9152254111906979e+00
-7.9092628774250153e+00
-7.9034431726776138e+00
-7.8977745834889976e+00
-7.8922623397511149e+00
-7.8869096715379854e+00
-7.8817185768707407e+00
-7.8766902714981644e+00
-7.8718254690215588e+00
-7.8671243835180160e+00
-7.8625866899043011e+00
-7.8582114755225883e+00
-7.8539971547528946e+00
-7.8499415230386109e+00
