 0.2663381938057983E-01   0.1329750589084375E+01
 0.6201805853770726E-01   0.4800270777283296E+00
-0.5665460439236567E+00   0.2271111999585388E+01
-0.2085223034225150E+00  -0.2793553460622924E+00
-0.4364305953693112E+00  -0.1883514620861579E+00
 0.1856054437401598E+01   0.2957327296996521E+01
-0.4289811167907032E-14   0.4454837325337426E-15
-0.4684831036263978E-14   0.2518265848395594E-14
 0.3204875450818465E-14   0.8007105770685041E-14
 0.5285334558596346E+00   0.2825780380459762E+01
 0.1123040137524147E-14   0.6189821325790541E-15
-0.1048226047493056E-14  -0.5105452040053268E-14
-0.9232013732622990E-15  -0.1770129445157130E-14
-0.5394786722380529E-15   0.5038829596626382E-16
 0.5285334558596325E+00   0.2825780380459751E+01
-0.2834063644591732E+00  -0.8258912551327637E-01
-0.2819986638221224E+00   0.1345174871583064E+00
 0.2725946158420520E+00   0.3941645735212646E+00
-0.4901487205006546E-14  -0.2819741583131012E-13
 0.9700785682949857E-15   0.8637298192451857E-14
 0.2828430954890709E+00   0.1291801622021267E+01
 0.4373131812041881E-01  -0.2439754486814931E-01
-0.6122026607646896E-01  -0.1416739744532083E+00
-0.1699253540582337E+00  -0.6882110716815407E+00
 0.1698823954620697E-14   0.8690482284069114E-14
 0.7638299574276890E-15  -0.1624593064531389E-14
 0.1534006690737049E-01   0.4202437153642573E+00
 0.1685617266514446E+01   0.1253455642082338E+02
 0.1127370570068019E+00   0.9745429151402625E-01
-0.1751189611352254E-01  -0.2686501665256713E+00
 0.5521940079119591E-01   0.1417546998313400E+00
 0.9091484970738241E-15  -0.5473700195474074E-15
-0.5383569698946695E-13  -0.1068034565385008E-13
 0.3626288807727101E+00   0.4924525482817622E-01
-0.3119496359879642E+00  -0.2097907270973182E+01
-0.9429068484924537E+00   0.1051418714745778E+01
 0.7256680184223098E-15   0.1341712746166141E-14
 0.4542487175089876E-15  -0.1590146634452998E-15
 0.1479786924964784E-14   0.7389542573547756E-15
 0.6577926376979799E+00   0.1250190130118055E+00
-0.7109475088949213E-01  -0.1351215425218144E-01
-0.1257082611612929E-13  -0.2973015050442517E-14
-0.7940946367983147E-15   0.1660727194416458E-14
-0.3925312795380022E-15  -0.4704620955828625E-15
 0.6898627007306850E+00   0.2234064458076789E+01
 0.7752795481334825E-14   0.5468383635389903E-14
-0.3430890700517645E-14  -0.2198440161568384E-13
 0.3510172673022264E-14   0.1128939033821016E-13
 0.7109475088949191E-01   0.1351215425218054E-01
 0.6577926376979792E+00   0.1250190130118050E+00
 0.3116624225504680E-13   0.4257722570881440E-14
-0.2604015449600121E-13  -0.1690291745107502E-12
-0.1284338464133550E-12  -0.9267882183650087E-13
-0.7775897981066038E-15  -0.7875644580934704E-15
 0.6898627007306842E+00   0.2234064458076791E+01
 0.1291320906825348E-15   0.4351584643041988E-15
-0.1264746939011088E-15  -0.7329404209036736E-16
 0.4047190181084692E-15   0.7175957312053227E-15
 0.1607989711914908E+00   0.1059493841694509E-01
 0.2454571710963839E-02   0.1617301150929053E-03
-0.3083565625545391E-14  -0.7241515050471464E-15
 0.1778697767481559E-14   0.2526052429590440E-15
 0.4787809305971887E-14   0.3501326717700737E-15
-0.5084531745597061E+00  -0.5000702094771162E-02
-0.6281912434182284E-01  -0.6178341338115173E-03
 0.5590350749257099E+00   0.1829316052912953E+01
 0.2131933139610792E-15   0.1321442422225726E-15
 0.2438492397493958E-15  -0.5555709276384823E-15
 0.5198135184751574E-15   0.2856997586617452E-15
 0.2454571710964470E-02   0.1617301150940375E-03
-0.1607989711914905E+00  -0.1059493841694524E-01
-0.1008571087414626E-14   0.4232118432126685E-16
 0.2145354812146296E-15   0.2837543605534562E-14
-0.3998869909196309E-13  -0.7674100648726387E-15
-0.6281912434182296E-01  -0.6178341338115438E-03
 0.5084531745597065E+00   0.5000702094770440E-02
-0.9141010160178958E-15   0.9448144306853368E-16
 0.5590350749257111E+00   0.1829316052912955E+01
 0.1193077772420787E-01   0.3279462162424006E+00
 0.1849453373920087E+00   0.3563023284176546E+00
 0.3612211588773561E-01  -0.1562416651844746E+00
-0.1071905651630295E-14   0.8967586084137183E-15
 0.4640360848050406E-15   0.8641448390178648E-15
 0.2746333443406909E-02  -0.2857155786332847E-02
-0.2288794630400375E+00   0.2922988696279612E+00
 0.2400821624873151E+00   0.1545864368512939E+00
-0.5063523692255655E-15   0.3227212729408756E-15
 0.1975117784846536E-13   0.1037412395590657E-13
-0.5790718905351840E-15  -0.4330887919337156E-15
 0.7987498814750814E-15  -0.1583896175339308E-14
-0.6459650872447933E+00   0.1717999778122056E+01
-0.2785589405298571E+00  -0.3300740387521732E+00
 0.1503763641747148E-01  -0.5358166246943607E-01
-0.4093899483184071E+00  -0.3597003043635492E+00
 0.6586062777762242E-14   0.6095636765762718E-14
-0.2398182546304116E-14  -0.1887484425909267E-14
 0.2847251115217173E+00   0.2694463375185247E+00
-0.2926331081337537E-01   0.1517582971376132E+00
 0.4639875668665545E-01  -0.6930459952497242E-02
-0.2608844697022233E-15   0.3032010912053639E-15
 0.5358739538751621E-14   0.5720659062641713E-15
 0.4138158922612937E-16   0.1424297868435118E-15
-0.1779016581835124E-14   0.1642211791583333E-15
-0.9569396456990638E-01  -0.1111602199688172E+00
 0.5951652515575377E+00   0.1357349294402197E+01
 0.1935851599997002E+00   0.5856858499073209E-01
-0.1338217518564215E+00  -0.3763761385016546E+00
 0.5696884221846624E-01   0.1307711939040694E+00
 0.3512607752797470E-14   0.4695271581422690E-14
-0.1288547077891341E-15  -0.1694819746394583E-14
 0.1826121738717069E+00   0.2809293319999462E+00
 0.4605737076662975E-01   0.2128296980665384E+01
 0.1546907824845258E+00  -0.3332978652154597E+00
-0.1953038518811484E-14   0.5157996966638776E-16
 0.9331344650666702E-14  -0.2553114063924954E-13
-0.2273753234715290E-14   0.3199453750576253E-15
 0.1344932563297999E-14   0.4925648814015208E-15
-0.2133422689975465E+00  -0.8150764460511187E+00
 0.5311558535701368E-01   0.1169816420438774E+00
-0.6689356268777920E+00   0.1853466033687550E+01
 0.2484372132326441E-14   0.1881677801094487E-14
-0.1418356493179513E-14  -0.3190537019640650E-14
 0.1057936963683670E-14   0.1231544617651482E-14
-0.4144698913483390E-01  -0.1706170610923926E-01
-0.1532966381707554E-01  -0.6310475724774823E-02
 0.2044870462663597E-14   0.3021794229213116E-14
 0.6266924539461644E-15   0.2107661788926217E-13
-0.5122074796000431E-14  -0.2583619263108596E-14
 0.1786364238588070E+00  -0.1628840754794787E-01
 0.8893307827956647E-01  -0.8109086558159482E-02
 0.3271897788259404E+00  -0.6836253370555417E-01
-0.1153691832087727E+00   0.2410506130109840E-01
-0.2880106973931833E-14  -0.8354632119148962E-14
 0.2502052783699089E-15   0.1460480485199379E-14
-0.8552999145087550E-14   0.1925344113399209E-14
 0.1902168881883270E+00   0.1585237979077011E+01
-0.2186986038618710E-14  -0.2531861632271946E-14
 0.4951357857104662E-15   0.1644571490829736E-14
-0.1820038243601557E-14  -0.1607976055264140E-14
-0.1532966381707535E-01  -0.6310475724774716E-02
 0.4144698913483329E-01   0.1706170610923869E-01
 0.2487861236979716E-16  -0.1274059810742857E-14
 0.1392359691928139E-14  -0.1577024694273770E-13
 0.1271292234223088E-13   0.1127568453181513E-14
 0.8893307827956526E-01  -0.8109086558159177E-02
-0.1786364238588075E+00   0.1628840754794854E-01
 0.1153691832087733E+00  -0.2410506130109825E-01
 0.3271897788259400E+00  -0.6836253370555510E-01
 0.2035076831975910E-14   0.5352509864729222E-14
 0.1571665148135564E-14  -0.1421366914725334E-14
 0.7055421287440147E-14  -0.5271128137142409E-15
 0.3543172699682628E-15   0.6765421556309548E-16
 0.1902168881883268E+00   0.1585237979077011E+01
-0.5404071697898447E-15  -0.3837103734133173E-15
 0.3166734266146966E-15  -0.9136738961259418E-16
-0.1121917122970689E-14  -0.2449889763061914E-15
-0.4065262168817727E-01   0.8251250637410366E-01
-0.6354368904965617E-03   0.1289744383021962E-02
 0.1038217346720731E-14  -0.1333952610446965E-14
 0.3153833488744512E-15   0.4639893991074230E-15
 0.1226776248285085E-14   0.6789074467958735E-15
-0.1322933149072643E+00  -0.8372909206618065E-01
-0.1639392548222904E-01  -0.1037579636574852E-01
-0.1820983066773629E+00  -0.4999164348086819E-01
 0.6664093162860805E-04   0.1829500645006401E-04
 0.6718477003408828E-16  -0.4331953377214775E-16
 0.1337518973660373E-14   0.1733964126252327E-15
 0.4260557129670055E-15   0.8083781584557362E-15
-0.1083482446569514E+00  -0.8323662581590492E-01
-0.3815970021206110E-01  -0.2931551588911351E-01
-0.1309543325064729E+01   0.7047764333814457E+00
-0.5240816391521858E-16  -0.2904573800784447E-15
 0.2331753826836845E-15  -0.9670982440876586E-16
-0.1246622994853856E-15  -0.3549383465515169E-15
-0.6354368904966499E-03   0.1289744383021843E-02
 0.4065262168817721E-01  -0.8251250637410336E-01
-0.2878741951588969E-15  -0.6868948061877016E-15
 0.7086006560169820E-15  -0.7048760186818662E-15
-0.1099014385397891E-13  -0.6515071820556280E-14
-0.1639392548222752E-01  -0.1037579636574853E-01
 0.1322933149072650E+00   0.8372909206618094E-01
-0.6664093162951813E-04  -0.1829500645020755E-04
-0.1820983066773632E+00  -0.4999164348086723E-01
-0.4632717734777622E-16  -0.7669474120575787E-15
-0.1039887648185997E-14   0.5781552519365056E-17
-0.1378243565647401E-14  -0.8719917495958557E-15
 0.3815970021206057E-01   0.2931551588911364E-01
-0.1083482446569520E+00  -0.8323662581590617E-01
-0.6590678659290986E-16   0.1006677481988055E-15
-0.1309543325064731E+01   0.7047764333814467E+00
 0.1168902911461093E+00   0.2482496689533892E+00
-0.2960690449811266E+00   0.1384558902742381E+00
 0.5758724823120143E-01   0.2090339937421957E+00
-0.5360582754041688E-14  -0.1906825269614877E-14
 0.1058637162625914E-14   0.1554974318111211E-14
-0.2713257327915806E+00  -0.1192734657211312E+00
-0.2033547704934857E+00  -0.6331676614626481E+00
 0.1301119851135357E+00   0.2163084492024515E+00
-0.1572277908486879E-15  -0.2369123243251023E-15
 0.1184718279145763E-13   0.1798910298576929E-13
-0.6236439799687126E-15  -0.1217640278391009E-15
 0.6843796682187762E-15  -0.2748166333058822E-16
-0.3592489258942330E+00   0.9557170750327601E-01
 0.4113272123451496E+00   0.3989436861200637E+00
 0.5759247319591378E+00   0.1097803659017643E+00
 0.4847315097994417E-14   0.8399159248817165E-15
-0.2880218408836035E-14  -0.1253534178249341E-15
-0.1684030178849044E-15  -0.1119883277043227E-15
-0.3803955239456923E-15  -0.8222354266099070E-15
-0.2021636855108858E+00   0.1345537789046650E+01
 0.6371802882662111E-01   0.1203797124745583E+00
-0.3834903884921399E+00   0.1952824170043040E+00
 0.2420554759244486E-01   0.6678820585562384E-01
 0.1105277896836707E-14   0.4914047201692162E-14
-0.1026290387945004E-14  -0.1338350615035567E-14
 0.7424169244120010E-01   0.2807751554550397E+00
-0.1838245618727083E-01  -0.6259880392184450E+00
 0.2914436510485354E+00   0.2089733824046368E+00
 0.1323433773166619E-14   0.1595415624150973E-15
 0.2325723429824800E-13   0.1669632132423536E-13
-0.5086790921504304E-16  -0.3377119102914842E-16
 0.8863166476887592E-15  -0.2758408710058836E-15
-0.1434845960947610E+00   0.1202270530213508E+00
-0.3351431547552977E-01  -0.1789389164433617E+00
 0.4899603107128686E+00  -0.1486253537224583E+00
 0.4164749566709177E-14  -0.8634172065290149E-15
-0.4219162857037755E-14   0.4172733989773898E-15
 0.5890918162523001E-15  -0.5498433876256107E-15
 0.5017832347411832E-15  -0.4426712585297270E-15
-0.4733029148298907E+00   0.2760888424140607E+00
-0.1321107611088079E+01   0.6894388629178781E+00
 0.1957297272640543E+00   0.4642326777957449E+00
 0.1726829381988750E+00   0.3723332932626652E+00
 0.1574547537285830E+00  -0.1216127655108726E+00
 0.8050838002030581E-15   0.2921578345231199E-14
 0.3165054344981103E-15   0.9864297421302181E-15
-0.7740670195294456E-01   0.1958661985495340E+00
-0.4100308464578281E+01   0.5731291959247707E+00
 0.2050520528877889E+00  -0.4822731558762942E+00
-0.1440431398718659E-14   0.1179905054705331E-14
 0.1574152374104536E-13  -0.3812162365392276E-13
 0.2271660587643462E-14  -0.2509281659447725E-14
-0.1292643307321134E-14  -0.4368473213031013E-15
 0.2495264191959255E+00   0.9350646805017545E+00
-0.7706731318382801E-01  -0.5709814024302786E-02
-0.8324440316494537E+00  -0.2792765884724959E+00
-0.7407546007865586E-14  -0.2182578623603806E-14
 0.7867346179643038E-14  -0.1031055791322894E-14
 0.3508159690899898E-15  -0.6454762374286476E-15
 0.1003966065454227E-14  -0.1575025317346142E-14
 0.2654658746241485E+00   0.3884821756674532E+00
 0.4525668416582781E+00   0.3710777175663683E+00
-0.5983897968686669E+01   0.5425344260000254E+01
-0.2830800731966773E-15  -0.8302366057950554E-15
-0.1920687932655845E-16  -0.7094762782044761E-15
-0.3648302070991594E-15   0.2611998812721827E-15
 0.4886350330164665E-15  -0.2218823983429467E-15
-0.1315603988065221E-15   0.1226542746027559E-15
 0.1033819284934186E-15  -0.2788002531008626E-15
 0.6491741424586974E-14  -0.6511170516410383E-15
-0.3373016096754123E-15   0.6280968088993108E-15
-0.4891563251118579E-15   0.1796780179116778E-15
 0.9234697998213933E-16  -0.1278572503580633E-15
-0.1708369925083744E-16  -0.7718995658065934E-16
-0.1444214053061801E-15   0.9577135728767781E-16
-0.2037122479194590E-15  -0.1609317947898485E-14
 0.1061783453864390E-15   0.4188056966985292E-17
 0.1168377188347719E-14   0.4366372978299478E-15
 0.2462628129775570E-15   0.7197905363913589E-16
-0.4421902678575857E-16   0.3548249146127246E-16
-0.2397111442852890E-15   0.6006629581316010E-16
-0.9239837543553330E-16   0.1073715269496670E-15
-0.5010361184954802E-15  -0.6859031589821184E-15
-0.6315959850701505E-15  -0.5892273062754714E-15
 0.7486912594726484E-14  -0.7318289205512837E-14
-0.1152011633065700E+01   0.8304683150891703E+00
-0.4066059295805343E-15   0.8884327675738987E-16
 0.2111163330954547E-15  -0.4109693424137803E-15
-0.2307717818204177E-15  -0.1872245262139023E-16
-0.2565758462005628E-15   0.3967758325426563E-15
 0.4326078814865711E-15  -0.6403604265322357E-15
 0.9769290805021913E-15  -0.4860887479149422E-15
 0.1555849678749608E-14   0.1223923370592736E-14
-0.9597790206037438E-15   0.4712212197541473E-15
 0.6131830437633612E-15  -0.3335282865393875E-15
 0.2442303770406584E-15  -0.3943371204184251E-15
 0.3459160912240563E-16   0.1561278604269173E-15
 0.1744454891217450E-15   0.6647506795524910E-16
-0.2793364323975119E-15  -0.4092078730380488E-15
 0.4100923915389725E-15  -0.2752778331993778E-15
 0.4619686758784500E-15   0.4218586686954045E-15
-0.5634656729881247E-16   0.9203644767500641E-16
 0.3057225579809973E-15  -0.5573681940502327E-15
 0.7702307906913938E-16  -0.7458862503661803E-16
 0.1622917959953690E-15   0.1142358398403789E-16
-0.7765552173855000E-15   0.2958167218390932E-15
-0.1175061949263047E-15  -0.1407093971084813E-15
 0.4700113926200272E-15  -0.1019955964734698E-14
-0.3469446951953614E-16   0.3989863994746656E-16
-0.1152011633065702E+01   0.8304683150891708E+00
-0.7066911514102277E-15  -0.7056332366979555E-15
 0.1755074126500073E-15  -0.1429972170122825E-14
-0.2656606165840262E-15  -0.1972633589305712E-16
 0.2607186721078743E-02  -0.2954285691149774E-02
-0.1987439399794294E+00   0.2252030410161721E+00
-0.7691355248553073E-15   0.8631737310061213E-15
 0.8875608768347992E-14  -0.1740151311769551E-14
-0.6047960881601372E-14   0.1407100720565978E-13
-0.8725129691587315E-02   0.2000263239890515E-01
 0.7188797427122182E-01  -0.1648054268621061E+00
 0.4504270575234872E-05  -0.2230328825673512E-03
-0.2098819892171897E-02   0.1039248958885420E+00
-0.5253001194671591E-15  -0.2138557294508281E-14
 0.1034247806615067E-16   0.4510168229705714E-15
 0.1666904045209776E-14  -0.3349038021230617E-15
 0.1252903762189607E-01   0.1915448560823753E-01
-0.3529096923756130E-01  -0.5395309542212735E-01
-0.1788745952687488E-03  -0.4013711660994623E-04
 0.7120633795597495E-01   0.1597776970849014E-01
-0.1128589216661189E-14  -0.4113767672336738E-15
-0.3239407396217626E-15  -0.1319065111661730E-14
 0.9655276815682743E-14  -0.9177553820499559E-14
-0.2526660518923464E-16   0.1054022594603519E-16
 0.7152939465728563E-16  -0.7950273593279417E-16
-0.1245547754310867E+01   0.8627925924347463E+00
-0.4106530870161208E-15   0.2406553768161185E-15
 0.3793160426380356E-15  -0.3201015154753525E-15
-0.4543286160203481E-15   0.1545518150176900E-15
 0.1987439399794292E+00  -0.2252030410161718E+00
 0.2607186721079167E-02  -0.2954285691150050E-02
-0.3675635901953379E-14   0.4130436265416317E-14
 0.5527016481746569E-16  -0.4985492684545784E-16
 0.3319325142797236E-15  -0.1378490798223852E-14
-0.7188797427122239E-01   0.1648054268621058E+00
-0.8725129691586838E-02   0.2000263239890519E-01
-0.2098819892172908E-02   0.1039248958885424E+00
-0.4504270574776312E-05   0.2230328825672225E-03
-0.6255594460419179E-16  -0.2387002708681397E-16
-0.4044598858364255E-16   0.1641284813536874E-15
 0.2660599060378839E-15   0.2774649839526522E-15
-0.3529096923756057E-01  -0.5395309542212770E-01
-0.1252903762189637E-01  -0.1915448560823740E-01
 0.7120633795597470E-01   0.1597776970849004E-01
 0.1788745952687978E-03   0.4013711661001664E-04
 0.2575598782210333E-15  -0.1083139095290183E-15
-0.1522661090083345E-15   0.1168474071411798E-15
 0.1303015388790075E-15  -0.3147564368652494E-15
 0.8222993754641206E-16  -0.4445482966023666E-16
 0.8070979720208880E-16  -0.4987368457866744E-16
 0.6716421860948683E-16  -0.3931823470068678E-16
-0.1245547754310863E+01   0.8627925924347430E+00
 0.1221646309933914E+00   0.1484447851384133E+00
 0.3123740236574414E+00  -0.2286782559975534E+00
 0.5094045234345147E-01  -0.4424955110860206E-01
 0.1082913516539443E-14   0.5791612589727236E-15
 0.3797012157205200E-15  -0.6473195536355465E-15
 0.8525564575499432E-01   0.2374462252273201E-01
 0.2710128085399756E+00  -0.1880887096850199E+00
-0.3071696179224216E-01   0.4323170061124975E-01
 0.7386445026338771E-16  -0.4979536656236430E-16
-0.2024703427871295E-14   0.3366582485301469E-14
 0.4254572376983744E-15  -0.2179585948449092E-15
 0.1105663212267503E-15  -0.6148138005565627E-15
-0.8683053249306166E-01   0.4895036539160045E-01
 0.2555355550137445E-01   0.1258914147972116E-01
 0.1195659015498807E+00  -0.2733678488582638E+00
 0.1077559250256543E-14  -0.2725920030615540E-14
-0.1321986875816916E-14   0.1954066866428006E-14
 0.6596558392896268E-15  -0.3902843463449698E-15
-0.2714027655383597E-15   0.1942145640192569E-15
 0.8067578346008172E-03   0.2821102616335199E-02
-0.2635450702822580E-01  -0.6284067874197831E-01
 0.4555359572235453E+00  -0.2883290110181969E-01
-0.2229076569331196E-16  -0.4596085247815092E-15
-0.1107590758388643E-15  -0.1918942566356361E-16
-0.1112492605527584E-14   0.1329720037349097E-15
-0.1272032626808788E-15   0.6460556565287503E-16
-0.1324940755002946E+01   0.7936043474208389E+00
 0.5663721531543073E-16  -0.5190534485542604E-16
 0.4017623826197581E-15  -0.8717738384872055E-16
-0.6498452384559074E-15   0.2100236236722455E-17
 0.4021211965531617E-01  -0.2536546817730431E-01
 0.5351889532027753E-03  -0.3375927078124445E-03
-0.6606610986898792E-15   0.4358985123097201E-15
 0.2558880367031939E-16   0.1130510122926609E-16
-0.6015186536127709E-15  -0.6900415897135409E-16
 0.5287137207080055E-01   0.1056320843926946E-01
 0.6427298115772471E-02   0.1284114390057835E-02
 0.8306464867914386E-01   0.7814307377015557E-02
 0.1624166665786887E-03   0.1527934898873402E-04
 0.2619632973154458E-15  -0.1057878468645646E-15
-0.3016557353759100E-15   0.3331667739986969E-15
 0.1056102256793177E-15   0.5152564686489829E-15
-0.2173541624957533E-01  -0.6686976946778540E-01
-0.7711861411287576E-02  -0.2372581177277410E-01
 0.5441784497644557E+00  -0.3355224026554802E+00
 0.1263183627419040E-02  -0.7788371734495881E-03
 0.5174702566867968E-15  -0.2000749866270030E-15
-0.5166417105371498E-16   0.1538765254572176E-16
-0.1947101745518927E-15  -0.1385718810676681E-15
 0.1974518817910602E-15  -0.1325659524494591E-15
-0.2489946270377468E-15   0.4886492771250030E-16
 0.3099685833663919E-04  -0.1369442522812089E-04
-0.1624644478276573E+00   0.7177686231440172E-01
-0.5886828777093071E-17   0.8506880204363545E-16
-0.1674295873573623E+01   0.3700507195211264E+00
-0.6973085971164060E-15   0.1554388099589020E-15
 0.9330082327139993E-16  -0.7521498096318070E-16
-0.1120323680030556E-15  -0.2813236975588710E-16
 0.5351889532030266E-03  -0.3375927078126060E-03
-0.4021211965531642E-01   0.2536546817730443E-01
 0.8803298242977795E-16  -0.9384796257642952E-16
 0.2875683873620743E-16  -0.1241934359367373E-15
 0.4151211583701397E-14   0.7658489150089876E-15
 0.6427298115770640E-02   0.1284114390058285E-02
-0.5287137207080023E-01  -0.1056320843926962E-01
-0.1624166665785012E-03  -0.1527934898861871E-04
 0.8306464867914415E-01   0.7814307377015408E-02
 0.3266972637444251E-15  -0.3321837693380559E-15
 0.5552289501422164E-15   0.7272248577389360E-16
-0.8614943788632431E-16  -0.1013488574379741E-14
 0.7711861411287654E-02   0.2372581177277408E-01
-0.2173541624957461E-01  -0.6686976946778560E-01
-0.1263183627418138E-02   0.7788371734494216E-03
 0.5441784497644546E+00  -0.3355224026554801E+00
 0.1406975044349913E-15  -0.1216937002281583E-15
-0.5980150910187784E-15  -0.2046665666994631E-16
-0.7550467659087133E-15   0.1207212781394136E-15
-0.2064629224533529E-15   0.3269980829867585E-15
-0.3233485633299226E-15   0.1558506944829604E-15
-0.1624644478276573E+00   0.7177686231440188E-01
-0.3099685833650053E-04   0.1369442522817063E-04
 0.5253227520432414E-15   0.3673697635454055E-16
-0.1185603886313634E-16   0.2073556253889166E-16
-0.1674295873573622E+01   0.3700507195211259E+00
 0.5353530103488773E-01   0.9220181620675426E-01
 0.1489018432928479E+00   0.1340064037124483E-01
 0.4499133430870308E-01  -0.3153563204977432E-01
-0.3507106617245876E-15   0.1123974670868634E-14
 0.5746694017784095E-15  -0.2124390886776491E-15
-0.5301436523170408E-02   0.5984854760563556E-01
-0.4199064192123387E+00   0.2880906252729028E+00
 0.3193785471783885E+00  -0.1838726790328963E+00
-0.4394644602515418E-15   0.4498471424384392E-15
 0.2540898276102984E-13  -0.1464639797839782E-13
 0.6373918860959395E-15  -0.2452067212897218E-15
-0.6193431896519519E-15   0.2171630598978218E-15
-0.1569737059426787E+00   0.2405119362819574E+00
-0.2216166701675765E-01   0.3727910426438419E-02
-0.3202839040137923E+00   0.1563971125471289E+00
-0.3072773442627742E-14   0.1612782719275768E-14
 0.2477440598528693E-14  -0.1802785938262842E-14
-0.2927047944600651E-15  -0.8177980286655650E-16
 0.4401030235654550E-15  -0.5267351661033617E-15
 0.1080780197594798E+00  -0.4982512216968851E-02
 0.2381161381738486E+00  -0.6972921491381900E-01
 0.8237409740099958E-02   0.7650024124734147E+00
-0.1990211764623051E-15  -0.1147931996120312E-14
-0.8346399350074823E-16  -0.1327478379186494E-15
-0.3129093732626155E-16  -0.1603056481784138E-14
 0.3476468584450237E-15  -0.1320808079287618E-15
-0.1155049745975518E+00   0.2325595837141504E-02
-0.6378781446456731E-16   0.3942299622372598E-16
-0.1589578327802755E-15   0.1088063580941171E-15
-0.1590488279154429E+01   0.3556154448203871E+00
-0.6406185095712903E-01   0.1698820656065527E-01
-0.2107941569839256E+00   0.1142151333307934E+00
-0.1332259717714410E-01   0.1126839043363748E-01
-0.3116452101357657E-14   0.2535597610847913E-15
 0.1578916573406511E-15   0.1655082139563332E-15
-0.1267195913807265E+00   0.2207393952647576E-01
 0.5261322988975718E-01  -0.1035612294183917E+00
 0.3277096292511347E+00  -0.1322040705047235E+00
 0.1107504803058667E-14  -0.2334996736771728E-15
 0.2611354253723557E-13  -0.1031931568670423E-13
 0.2513907392262275E-15  -0.1417888518292567E-15
 0.3057139859723027E-15  -0.2615941611392505E-15
-0.1142447363874304E+00   0.5517182341071986E-01
 0.1964900706920339E-01   0.3956592640572505E-02
 0.1845058649996753E+00  -0.1366117893345615E+00
 0.4728872061959901E-15  -0.1315890493766249E-14
-0.1783249031124375E-14   0.7819313902885251E-15
 0.9284695775382026E-16  -0.1179209313355551E-15
 0.1788236379893808E-16  -0.8218800308895224E-16
-0.2405789153661957E+00   0.1044694929521297E+00
-0.6739240057180296E+00   0.1898732879731675E+00
 0.6539753098234893E+00   0.4293130434605236E+00
-0.8793435880839574E-15  -0.7314979988009451E-15
-0.1468169449492131E-15  -0.1168126292348528E-15
-0.1385098676389744E-14  -0.9107001068458799E-15
 0.2432917613891292E-15   0.2887243865198738E-16
 0.1003422299616415E-01  -0.8969495960015955E-01
 0.1327131210286885E-15   0.2418086451586159E-16
 0.1357369663534898E-15  -0.5162964074301220E-16
-0.7601035882057618E-01  -0.1804141269704890E-01
-0.2125829378177667E+01   0.2608398001880256E+00
-0.2910876349945551E-01   0.1329750589084375E+01
 0.1129185626715302E+00   0.4800270777283296E+00
 0.2931370970916607E-01   0.2271111999585388E+01
-0.1934515021435728E+00  -0.2793553460622924E+00
-0.3215646842437643E+00  -0.1883514620861579E+00
 0.1698909181581519E+01   0.2957327296996521E+01
-0.4359187645060851E-14   0.4454837325337426E-15
-0.1739967855507536E-14   0.2518265848395594E-14
 0.2955665574416987E-14   0.8007105770685041E-14
 0.6495115985299442E+00   0.2825780380459762E+01
 0.1339984741523576E-14   0.6189821325790541E-15
-0.1284247284540582E-14  -0.5105452040053268E-14
-0.8722652205662944E-15  -0.1770129445157130E-14
-0.3873786599654927E-15   0.5038829596626382E-16
 0.6495115985299417E+00   0.2825780380459751E+01
-0.2907578790926138E+00  -0.8258912551327637E-01
-0.1237428787974055E+00   0.1345174871583064E+00
 0.2501686287328110E+00   0.3941645735212646E+00
-0.7201055844133235E-14  -0.2819741583131012E-13
 0.1900759580299290E-14   0.8637298192451857E-14
 0.2745098025638672E+00   0.1291801622021267E+01
-0.1216110902062306E+00  -0.2439754486814931E-01
-0.2255611602442580E+00  -0.1416739744532083E+00
-0.2522584790444198E+00  -0.6882110716815407E+00
 0.2380621563526537E-14   0.8690482284069114E-14
-0.3313777057251197E-15  -0.1624593064531389E-14
 0.7291396613053358E-01   0.4202437153642573E+00
 0.2839209484612363E+01   0.1253455642082338E+02
 0.1010298155797669E+00   0.9745429151402625E-01
-0.1259479279940008E+00  -0.2686501665256713E+00
-0.1498619419866555E-01   0.1417546998313400E+00
 0.6538897060292839E-15  -0.5473700195474074E-15
-0.3725893491623001E-13  -0.1068034565385008E-13
 0.2499257519573569E+00   0.4924525482817622E-01
-0.5663184722099309E+00  -0.2097907270973182E+01
-0.9137720020129352E+00   0.1051418714745778E+01
 0.4817409452241137E-15   0.1341712746166141E-14
 0.4042611472521492E-16  -0.1590146634452998E-15
 0.9618172690477013E-15   0.7389542573547756E-15
 0.4532264607306840E+00   0.1250190130118055E+00
-0.4898507595788669E-01  -0.1351215425218144E-01
-0.8869847204254319E-14  -0.2973015050442517E-14
-0.4251732618888135E-15   0.1660727194416458E-14
-0.4440507429529874E-15  -0.4704620955828625E-15
 0.6884788734400897E+00   0.2234064458076789E+01
 0.6815292779063274E-14   0.5468383635389903E-14
-0.1131183108018131E-13  -0.2198440161568384E-13
-0.1765985051530232E-14   0.1128939033821016E-13
 0.4898507595788647E-01   0.1351215425218054E-01
 0.4532264607306834E+00   0.1250190130118050E+00
 0.2163233476793682E-13   0.4257722570881440E-14
-0.4605001535901772E-13  -0.1690291745107502E-12
-0.1259198871935294E-12  -0.9267882183650087E-13
-0.7966717563423487E-15  -0.7875644580934704E-15
 0.6884788734400892E+00   0.2234064458076791E+01
 0.2068995505730726E-15   0.4351584643041988E-15
 0.1453711179777773E-15  -0.7329404209036736E-16
 0.4137437829207152E-16   0.7175957312053227E-15
-0.7819445648153404E-02   0.1059493841694509E-01
-0.1193626423175242E-03   0.1617301150929053E-03
-0.6742077194605162E-16  -0.7241515050471464E-15
 0.1130859467214861E-14   0.2526052429590440E-15
 0.4412802756194370E-14   0.3501326717700737E-15
-0.4619169308598662E+00  -0.5000702094771162E-02
-0.5706959572119207E-01  -0.6178341338115173E-03
 0.4985664975539565E+00   0.1829316052912953E+01
-0.2992234271980765E-16   0.1321442422225726E-15
-0.3196448707327855E-15  -0.5555709276384823E-15
 0.4421595783069973E-15   0.2856997586617452E-15
-0.1193626423171297E-03   0.1617301150940375E-03
 0.7819445648153133E-02  -0.1059493841694524E-01
-0.1016041917732933E-15   0.4232118432126685E-16
 0.4489529147280382E-15   0.2837543605534562E-14
-0.3642764136372429E-13  -0.7674100648726387E-15
-0.5706959572119203E-01  -0.6178341338115438E-03
 0.4619169308598669E+00   0.5000702094770440E-02
-0.9278280319610990E-15   0.9448144306853368E-16
 0.4985664975539575E+00   0.1829316052912955E+01
-0.3073152300543646E-02   0.3279462162424006E+00
 0.1035739015748292E+00   0.3563023284176546E+00
-0.7561932895152478E-01  -0.1562416651844746E+00
-0.1685844426181600E-14   0.8967586084137183E-15
 0.1832899493888487E-15   0.8641448390178648E-15
-0.4735089761235253E-01  -0.2857155786332847E-02
-0.1789541553463487E+00   0.2922988696279612E+00
 0.1500455201832697E+00   0.1545864368512939E+00
-0.7107026691776075E-15   0.3227212729408756E-15
 0.1274233453176661E-13   0.1037412395590657E-13
-0.4823540136448327E-15  -0.4330887919337156E-15
 0.6576989558703660E-15  -0.1583896175339308E-14
-0.7043835425806214E+00   0.1717999778122056E+01
-0.2719753169217068E+00  -0.3300740387521732E+00
-0.8867852504094456E-02  -0.5358166246943607E-01
-0.4292330819333042E+00  -0.3597003043635492E+00
 0.6319177169266878E-14   0.6095636765762718E-14
-0.1819249818147999E-14  -0.1887484425909267E-14
 0.2817252243882753E+00   0.2694463375185247E+00
-0.1099292206106122E-01   0.1517582971376132E+00
 0.6202710564738680E-01  -0.6930459952497242E-02
-0.1490531340075071E-15   0.3032010912053639E-15
 0.6230095801248846E-14   0.5720659062641713E-15
 0.5245386012751243E-16   0.1424297868435118E-15
-0.1814470920730088E-14   0.1642211791583333E-15
-0.8886178124181748E-01  -0.1111602199688172E+00
 0.5397831784871072E+00   0.1357349294402197E+01
 0.9515403054512242E-01   0.5856858499073209E-01
-0.1598662809611441E+00  -0.3763761385016546E+00
 0.3393656516073340E-01   0.1307711939040694E+00
 0.1739806553814583E-14   0.4695271581422690E-14
-0.1716341818578510E-14  -0.1694819746394583E-14
 0.1533648977694479E+00   0.2809293319999462E+00
 0.2450649813851223E+00   0.2128296980665384E+01
 0.7519509061500165E-01  -0.3332978652154597E+00
-0.1415400848218498E-14   0.5157996966638776E-16
 0.4214935242924319E-14  -0.2553114063924954E-13
-0.2797300972620050E-14   0.3199453750576253E-15
 0.1715493322722906E-14   0.4925648814015208E-15
-0.2996194504914602E+00  -0.8150764460511187E+00
 0.7653101629627349E-01   0.1169816420438774E+00
-0.6784144954836778E+00   0.1853466033687550E+01
 0.1498690114247604E-14   0.1881677801094487E-14
-0.1681853766687986E-14  -0.3190537019640650E-14
 0.1146300841529069E-14   0.1231544617651482E-14
 0.9047538453241347E-01  -0.1706170610923926E-01
 0.3346340126397460E-01  -0.6310475724774823E-02
-0.3332945520465485E-15   0.3021794229213116E-14
 0.2570670685667373E-14   0.2107661788926217E-13
-0.3260200129268122E-14  -0.2583619263108596E-14
 0.1078587254281874E+00  -0.1628840754794787E-01
 0.5369682321462580E-01  -0.8109086558159482E-02
 0.3548457368251299E+00  -0.6836253370555417E-01
-0.1251208487304515E+00   0.2410506130109840E-01
-0.3550506355596981E-14  -0.8354632119148962E-14
 0.2963407451747912E-15   0.1460480485199379E-14
-0.7076980157872673E-14   0.1925344113399209E-14
 0.2110008968567305E-01   0.1585237979077011E+01
-0.1191183999501201E-14  -0.2531861632271946E-14
 0.1383714005923089E-14   0.1644571490829736E-14
-0.1469591693055226E-14  -0.1607976055264140E-14
 0.3346340126397461E-01  -0.6310475724774716E-02
-0.9047538453241359E-01   0.1706170610923869E-01
-0.1296940220791238E-14  -0.1274059810742857E-14
-0.5912634101891405E-15  -0.1577024694273770E-13
 0.7863889498825398E-14   0.1127568453181513E-14
 0.5369682321462451E-01  -0.8109086558159177E-02
-0.1078587254281880E+00   0.1628840754794854E-01
 0.1251208487304522E+00  -0.2410506130109825E-01
 0.3548457368251295E+00  -0.6836253370555510E-01
 0.2615214291937547E-14   0.5352509864729222E-14
 0.1746471890346972E-14  -0.1421366914725334E-14
 0.5697767391443082E-14  -0.5271128137142409E-15
 0.4267419750902945E-15   0.6765421556309548E-16
 0.2110008968567271E-01   0.1585237979077011E+01
-0.4523163324666217E-15  -0.3837103734133173E-15
 0.2324007652634243E-15  -0.9136738961259418E-16
-0.9311792635051400E-15  -0.2449889763061914E-15
 0.2917504663210619E-01   0.8251250637410366E-01
 0.4560321116361156E-03   0.1289744383021962E-02
-0.2051987399681418E-15  -0.1333952610446965E-14
 0.2263222403593279E-15   0.4639893991074230E-15
 0.1509965526218814E-14   0.6789074467958735E-15
-0.1461720816642683E+00  -0.8372909206618065E-01
-0.1811379672560248E-01  -0.1037579636574852E-01
-0.1890989671962448E+00  -0.4999164348086819E-01
 0.6920290239872908E-04   0.1829500645006401E-04
 0.1318042730219560E-15  -0.4331953377214775E-16
 0.1242120207308360E-14   0.1733964126252327E-15
 0.3252751705873479E-15   0.8083781584557362E-15
-0.7987932827667582E-01  -0.8323662581590492E-01
-0.2813309278641101E-01  -0.2931551588911351E-01
-0.1253948233514717E+01   0.7047764333814457E+00
 0.3495014025960919E-16  -0.2904573800784447E-15
 0.3567942846976773E-15  -0.9670982440876586E-16
 0.9914642880961036E-16  -0.3549383465515169E-15
 0.4560321116359730E-03   0.1289744383021843E-02
-0.2917504663210594E-01  -0.8251250637410336E-01
-0.6208232638643470E-15  -0.6868948061877016E-15
 0.4310458103301947E-15  -0.7048760186818662E-15
-0.1180514741930035E-13  -0.6515071820556280E-14
-0.1811379672560103E-01  -0.1037579636574853E-01
 0.1461720816642688E+00   0.8372909206618094E-01
-0.6920290239960852E-04  -0.1829500645020755E-04
-0.1890989671962449E+00  -0.4999164348086723E-01
 0.2079732567910558E-15  -0.7669474120575787E-15
-0.1115015201806953E-14   0.5781552519365056E-17
-0.9636763590517375E-15  -0.8719917495958557E-15
 0.2813309278641042E-01   0.2931551588911364E-01
-0.7987932827667629E-01  -0.8323662581590617E-01
-0.6046205880795921E-16   0.1006677481988055E-15
-0.1253948233514719E+01   0.7047764333814467E+00
 0.1061286582332441E+00   0.2482496689533892E+00
-0.1166978626989038E+00   0.1384558902742381E+00
-0.4795407507423716E-01   0.2090339937421957E+00
-0.5298573042478191E-14  -0.1906825269614877E-14
 0.1430676681276176E-14   0.1554974318111211E-14
-0.2789047304236147E+00  -0.1192734657211312E+00
-0.2241432940796022E+00  -0.6331676614626481E+00
-0.3288504438174675E-01   0.2163084492024515E+00
-0.4719864629495652E-15  -0.2369123243251023E-15
-0.1139955956410058E-14   0.1798910298576929E-13
-0.5683193311536224E-15  -0.1217640278391009E-15
 0.3618080730254049E-15  -0.2748166333058822E-16
-0.4098798380895077E+00   0.9557170750327601E-01
 0.3988607961475793E+00   0.3989436861200637E+00
 0.3966095636951454E+00   0.1097803659017643E+00
 0.3199367204003895E-14   0.8399159248817165E-15
-0.1450452402837251E-14  -0.1253534178249341E-15
 0.2407480922422186E-16  -0.1119883277043227E-15
-0.1465198073501777E-15  -0.8222354266099070E-15
-0.3811767599155571E+00   0.1345537789046650E+01
 0.7619135283216305E-01   0.1203797124745583E+00
-0.9019727967552893E-01   0.1952824170043040E+00
 0.4328674314501468E-01   0.6678820585562384E-01
 0.2139233804547354E-14   0.4914047201692162E-14
-0.9321347921404368E-15  -0.1338350615035567E-14
 0.1273677242750603E+00   0.2807751554550397E+00
-0.2307963770622677E-01  -0.6259880392184450E+00
 0.1409436093615341E+00   0.2089733824046368E+00
 0.1074534143470746E-14   0.1595415624150973E-15
 0.1131540781017129E-13   0.1669632132423536E-13
 0.9873139041216679E-16  -0.3377119102914842E-16
 0.5120345247683153E-15  -0.2758408710058836E-15
-0.1075839763134740E+00   0.1202270530213508E+00
-0.2424237872725321E-01  -0.1789389164433617E+00
 0.3258671722107737E+00  -0.1486253537224583E+00
 0.2692084204670998E-14  -0.8634172065290149E-15
-0.2908573143693221E-14   0.4172733989773898E-15
 0.5918497732289864E-15  -0.5498433876256107E-15
 0.5562611093857750E-15  -0.4426712585297270E-15
-0.4106146150658609E+00   0.2760888424140607E+00
-0.1204746301340634E+01   0.6894388629178781E+00
-0.1875524522218575E+00   0.4642326777957449E+00
-0.2769986469202408E+00   0.3723332932626652E+00
 0.1251182654337074E+00  -0.1216127655108726E+00
 0.1204086515807643E-14   0.2921578345231199E-14
-0.8469251932271554E-15   0.9864297421302181E-15
-0.6797056254694551E-01   0.1958661985495340E+00
-0.2594396055650508E+01   0.5731291959247707E+00
-0.5879105383469694E-01  -0.4822731558762942E+00
-0.1348771664141645E-14   0.1179905054705331E-14
-0.5523087128904044E-14  -0.3812162365392276E-13
 0.2684513928176444E-14  -0.2509281659447725E-14
-0.1919875553405612E-15  -0.4368473213031013E-15
-0.5713477627738392E-01   0.9350646805017545E+00
-0.3704013611456607E-01  -0.5709814024302786E-02
-0.2142837757915020E+00  -0.2792765884724959E+00
-0.1529288740324236E-14  -0.2182578623603806E-14
 0.4191022151629113E-14  -0.1031055791322894E-14
 0.6626692907591579E-15  -0.6454762374286476E-15
 0.1214383629035555E-14  -0.1575025317346142E-14
-0.1432574969214052E-01   0.3884821756674532E+00
 0.1404602833592855E+00   0.3710777175663683E+00
-0.7125655511339665E+01   0.5425344260000254E+01
 0.3185231019574702E-15  -0.8302366057950554E-15
 0.5698225833453045E-15  -0.7094762782044761E-15
-0.3132291550597567E-15   0.2611998812721827E-15
 0.5851394380553941E-15  -0.2218823983429467E-15
-0.6856682400235287E-16   0.1226542746027559E-15
 0.7553200756104148E-16  -0.2788002531008626E-15
 0.4140326922183399E-14  -0.6511170516410383E-15
 0.1210948612955638E-15   0.6280968088993108E-15
-0.5066666772479754E-15   0.1796780179116778E-15
 0.6019877929929638E-16  -0.1278572503580633E-15
-0.1972465940179564E-16  -0.7718995658065934E-16
-0.1338500413026904E-15   0.9577135728767781E-16
 0.2663434303936266E-15  -0.1609317947898485E-14
 0.4105113631113464E-16   0.4188056966985292E-17
 0.2516781525969153E-15   0.4366372978299478E-15
 0.2107997695754648E-15   0.7197905363913589E-16
-0.4193084172951734E-16   0.3548249146127246E-16
-0.1826305632026235E-15   0.6006629581316010E-16
-0.1077911557729961E-15   0.1073715269496670E-15
-0.4897233671057094E-16  -0.6859031589821184E-15
-0.1676093399139435E-15  -0.5892273062754714E-15
 0.9502889750811988E-14  -0.7318289205512837E-14
-0.1078184397978534E+01   0.8304683150891703E+00
-0.3223240220533005E-15   0.8884327675738987E-16
 0.2733221469898428E-15  -0.4109693424137803E-15
-0.1840215637317476E-15  -0.1872245262139023E-16
-0.2608883172538893E-15   0.3967758325426563E-15
 0.5430396619697817E-15  -0.6403604265322357E-15
 0.9240503665019943E-15  -0.4860887479149422E-15
 0.1386590225168458E-14   0.1223923370592736E-14
-0.8717222299296464E-15   0.4712212197541473E-15
 0.5754442943948118E-15  -0.3335282865393875E-15
 0.1912999947255796E-15  -0.3943371204184251E-15
 0.1943792002972933E-16   0.1561278604269173E-15
 0.1406334067711879E-15   0.6647506795524910E-16
-0.1778039390052762E-15  -0.4092078730380488E-15
 0.3842450520931926E-15  -0.2752778331993778E-15
 0.3454302489736549E-15   0.4218586686954045E-15
-0.5280129072840735E-16   0.9203644767500641E-16
 0.3409672310342027E-15  -0.5573681940502327E-15
 0.7362769215667157E-16  -0.7458862503661803E-16
 0.1158953159456153E-15   0.1142358398403789E-16
-0.6673632068996690E-15   0.2958167218390932E-15
-0.8716330500679865E-16  -0.1407093971084813E-15
 0.1010762296023341E-14  -0.1019955964734698E-14
-0.2949029909160572E-16   0.3989863994746656E-16
-0.1078184397978536E+01   0.8304683150891708E+00
 0.9247253118747522E-16  -0.7056332366979555E-15
 0.6251033308456443E-15  -0.1429972170122825E-14
-0.3233795338476610E-15  -0.1972633589305712E-16
 0.3431202610680909E-03  -0.2954285691149774E-02
-0.2615580695474394E-01   0.2252030410161721E+00
 0.1302502998959558E-15   0.8631737310061213E-15
 0.5602632640312221E-14  -0.1740151311769551E-14
-0.6854882905250358E-15   0.1407100720565978E-13
-0.1230654117026599E-02   0.2000263239890515E-01
 0.1013958928162000E-01  -0.1648054268621061E+00
-0.4671651403819276E-05  -0.2230328825673512E-03
 0.2176813034119570E-02   0.1039248958885420E+00
 0.1003159734159255E-15  -0.2138557294508281E-14
-0.1328117272835974E-15   0.4510168229705714E-15
 0.4531680581102176E-15  -0.3349038021230617E-15
 0.6740675155639117E-02   0.1915448560823753E-01
-0.1898669049746717E-01  -0.5395309542212735E-01
 0.1457215670562277E-04  -0.4013711660994623E-04
-0.5800879177745164E-02   0.1597776970849014E-01
-0.5727879844032132E-15  -0.4113767672336738E-15
 0.2329403677400249E-15  -0.1319065111661730E-14
 0.1222543493014944E-13  -0.9177553820499559E-14
-0.2496396583743760E-16   0.1054022594603519E-16
 0.8996154132671281E-16  -0.7950273593279417E-16
-0.1135372067211549E+01   0.8627925924347463E+00
-0.4376651694099664E-15   0.2406553768161185E-15
 0.2426157097190820E-15  -0.3201015154753525E-15
-0.7773128321640555E-15   0.1545518150176900E-15
 0.2615580695474358E-01  -0.2252030410161718E+00
 0.3431202610684381E-03  -0.2954285691150050E-02
-0.6254635561748440E-15   0.4130436265416317E-14
-0.2538108224037825E-16  -0.4985492684545784E-16
-0.2040021950465735E-15  -0.1378490798223852E-14
-0.1013958928162076E-01   0.1648054268621058E+00
-0.1230654117026298E-02   0.2000263239890519E-01
 0.2176813034118612E-02   0.1039248958885424E+00
 0.4671651404233779E-05   0.2230328825672225E-03
-0.1110685565756933E-15  -0.2387002708681397E-16
 0.4824306018299250E-16   0.1641284813536874E-15
 0.1210086421558983E-15   0.2774649839526522E-15
-0.1898669049746648E-01  -0.5395309542212770E-01
-0.6740675155639433E-02  -0.1915448560823740E-01
-0.5800879177745299E-02   0.1597776970849004E-01
-0.1457215670558685E-04   0.4013711661001664E-04
 0.9575153514808751E-16  -0.1083139095290183E-15
-0.1978317870939031E-15   0.1168474071411798E-15
 0.1471282585639059E-15  -0.3147564368652494E-15
 0.3852000850315225E-16  -0.4445482966023666E-16
 0.7691654724204190E-16  -0.4987368457866744E-16
 0.4463379097092310E-16  -0.3931823470068678E-16
-0.1135372067211544E+01   0.8627925924347430E+00
 0.1110372657275856E+00   0.1484447851384133E+00
 0.1200882802397982E+00  -0.2286782559975534E+00
-0.4378127570401490E-01  -0.4424955110860206E-01
-0.3513681439269229E-15   0.5791612589727236E-15
 0.4441880664645211E-15  -0.6473195536355465E-15
 0.3190534368708064E-03   0.2374462252273201E-01
 0.1535286314538035E+00  -0.1880887096850199E+00
-0.3279813200265614E-01   0.4323170061124975E-01
 0.3671178964140853E-16  -0.4979536656236430E-16
-0.2149558227864201E-14   0.3366582485301469E-14
 0.3587644391392475E-15  -0.2179585948449092E-15
 0.9348609411258544E-17  -0.6148138005565627E-15
-0.1123793574539003E+00   0.4895036539160045E-01
 0.3566576924640860E-01   0.1258914147972116E-01
 0.4716929300003353E-01  -0.2733678488582638E+00
 0.3011151509697343E-15  -0.2725920030615540E-14
-0.7895391793730992E-15   0.1954066866428006E-14
 0.7781330762676988E-15  -0.3902843463449698E-15
-0.6062729142573438E-16   0.1942145640192569E-15
-0.1305490092261052E+00   0.2821102616335199E-02
-0.1350815724864099E+00  -0.6284067874197831E-01
 0.4238881381863436E+00  -0.2883290110181969E-01
 0.1970484663506879E-16  -0.4596085247815092E-15
-0.1175305270411600E-15  -0.1918942566356361E-16
-0.1116794618201183E-14   0.1329720037349097E-15
-0.1222852542107734E-15   0.6460556565287503E-16
-0.1268003420688558E+01   0.7936043474208389E+00
 0.2759787585019581E-16  -0.5190534485542604E-16
 0.3390598091098573E-15  -0.8717738384872055E-16
-0.7905082627182327E-15   0.2100236236722455E-17
-0.4686511840586867E-01  -0.2536546817730431E-01
-0.6237346818915259E-03  -0.3375927078124445E-03
 0.8940932016663765E-15   0.4358985123097201E-15
 0.1742581407476120E-16   0.1130510122926609E-16
-0.7874359156453797E-15  -0.6900415897135409E-16
 0.7530885037892861E-01   0.1056320843926946E-01
 0.9154905824900755E-02   0.1284114390057835E-02
 0.7348247852297550E-01   0.7814307377015557E-02
 0.1436806078569183E-03   0.1527934898873402E-04
 0.2224855119357488E-15  -0.1057878468645646E-15
-0.2524647889006649E-15   0.3331667739986969E-15
-0.3866474962759017E-16   0.5152564686489829E-15
-0.1203377735680086E-02  -0.6686976946778540E-01
-0.4269659350633515E-03  -0.2372581177277410E-01
 0.4901434634495610E+00  -0.3355224026554802E+00
 0.1137753981959296E-02  -0.7788371734495881E-03
 0.4101523224103915E-15  -0.2000749866270030E-15
-0.8828115872299526E-16   0.1538765254572176E-16
-0.1567484506940640E-15  -0.1385718810676681E-15
 0.1360332049105068E-15  -0.1325659524494591E-15
-0.2487129749608213E-15   0.4886492771250030E-16
 0.1491483431976816E-04  -0.1369442522812089E-04
-0.7817341666964478E-01   0.7177686231440172E-01
-0.3135292778123624E-16   0.8506880204363545E-16
-0.1589989937230748E+01   0.3700507195211264E+00
-0.6967545045536772E-15   0.1554388099589020E-15
-0.2089959654477360E-15  -0.7521498096318070E-16
-0.1399663105626067E-15  -0.2813236975588710E-16
-0.6237346818912731E-03  -0.3375927078126060E-03
 0.4686511840586834E-01   0.2536546817730443E-01
 0.5408620732702195E-15  -0.9384796257642952E-16
 0.2474692157727734E-16  -0.1241934359367373E-15
 0.5948110945204837E-14   0.7658489150089876E-15
 0.9154905824899097E-02   0.1284114390058285E-02
-0.7530885037892843E-01  -0.1056320843926962E-01
-0.1436806078567851E-03  -0.1527934898861871E-04
 0.7348247852297571E-01   0.7814307377015408E-02
 0.3543938477389171E-15  -0.3321837693380559E-15
 0.4520331997696944E-15   0.7272248577389360E-16
 0.2212831854506300E-15  -0.1013488574379741E-14
 0.4269659350634473E-03   0.2372581177277408E-01
-0.1203377735679329E-02  -0.6686976946778560E-01
-0.1137753981958441E-02   0.7788371734494216E-03
 0.4901434634495602E+00  -0.3355224026554801E+00
 0.1742006479323402E-15  -0.1216937002281583E-15
-0.6111997691201115E-15  -0.2046665666994631E-16
-0.6140364024979360E-15   0.1207212781394136E-15
-0.1581326012901415E-15   0.3269980829867585E-15
-0.2671213966843328E-15   0.1558506944829604E-15
-0.7817341666964481E-01   0.7177686231440188E-01
-0.1491483431963150E-04   0.1369442522817063E-04
 0.4945910899723016E-15   0.3673697635454055E-16
 0.2408113014682751E-18   0.2073556253889166E-16
-0.1589989937230746E+01   0.3700507195211259E+00
 0.2724571453160789E-03   0.9220181620675426E-01
 0.3128092389867893E-01   0.1340064037124483E-01
 0.8801396036832623E-02  -0.3153563204977432E-01
-0.8058693968814258E-15   0.1123974670868634E-14
 0.4627124799860852E-15  -0.2124390886776491E-15
-0.2843827570846064E-01   0.5984854760563556E-01
-0.2915564769699400E+00   0.2880906252729028E+00
 0.2894778444755998E+00  -0.1838726790328963E+00
-0.4540706836363195E-15   0.4498471424384392E-15
 0.2307923490489086E-13  -0.1464639797839782E-13
 0.5785574966919908E-15  -0.2452067212897218E-15
-0.5991612212975425E-15   0.2171630598978218E-15
-0.2264620225773617E+00   0.2405119362819574E+00
-0.1257647033526672E-01   0.3727910426438419E-02
-0.3123837001537401E+00   0.1563971125471289E+00
-0.3059703643711145E-14   0.1612782719275768E-14
 0.2509222619339142E-14  -0.1802785938262842E-14
-0.2383573543690661E-15  -0.8177980286655650E-16
 0.5118449014817215E-15  -0.5267351661033617E-15
 0.2830687304710634E-01  -0.4982512216968851E-02
 0.1635876494983223E+00  -0.6972921491381900E-01
 0.3793120208137645E-02   0.7650024124734147E+00
-0.1599952884032280E-15  -0.1147931996120312E-14
-0.4990111038977899E-16  -0.1327478379186494E-15
 0.3758178291545079E-16  -0.1603056481784138E-14
 0.3743668975052240E-15  -0.1320808079287618E-15
-0.8745546378267127E-01   0.2325595837141504E-02
-0.5708715965194435E-16   0.3942299622372598E-16
-0.6243574296479037E-16   0.1088063580941171E-15
-0.1602492795969696E+01   0.3556154448203871E+00
-0.4475694019206059E-01   0.1698820656065527E-01
 0.3210197790289650E-01   0.1142151333307934E+00
 0.7036163668843227E-01   0.1126839043363748E-01
-0.1287895928738488E-14   0.2535597610847913E-15
 0.4694432454379566E-16   0.1655082139563332E-15
-0.3061717247830941E-01   0.2207393952647576E-01
 0.9206784254791781E-01  -0.1035612294183917E+00
 0.2929481372387520E+00  -0.1322040705047235E+00
 0.1003684301508136E-14  -0.2334996736771728E-15
 0.2316977989956940E-13  -0.1031931568670423E-13
 0.3655670131769860E-15  -0.1417888518292567E-15
 0.2234347278083365E-15  -0.2615941611392505E-15
 0.5358246480226793E-02   0.5517182341071986E-01
-0.5629560609628381E-02   0.3956592640572505E-02
 0.1634014798418910E+00  -0.1366117893345615E+00
 0.5455093602771475E-15  -0.1315890493766249E-14
-0.1599766804831492E-14   0.7819313902885251E-15
-0.1139740889823116E-15  -0.1179209313355551E-15
-0.2197507008356096E-15  -0.8218800308895224E-16
-0.5997092935477070E-02   0.1044694929521297E+00
-0.3785505174473264E+00   0.1898732879731675E+00
 0.4880524656872468E+00   0.4293130434605236E+00
-0.7096109877351739E-15  -0.7314979988009451E-15
-0.1208756244391441E-15  -0.1168126292348528E-15
-0.1000109553334343E-14  -0.9107001068458799E-15
 0.2172401708147771E-15   0.2887243865198738E-16
 0.4454157852476775E-02  -0.8969495960015955E-01
 0.1101910243546699E-15   0.2418086451586159E-16
 0.3450007809767063E-16  -0.5162964074301220E-16
-0.8523769230087555E-01  -0.1804141269704890E-01
-0.1938641555842170E+01   0.2608398001880256E+00
-0.1427139606071426E+00   0.1329750589084375E+01
 0.1292848220363213E+00   0.4800270777283296E+00
 0.1942577098705016E+00   0.2271111999585388E+01
 0.2832996263854765E-01  -0.2793553460622924E+00
-0.3084937058804073E+00  -0.1883514620861579E+00
 0.1144145452915249E+01   0.2957327296996521E+01
-0.4267334381297379E-14   0.4454837325337426E-15
-0.2300189766825648E-15   0.2518265848395594E-14
 0.5331125936713390E-14   0.8007105770685041E-14
 0.9184723299146527E+00   0.2825780380459762E+01
 0.1274277178418828E-14   0.6189821325790541E-15
-0.2345773173379632E-14  -0.5105452040053268E-14
-0.1787975787328382E-14  -0.1770129445157130E-14
-0.1705450017319698E-15   0.5038829596626382E-16
 0.9184723299146488E+00   0.2825780380459751E+01
-0.2752521753485815E+00  -0.8258912551327637E-01
-0.4328748926167666E-01   0.1345174871583064E+00
 0.2954346141425527E+00   0.3941645735212646E+00
-0.1306961255105347E-13  -0.2819741583131012E-13
 0.3765710158950803E-14   0.8637298192451857E-14
 0.2228849584119347E+00   0.1291801622021267E+01
 0.1228410939305172E+00  -0.2439754486814931E-01
-0.1565943843212692E-01  -0.1416739744532083E+00
-0.3536278917580449E+00  -0.6882110716815407E+00
 0.3693940300762517E-14   0.8690482284069114E-14
-0.4259357222923767E-15  -0.1624593064531389E-14
 0.1848720911269072E+00   0.4202437153642573E+00
 0.3609140095506108E+01   0.1253455642082338E+02
 0.3424460948230547E-01   0.9745429151402625E-01
-0.1625077536339775E+00  -0.2686501665256713E+00
 0.1750631746716340E+00   0.1417546998313400E+00
 0.9316845945653232E-15  -0.5473700195474074E-15
-0.2516253052114473E-13  -0.1068034565385008E-13
 0.1937315417948755E+00   0.4924525482817622E-01
-0.6537863831204350E+00  -0.2097907270973182E+01
-0.8181307274934839E+00   0.1051418714745778E+01
 0.3694450524918540E-15   0.1341712746166141E-14
-0.8545478710822112E-16  -0.1590146634452998E-15
 0.9409141782468609E-15   0.7389542573547756E-15
 0.3034332020649468E+00   0.1250190130118055E+00
-0.3279530155263467E-01  -0.1351215425218144E-01
-0.6024656084846329E-14  -0.2973015050442517E-14
 0.5113307022512006E-15   0.1660727194416458E-14
-0.3489142921414096E-15  -0.4704620955828625E-15
 0.6204444351805619E+00   0.2234064458076789E+01
 0.1367525717944081E-14   0.5468383635389903E-14
-0.1393823855071446E-13  -0.2198440161568384E-13
 0.1313896510977730E-13   0.1128939033821016E-13
 0.3279530155263480E-01   0.1351215425218054E-01
 0.3034332020649466E+00   0.1250190130118050E+00
 0.1665600519768106E-13   0.4257722570881440E-14
-0.5296684858896976E-13  -0.1690291745107502E-12
-0.1132585059423493E-12  -0.9267882183650087E-13
-0.6453171330633722E-15  -0.7875644580934704E-15
 0.6204444351805621E+00   0.2234064458076791E+01
 0.2586482596244623E-15   0.4351584643041988E-15
 0.2246789379565624E-15  -0.7329404209036736E-16
 0.6187057339701397E-15   0.7175957312053227E-15
 0.3575509119432783E-01   0.1059493841694509E-01
 0.5457960005479271E-03   0.1617301150929053E-03
-0.9331123551724133E-15  -0.7241515050471464E-15
-0.4154283021220011E-15   0.2526052429590440E-15
 0.3335828723559279E-14   0.3501326717700737E-15
-0.3189025357207165E+00  -0.5000702094771162E-02
-0.3940024184470863E-01  -0.6178341338115173E-03
 0.5303657642823486E+00   0.1829316052912953E+01
-0.8339675397350876E-16   0.1321442422225726E-15
-0.8460595981870095E-16  -0.5555709276384823E-15
 0.1169233259240636E-14   0.2856997586617452E-15
 0.5457960005484647E-03   0.1617301150940375E-03
-0.3575509119432796E-01  -0.1059493841694524E-01
-0.2477105049731506E-15   0.4232118432126685E-16
-0.9653262897084742E-16   0.2837543605534562E-14
-0.2521647612739467E-13  -0.7674100648726387E-15
-0.3940024184470850E-01  -0.6178341338115438E-03
 0.3189025357207171E+00   0.5000702094770440E-02
-0.5299681863062816E-15   0.9448144306853368E-16
 0.5303657642823495E+00   0.1829316052912955E+01
 0.6674872867861073E-01   0.3279462162424006E+00
 0.8915904576262895E-01   0.3563023284176546E+00
-0.9180068828797491E-01  -0.1562416651844746E+00
-0.8867447244609988E-15   0.8967586084137183E-15
 0.3166742089819864E-15   0.8641448390178648E-15
-0.3080074774731949E-01  -0.2857155786332847E-02
 0.4339483422934095E+00   0.2922988696279612E+00
 0.2160402535667907E+00   0.1545864368512939E+00
-0.3361285697291863E-15   0.3227212729408756E-15
 0.1746449047572104E-13   0.1037412395590657E-13
-0.2499879899347264E-15  -0.4330887919337156E-15
-0.1202875330985138E-15  -0.1583896175339308E-14
-0.3053174687140700E+00   0.1717999778122056E+01
-0.1815285134735671E+00  -0.3300740387521732E+00
-0.1270877154481874E-01  -0.5358166246943607E-01
-0.6353156402212545E+00  -0.3597003043635492E+00
 0.6507773368724894E-14   0.6095636765762718E-14
-0.2755859423115270E-14  -0.1887484425909267E-14
 0.2845122004317824E+00   0.2694463375185247E+00
-0.2437727250587524E-01   0.1517582971376132E+00
 0.1107703008008147E+00  -0.6930459952497242E-02
 0.1051418557641585E-15   0.3032010912053639E-15
 0.8862580322608891E-14   0.5720659062641713E-15
 0.2318249502507344E-15   0.1424297868435118E-15
-0.5329319823187476E-15   0.1642211791583333E-15
-0.7662402851005894E-01  -0.1111602199688172E+00
 0.3039424160430835E+00   0.1357349294402197E+01
-0.1566573740577588E-01   0.5856858499073209E-01
-0.1045206852621590E+00  -0.3763761385016546E+00
 0.3380181353925853E+00   0.1307711939040694E+00
 0.2598991894206386E-14   0.4695271581422690E-14
 0.4750018838615850E-15  -0.1694819746394583E-14
 0.1748682672047016E+00   0.2809293319999462E+00
 0.5790349771924351E-01   0.2128296980665384E+01
 0.7608645469766868E-01  -0.3332978652154597E+00
-0.2396585444511803E-17   0.5157996966638776E-16
 0.7637882509941942E-14  -0.2553114063924954E-13
-0.1647205272317554E-14   0.3199453750576253E-15
-0.8828975673435793E-15   0.4925648814015208E-15
-0.3617128062873785E+00  -0.8150764460511187E+00
 0.1415567250821482E+00   0.1169816420438774E+00
-0.7818307912324023E+00   0.1853466033687550E+01
 0.1705955280427577E-15   0.1881677801094487E-14
-0.8065735157690854E-15  -0.3190537019640650E-14
 0.3967376713182199E-14   0.1231544617651482E-14
-0.8725884677833660E-01  -0.1706170610923926E-01
-0.3227372636950810E-01  -0.6310475724774823E-02
 0.2830990784545180E-14   0.3021794229213116E-14
 0.8796619520729619E-15   0.2107661788926217E-13
 0.5233560817642130E-14  -0.2583619263108596E-14
-0.1090938177521214E+00  -0.1628840754794787E-01
-0.5431170656234364E-01  -0.8109086558159482E-02
 0.1284343702865358E+00  -0.6836253370555417E-01
-0.4528677041520050E-01   0.2410506130109840E-01
-0.3849350245030195E-14  -0.8354632119148962E-14
 0.1051769257409103E-14   0.1460480485199379E-14
-0.8042043272003616E-14   0.1925344113399209E-14
-0.3670385984697832E-02   0.1585237979077011E+01
-0.4788214308622332E-15  -0.2531861632271946E-14
 0.6401504308294659E-15   0.1644571490829736E-14
-0.4271172007174009E-14  -0.1607976055264140E-14
-0.3227372636950835E-01  -0.6310475724774716E-02
 0.8725884677833640E-01   0.1706170610923869E-01
 0.6869876070056845E-15  -0.1274059810742857E-14
-0.1341388745511035E-14  -0.1577024694273770E-13
-0.8863220128019800E-14   0.1127568453181513E-14
-0.5431170656234446E-01  -0.8109086558159177E-02
 0.1090938177521209E+00   0.1628840754794854E-01
 0.4528677041520109E-01  -0.2410506130109825E-01
 0.1284343702865354E+00  -0.6836253370555510E-01
 0.2880794522512964E-14   0.5352509864729222E-14
 0.2481002303190298E-15  -0.1421366914725334E-14
 0.6389343084123557E-14  -0.5271128137142409E-15
 0.2602085213965211E-15   0.6765421556309548E-16
-0.3670385984698122E-02   0.1585237979077011E+01
-0.2967299211267403E-15  -0.3837103734133173E-15
 0.1633687595458992E-15  -0.9136738961259418E-16
-0.1007253059062647E-14  -0.2449889763061914E-15
 0.1086465523331232E+00   0.8251250637410366E-01
 0.1698242930241867E-02   0.1289744383021962E-02
-0.1729508249328434E-14  -0.1333952610446965E-14
-0.3083452388011970E-15   0.4639893991074230E-15
 0.1461333894516745E-14   0.6789074467958735E-15
-0.1358533358425808E+00  -0.8372909206618065E-01
-0.1683508698740153E-01  -0.1037579636574852E-01
-0.1672303093608042E+00  -0.4999164348086819E-01
 0.6119982011742273E-04   0.1829500645006401E-04
-0.7572410462220637E-16  -0.4331953377214775E-16
 0.1072641901855665E-14   0.1733964126252327E-15
 0.7226424007354022E-16   0.8083781584557362E-15
-0.5272804114088682E-01  -0.8323662581590492E-01
-0.1857054767316336E-01  -0.2931551588911351E-01
-0.1207651671046517E+01   0.7047764333814457E+00
 0.8289090240447351E-17  -0.2904573800784447E-15
 0.5026100040773010E-15  -0.9670982440876586E-16
 0.1532256174990652E-15  -0.3549383465515169E-15
 0.1698242930241767E-02   0.1289744383021843E-02
-0.1086465523331231E+00  -0.8251250637410336E-01
-0.1175182777770697E-14  -0.6868948061877016E-15
-0.7436245363315937E-15  -0.7048760186818662E-15
-0.1094460877732923E-13  -0.6515071820556280E-14
-0.1683508698740009E-01  -0.1037579636574853E-01
 0.1358533358425809E+00   0.8372909206618094E-01
-0.6119982011815983E-04  -0.1829500645020755E-04
-0.1672303093608041E+00  -0.4999164348086723E-01
-0.7883401536771831E-16  -0.7669474120575787E-15
-0.1051794978548327E-14   0.5781552519365056E-17
-0.8710049681619102E-15  -0.8719917495958557E-15
 0.1857054767316281E-01   0.2931551588911364E-01
-0.5272804114088744E-01  -0.8323662581590617E-01
-0.6424660201629143E-16   0.1006677481988055E-15
-0.1207651671046519E+01   0.7047764333814467E+00
 0.1119211343381811E+00   0.2482496689533892E+00
-0.2444841632594461E-01   0.1384558902742381E+00
 0.2069636613997079E-01   0.2090339937421957E+00
-0.2724393346347209E-14  -0.1906825269614877E-14
 0.6769539978608220E-15   0.1554974318111211E-14
-0.1512149396837846E+00  -0.1192734657211312E+00
 0.7701087572741677E-01  -0.6331676614626481E+00
 0.8113724363555456E-02   0.2163084492024515E+00
-0.3128032431937232E-15  -0.2369123243251023E-15
 0.1238315091544641E-14   0.1798910298576929E-13
-0.2585372029467326E-15  -0.1217640278391009E-15
 0.6850920712480017E-15  -0.2748166333058822E-16
-0.1994097701988796E+00   0.9557170750327601E-01
 0.2943288473850051E+00   0.3989436861200637E+00
 0.4484403145128547E+00   0.1097803659017643E+00
 0.4026810375385028E-14   0.8399159248817165E-15
-0.2249725933631543E-14  -0.1253534178249341E-15
-0.6071774241693947E-16  -0.1119883277043227E-15
-0.2700232726652139E-15  -0.8222354266099070E-15
-0.4205201342516794E+00   0.1345537789046650E+01
-0.4696447047500597E-01   0.1203797124745583E+00
 0.1306400397628327E-01   0.1952824170043040E+00
 0.3408497151617502E+00   0.6678820585562384E-01
 0.2273752979071931E-14   0.4914047201692162E-14
-0.6704487889340710E-15  -0.1338350615035567E-14
 0.1506181605832469E+00   0.2807751554550397E+00
 0.2018123245642049E+00  -0.6259880392184450E+00
-0.2404117929638206E-01   0.2089733824046368E+00
 0.9323069640090573E-15   0.1595415624150973E-15
-0.1629409883100909E-14   0.1669632132423536E-13
 0.2119088327417186E-15  -0.3377119102914842E-16
 0.1689639527496860E-15  -0.2758408710058836E-15
-0.9988741016803825E-01   0.1202270530213508E+00
 0.1026450251427180E+00  -0.1789389164433617E+00
 0.2657976912838534E+00  -0.1486253537224583E+00
 0.1929572939012940E-14  -0.8634172065290149E-15
-0.1852967710538689E-14   0.4172733989773898E-15
 0.6398485510718195E-15  -0.5498433876256107E-15
 0.4687300432527838E-15  -0.4426712585297270E-15
-0.2110401548684850E+00   0.2760888424140607E+00
-0.1308996075992738E+01   0.6894388629178781E+00
-0.3392045391627044E+00   0.4642326777957449E+00
-0.5250907460791762E+00   0.3723332932626652E+00
-0.9702747434364664E-01  -0.1216127655108726E+00
 0.3730688965262114E-14   0.2921578345231199E-14
-0.2091779598369318E-14   0.9864297421302181E-15
 0.6318303209485419E-01   0.1958661985495340E+00
 0.1463831721345434E+01   0.5731291959247707E+00
-0.8169504878293566E+00  -0.4822731558762942E+00
-0.7354877720744087E-15   0.1179905054705331E-14
-0.6656761896277742E-13  -0.3812162365392276E-13
 0.2612345735508915E-14  -0.2509281659447725E-14
 0.1543121088457958E-14  -0.4368473213031013E-15
-0.1896553404310365E+00   0.9350646805017545E+00
 0.4084050734532733E-01  -0.5709814024302786E-02
 0.8063023129534183E+00  -0.2792765884724959E+00
 0.8427465208292166E-14  -0.2182578623603806E-14
-0.3197032197088045E-14  -0.1031055791322894E-14
 0.9789853738784039E-15  -0.6454762374286476E-15
 0.9508888742816405E-15  -0.1575025317346142E-14
-0.3632900169285966E+00   0.3884821756674532E+00
-0.2384848573376182E+00   0.3710777175663683E+00
-0.6896770309904804E+01   0.5425344260000254E+01
 0.5899112118878137E-15  -0.8302366057950554E-15
 0.8995186769135684E-15  -0.7094762782044761E-15
-0.4305160727178865E-16   0.2611998812721827E-15
 0.5663627473742915E-15  -0.2218823983429467E-15
-0.5179590423440803E-16   0.1226542746027559E-15
-0.1508210891525257E-15  -0.2788002531008626E-15
-0.2301031886747053E-14  -0.6511170516410383E-15
 0.1339728247355744E-14   0.6280968088993108E-15
-0.5591585888040868E-15   0.1796780179116778E-15
 0.7950784065986603E-17  -0.1278572503580633E-15
-0.9542146761923522E-16  -0.7718995658065934E-16
-0.9222185915456755E-16   0.9577135728767781E-16
 0.4544928798731132E-15  -0.1609317947898485E-14
-0.1000296966528543E-15   0.4188056966985292E-17
-0.1346624789033083E-14   0.4366372978299478E-15
 0.2512750372822250E-15   0.7197905363913589E-16
-0.4405329220027827E-16   0.3548249146127246E-16
-0.1324794901457382E-15   0.6006629581316010E-16
-0.1246106230825563E-15   0.1073715269496670E-15
 0.4811460549168072E-15  -0.6859031589821184E-15
 0.4363247350731944E-15  -0.5892273062754714E-15
 0.9384386794677269E-14  -0.7318289205512837E-14
-0.1010701645171707E+01   0.8304683150891703E+00
-0.2809518032153338E-15   0.8884327675738987E-16
 0.3366052853993452E-15  -0.4109693424137803E-15
-0.2813225211729904E-16  -0.1872245262139023E-16
-0.2221866457303620E-15   0.3967758325426563E-15
 0.4858670080427703E-15  -0.6403604265322357E-15
 0.8320385448375007E-15  -0.4860887479149422E-15
 0.5141524116668936E-15   0.1223923370592736E-14
-0.7203883115595834E-15   0.4712212197541473E-15
 0.5636799832754798E-15  -0.3335282865393875E-15
 0.8485923930677927E-16  -0.3943371204184251E-15
 0.3778556476106608E-16   0.1561278604269173E-15
 0.2324032401908626E-15   0.6647506795524910E-16
-0.1518123703269568E-15  -0.4092078730380488E-15
 0.3854164230771344E-15  -0.2752778331993778E-15
 0.6846423273133398E-16   0.4218586686954045E-15
-0.5182430516438281E-16   0.9203644767500641E-16
 0.2318526136350766E-15  -0.5573681940502327E-15
 0.7733015102040105E-16  -0.7458862503661803E-16
 0.8106002269334212E-16   0.1142358398403789E-16
-0.5161138954332017E-15   0.2958167218390932E-15
-0.4581441192196420E-16  -0.1407093971084813E-15
 0.1588194034256256E-14  -0.1019955964734698E-14
-0.3122502256758253E-16   0.3989863994746656E-16
-0.1010701645171708E+01   0.8304683150891708E+00
 0.4960697306787717E-15  -0.7056332366979555E-15
 0.1065273638198930E-14  -0.1429972170122825E-14
 0.2208163315158623E-15  -0.1972633589305712E-16
-0.2776753288118523E-03  -0.2954285691149774E-02
 0.2116698755670998E-01   0.2252030410161721E+00
 0.1218893196024358E-15   0.8631737310061213E-15
-0.2927089344923084E-14  -0.1740151311769551E-14
 0.8687301486770230E-14   0.1407100720565978E-13
 0.1081342205274595E-01   0.2000263239890515E-01
-0.8909380534036521E-01  -0.1648054268621061E+00
-0.1790550316578677E-03  -0.2230328825673512E-03
 0.8343287908592127E-01   0.1039248958885420E+00
 0.3052329626710231E-15  -0.2138557294508281E-14
 0.5424080928071314E-16   0.4510168229705714E-15
-0.2519173139946239E-14  -0.3349038021230617E-15
 0.2945962800875231E-01   0.1915448560823753E-01
-0.8297994284811680E-01  -0.5395309542212735E-01
 0.1864418382662672E-03  -0.4013711660994623E-04
-0.7421870347080187E-01   0.1597776970849014E-01
 0.3222453014642177E-15  -0.4113767672336738E-15
 0.8885711464205335E-15  -0.1319065111661730E-14
 0.1185114839814456E-13  -0.9177553820499559E-14
-0.2057081804439449E-16   0.1054022594603519E-16
 0.1567710678218035E-15  -0.7950273593279417E-16
-0.1011406041298599E+01   0.8627925924347463E+00
-0.3591408172600811E-15   0.2406553768161185E-15
 0.1588344781509789E-15  -0.3201015154753525E-15
-0.7092391301646903E-15   0.1545518150176900E-15
-0.2116698755670996E-01  -0.2252030410161718E+00
-0.2776753288116376E-03  -0.2954285691150050E-02
 0.1857280649572808E-15   0.4130436265416317E-14
-0.1212896404872561E-15  -0.4985492684545784E-16
-0.1057735265052737E-14  -0.1378490798223852E-14
 0.8909380534036437E-01   0.1648054268621058E+00
 0.1081342205274612E-01   0.2000263239890519E-01
 0.8343287908592030E-01   0.1039248958885424E+00
 0.1790550316584167E-03   0.2230328825672225E-03
-0.3195315086097525E-16  -0.2387002708681397E-16
 0.1639341612163589E-15   0.1641284813536874E-15
 0.5527288405291879E-15   0.2774649839526522E-15
-0.8297994284811601E-01  -0.5395309542212770E-01
-0.2945962800875247E-01  -0.1915448560823740E-01
-0.7421870347080192E-01   0.1597776970849004E-01
-0.1864418382662404E-03   0.4013711661001664E-04
 0.6570594439031576E-16  -0.1083139095290183E-15
-0.1758303152706248E-15   0.1168474071411798E-15
 0.3864011439958416E-16  -0.3147564368652494E-15
-0.2452308613663341E-16  -0.4445482966023666E-16
 0.9490008604924950E-16  -0.4987368457866744E-16
 0.2682870857232498E-16  -0.3931823470068678E-16
-0.1011406041298596E+01   0.8627925924347430E+00
 0.1130167078471822E+00   0.1484447851384133E+00
 0.7062246341674848E-01  -0.2286782559975534E+00
-0.8115946410493678E-02  -0.4424955110860206E-01
-0.3938475222443279E-15   0.5791612589727236E-15
 0.3882148946463472E-15  -0.6473195536355465E-15
-0.1384298484774094E-01   0.2374462252273201E-01
 0.1075723213078143E+00  -0.1880887096850199E+00
 0.6851359353854890E-01   0.4323170061124975E-01
 0.2469113795981933E-15  -0.4979536656236430E-16
 0.5437220935796151E-14   0.3366582485301469E-14
 0.4690887628729835E-15  -0.2179585948449092E-15
-0.1750472876211843E-15  -0.6148138005565627E-15
 0.1281042832733048E+00   0.4895036539160045E-01
 0.3409177844774069E-01   0.1258914147972116E-01
-0.2354590041050086E-01  -0.2733678488582638E+00
-0.3551132670572447E-15  -0.2725920030615540E-14
-0.4326956762222478E-15   0.1954066866428006E-14
 0.7277970455718158E-15  -0.3902843463449698E-15
-0.1749575875792573E-15   0.1942145640192569E-15
-0.5620065104537644E-01   0.2821102616335199E-02
-0.1761351924687728E+00  -0.6284067874197831E-01
 0.2659284154527400E+00  -0.2883290110181969E-01
 0.2323918816225360E-15  -0.4596085247815092E-15
-0.1517248675914010E-15  -0.1918942566356361E-16
-0.8090005299730778E-15   0.1329720037349097E-15
-0.5252008413288096E-16   0.6460556565287503E-16
-0.1095944274201801E+01   0.7936043474208389E+00
 0.5216505345840895E-16  -0.5190534485542604E-16
 0.3056542243084779E-15  -0.8717738384872055E-16
-0.7034995707282727E-15   0.2100236236722455E-17
-0.6724627365770630E-01  -0.2536546817730431E-01
-0.8949904435325087E-03  -0.3375927078124445E-03
 0.1264248850370242E-14   0.4358985123097201E-15
 0.2361654455878213E-17   0.1130510122926609E-16
-0.1078572609799515E-14  -0.6900415897135409E-16
 0.1096466258854876E+00   0.1056320843926946E-01
 0.1332917086038290E-01   0.1284114390057835E-02
 0.9584426561992580E-01   0.7814307377015557E-02
 0.1874047068181886E-03   0.1527934898873402E-04
 0.2390809946075863E-15  -0.1057878468645646E-15
-0.2020251464766195E-15   0.3331667739986969E-15
 0.1578719245910097E-16   0.5152564686489829E-15
-0.9643489431601100E-02  -0.6686976946778540E-01
-0.3421570268716425E-02  -0.2372581177277410E-01
 0.4578229088621281E+00  -0.3355224026554802E+00
 0.1062729336272542E-02  -0.7788371734495881E-03
 0.3835174920758653E-15  -0.2000749866270030E-15
-0.9272137215560571E-16   0.1538765254572176E-16
-0.1438717918384877E-15  -0.1385718810676681E-15
 0.6199768041489292E-16  -0.1325659524494591E-15
-0.2413969250879330E-15   0.4886492771250030E-16
-0.6068819007550479E-05  -0.1369442522812089E-04
 0.3180862132301331E-01   0.7177686231440172E-01
-0.4186241226983735E-16   0.8506880204363545E-16
-0.1503451455786019E+01   0.3700507195211264E+00
-0.5690193741523135E-15   0.1554388099589020E-15
-0.2896576999456262E-15  -0.7521498096318070E-16
-0.3252297478900231E-15  -0.2813236975588710E-16
-0.8949904435322291E-03  -0.3375927078126060E-03
 0.6724627365770589E-01   0.2536546817730443E-01
 0.6224236840963105E-15  -0.9384796257642952E-16
 0.8253815563340581E-16  -0.1241934359367373E-15
 0.8642750718339505E-14   0.7658489150089876E-15
 0.1332917086038135E-01   0.1284114390058285E-02
-0.1096466258854874E+00  -0.1056320843926962E-01
-0.1874047068180595E-03  -0.1527934898861871E-04
 0.9584426561992591E-01   0.7814307377015408E-02
 0.2891116373482656E-15  -0.3321837693380559E-15
 0.4539688962268591E-15   0.7272248577389360E-16
 0.2151144430983673E-15  -0.1013488574379741E-14
 0.3421570268716550E-02   0.2372581177277408E-01
-0.9643489431600340E-02  -0.6686976946778560E-01
-0.1062729336271730E-02   0.7788371734494216E-03
 0.4578229088621273E+00  -0.3355224026554801E+00
 0.8446028176735004E-16  -0.1216937002281583E-15
-0.6059402052386095E-15  -0.2046665666994631E-16
-0.4027039178523892E-15   0.1207212781394136E-15
-0.1034678692640708E-15   0.3269980829867585E-15
-0.1849639037841093E-15   0.1558506944829604E-15
 0.3180862132301344E-01   0.7177686231440188E-01
 0.6068819007686123E-05   0.1369442522817063E-04
 0.3703906510499872E-15   0.3673697635454055E-16
 0.1286913865811832E-16   0.2073556253889166E-16
-0.1503451455786017E+01   0.3700507195211259E+00
-0.3367743664371621E-01   0.9220181620675426E-01
-0.9558754800606461E-02   0.1340064037124483E-01
 0.4599476931968254E-01  -0.3153563204977432E-01
-0.5861445883760755E-15   0.1123974670868634E-14
 0.3336017465912458E-15  -0.2124390886776491E-15
-0.1120494686122131E-01   0.5984854760563556E-01
 0.6096209103590752E-01   0.2880906252729028E+00
 0.2657745906993536E+00  -0.1838726790328963E+00
-0.3443282822772414E-15   0.4498471424384392E-15
 0.2107896116365352E-13  -0.1464639797839782E-13
 0.4839259563141535E-15  -0.2452067212897218E-15
-0.6544325886886533E-15   0.2171630598978218E-15
-0.1893366220733449E+00   0.2405119362819574E+00
 0.9201418524898267E-02   0.3727910426438419E-02
-0.3153183913274019E+00   0.1563971125471289E+00
-0.3151476693232412E-14   0.1612782719275768E-14
 0.2510418140097944E-14  -0.1802785938262842E-14
-0.2885069724024263E-15  -0.8177980286655650E-16
 0.3895636113444449E-15  -0.5267351661033617E-15
 0.6861412563126740E-01  -0.4982512216968851E-02
 0.1212422598663495E+00  -0.6972921491381900E-01
 0.2007354062211359E+00   0.7650024124734147E+00
-0.4541786855285525E-15  -0.1147931996120312E-14
-0.5826806085675567E-16  -0.1327478379186494E-15
-0.2676301775972048E-15  -0.1603056481784138E-14
 0.4444692048746502E-15  -0.1320808079287618E-15
 0.3556100974508796E-02   0.2325595837141504E-02
-0.3885819610057671E-16   0.3942299622372598E-16
 0.4016723299310599E-16   0.1088063580941171E-15
-0.1609419978162483E+01   0.3556154448203871E+00
-0.2635886605795426E-01   0.1698820656065527E-01
 0.5150070280485097E-01   0.1142151333307934E+00
-0.5228761912776511E-01   0.1126839043363748E-01
-0.1103419622029768E-14   0.2535597610847913E-15
-0.9461854636155357E-17   0.1655082139563332E-15
-0.2822743820283058E-01   0.2207393952647576E-01
 0.1423965254296701E+00  -0.1035612294183917E+00
 0.1949671922059821E+00  -0.1322040705047235E+00
 0.7324692390744327E-15  -0.2334996736771728E-15
 0.1557896002395065E-13  -0.1031931568670423E-13
 0.3779421888160736E-15  -0.1417888518292567E-15
 0.3989887300629009E-15  -0.2615941611392505E-15
-0.1429213870994989E+00   0.5517182341071986E-01
-0.4290668483195176E-01   0.3956592640572505E-02
 0.2102666183789305E+00  -0.1366117893345615E+00
 0.1184329966294060E-14  -0.1315890493766249E-14
-0.1815102002256661E-14   0.7819313902885251E-15
-0.9944926029112450E-16  -0.1179209313355551E-15
-0.7280247362967796E-16  -0.8218800308895224E-16
-0.6930339140306463E-01   0.1044694929521297E+00
-0.1876999404639361E+00   0.1898732879731675E+00
 0.3756799019343919E+00   0.4293130434605236E+00
-0.5741604838174316E-15  -0.7314979988009451E-15
-0.3218775427749700E-16  -0.1168126292348528E-15
-0.7904394374553334E-15  -0.9107001068458799E-15
 0.1410335814394291E-15   0.2887243865198738E-16
-0.1251922980195312E+00  -0.8969495960015955E-01
 0.7225049008704687E-16   0.2418086451586159E-16
 0.1334111914267929E-16  -0.5162964074301220E-16
-0.1403688563574203E+00  -0.1804141269704890E-01
-0.1656032911289224E+01   0.2608398001880256E+00
 0.7111477517545918E-01   0.1329750589084375E+01
 0.1406766637454729E+00   0.4800270777283296E+00
 0.4438475468801278E+00   0.2271111999585388E+01
-0.1961457395287378E+00  -0.2793553460622924E+00
-0.1827650510779898E+00  -0.1883514620861579E+00
 0.1553391078546816E+01   0.2957327296996521E+01
 0.3061570160555568E-15   0.4454837325337426E-15
 0.1932878611051127E-14   0.2518265848395594E-14
 0.2907739534870453E-14   0.8007105770685041E-14
 0.1201515763094096E+01   0.2825780380459762E+01
 0.3134912454895733E-16   0.6189821325790541E-15
-0.3214309771511691E-14  -0.5105452040053268E-14
-0.5875161402648050E-15  -0.1770129445157130E-14
-0.2359223927328458E-15   0.5038829596626382E-16
 0.1201515763094091E+01   0.2825780380459751E+01
-0.5263827572330528E-01  -0.8258912551327637E-01
 0.9345684385631395E-01   0.1345174871583064E+00
 0.1581617254222539E+00   0.3941645735212646E+00
-0.2661734822078790E-13  -0.2819741583131012E-13
 0.7945307523577179E-14   0.8637298192451857E-14
-0.2431599622602039E+00   0.1291801622021267E+01
-0.4162119816866706E-02  -0.2439754486814931E-01
-0.7719616715085657E-01  -0.1416739744532083E+00
-0.2276221455418436E+00  -0.6882110716815407E+00
 0.2371472062469186E-14   0.8690482284069114E-14
-0.1335077373923900E-14  -0.1624593064531389E-14
 0.1613664629248150E+00   0.4202437153642573E+00
 0.1669476754267061E+01   0.1253455642082338E+02
 0.2065819248293904E+00   0.9745429151402625E-01
-0.1598976483211530E+00  -0.2686501665256713E+00
-0.3363812198517654E-02   0.1417546998313400E+00
-0.1155807296456297E-14  -0.5473700195474074E-15
-0.2639653022935028E-13  -0.1068034565385008E-13
 0.6822306368405659E-01   0.4924525482817622E-01
-0.2890628509545096E+00  -0.2097907270973182E+01
-0.8124386399546263E+00   0.1051418714745778E+01
 0.6546969209773934E-15   0.1341712746166141E-14
-0.1284504129909336E-15  -0.1590146634452998E-15
 0.9197546156503408E-15   0.7389542573547756E-15
 0.3281307629757202E+00   0.1250190130118055E+00
-0.3546463355773929E-01  -0.1351215425218144E-01
-0.6300503549226745E-14  -0.2973015050442517E-14
 0.7207615708657406E-15   0.1660727194416458E-14
-0.1994655793270314E-15  -0.4704620955828625E-15
 0.7913128852205212E+00   0.2234064458076789E+01
 0.1501006563190642E-13   0.5468383635389903E-14
-0.1385988492114260E-13  -0.2198440161568384E-13
-0.4324832445788072E-15   0.1128939033821016E-13
 0.3546463355773923E-01   0.1351215425218054E-01
 0.3281307629757199E+00   0.1250190130118050E+00
 0.6623169926416127E-14   0.4257722570881440E-14
-0.2289675680104098E-13  -0.1690291745107502E-12
-0.1266727806654561E-12  -0.9267882183650087E-13
-0.4675079767757495E-15  -0.7875644580934704E-15
 0.7913128852205212E+00   0.2234064458076791E+01
 0.2147603708172132E-15   0.4351584643041988E-15
 0.7516572725522318E-18  -0.7329404209036736E-16
 0.7504188147436369E-15   0.7175957312053227E-15
 0.1428783513864740E+00   0.1059493841694509E-01
 0.2181016189492446E-02   0.1617301150929053E-03
-0.2666207032440778E-14  -0.7241515050471464E-15
-0.1699636976725399E-14   0.2526052429590440E-15
 0.1124222797837224E-14   0.3501326717700737E-15
-0.5255254620790476E-01  -0.5000702094771162E-02
-0.6492839655436285E-02  -0.6178341338115173E-03
 0.3552601649418132E+00   0.1829316052912953E+01
 0.3548048408121005E-15   0.1321442422225726E-15
-0.1725003581855385E-15  -0.5555709276384823E-15
 0.6607432361071902E-15   0.2856997586617452E-15
 0.2181016189493034E-02   0.1617301150940375E-03
-0.1428783513864740E+00  -0.1059493841694524E-01
-0.4886323533648045E-15   0.4232118432126685E-16
-0.1418711976240519E-14   0.2837543605534562E-14
-0.3592509614808673E-14  -0.7674100648726387E-15
-0.6492839655436087E-02  -0.6178341338115438E-03
 0.5255254620790464E-01   0.5000702094770440E-02
-0.5855369357779527E-16   0.9448144306853368E-16
 0.3552601649418136E+00   0.1829316052912955E+01
 0.1902720083901291E+00   0.3279462162424006E+00
 0.2185897196782570E+00   0.3563023284176546E+00
-0.1672134332315059E+00  -0.1562416651844746E+00
-0.1749437955001070E-14   0.8967586084137183E-15
 0.9399960561114630E-15   0.8641448390178648E-15
-0.8122885517768161E-01  -0.2857155786332847E-02
 0.7814310427659973E+00   0.2922988696279612E+00
 0.1723337767544110E+00   0.1545864368512939E+00
-0.3733241774337167E-15   0.3227212729408756E-15
 0.1314737041142399E-13   0.1037412395590657E-13
-0.2192428548803767E-15  -0.4330887919337156E-15
-0.9081595622228683E-15  -0.1583896175339308E-14
-0.1241261250082003E+00   0.1717999778122056E+01
-0.1975589932638451E+00  -0.3300740387521732E+00
-0.3967360295122780E-02  -0.5358166246943607E-01
-0.3020267945282560E+00  -0.3597003043635492E+00
 0.6349129040683937E-15   0.6095636765762718E-14
-0.8872472508957273E-15  -0.1887484425909267E-14
-0.5629599501677202E-02   0.2694463375185247E+00
-0.4368983623379855E-01   0.1517582971376132E+00
-0.1909122625754483E-01  -0.6930459952497242E-02
 0.6051873680365532E-15   0.3032010912053639E-15
-0.1144194709467838E-14   0.5720659062641713E-15
 0.4619909158970057E-15   0.1424297868435118E-15
 0.2734839819422765E-15   0.1642211791583333E-15
-0.1126647183961977E+00  -0.1111602199688172E+00
-0.5974863578070843E-01   0.1357349294402197E+01
 0.4556414499431060E-01   0.5856858499073209E-01
-0.2963787017577638E+00  -0.3763761385016546E+00
 0.2043599284198073E+00   0.1307711939040694E+00
 0.2307160601579882E-14   0.4695271581422690E-14
-0.6423179933072350E-15  -0.1694819746394583E-14
 0.1773547123176110E+00   0.2809293319999462E+00
-0.6848024565751919E+00   0.2128296980665384E+01
 0.3829853119941982E+00  -0.3332978652154597E+00
-0.1509123526621958E-14   0.5157996966638776E-16
 0.3002807425263942E-13  -0.2553114063924954E-13
-0.4931187736777887E-15   0.3199453750576253E-15
-0.2133392138801649E-14   0.4925648814015208E-15
-0.4981111936401222E+00  -0.8150764460511187E+00
 0.1702152755330764E-01   0.1169816420438774E+00
-0.6680014610936393E+00   0.1853466033687550E+01
 0.9963152117969948E-15   0.1881677801094487E-14
-0.2623412733826136E-14  -0.3190537019640650E-14
 0.2028089984938621E-14   0.1231544617651482E-14
-0.5038429668174500E-01  -0.1706170610923926E-01
-0.1863523372658706E-01  -0.6310475724774823E-02
 0.2503544770185520E-14   0.3021794229213116E-14
-0.6229984309488878E-14   0.2107661788926217E-13
-0.3714479235211196E-15  -0.2583619263108596E-14
 0.1131964069172902E+00  -0.1628840754794787E-01
 0.5635415611150945E-01  -0.8109086558159482E-02
-0.5458447975354642E-01  -0.6836253370555417E-01
 0.1924683242746602E-01   0.2410506130109840E-01
-0.5277225664504060E-14  -0.8354632119148962E-14
 0.5454676310185825E-15   0.1460480485199379E-14
-0.9712524178001872E-14   0.1925344113399209E-14
 0.2740739468876047E+00   0.1585237979077011E+01
-0.1156499553968047E-14  -0.2531861632271946E-14
 0.1720674916807362E-14   0.1644571490829736E-14
-0.1989947516099418E-14  -0.1607976055264140E-14
-0.1863523372658712E-01  -0.6310475724774716E-02
 0.5038429668174445E-01   0.1706170610923869E-01
-0.5840848240468281E-15  -0.1274059810742857E-14
 0.2307250062385997E-14  -0.1577024694273770E-13
 0.6312638249224473E-14   0.1127568453181513E-14
 0.5635415611150930E-01  -0.8109086558159177E-02
-0.1131964069172904E+00   0.1628840754794854E-01
-0.1924683242746585E-01  -0.2410506130109825E-01
-0.5458447975354647E-01  -0.6836253370555510E-01
 0.3789182786929641E-14   0.5352509864729222E-14
-0.8705765329280837E-15  -0.1421366914725334E-14
 0.7512709016470344E-14  -0.5271128137142409E-15
-0.1127570259384925E-15   0.6765421556309548E-16
 0.2740739468876043E+00   0.1585237979077011E+01
-0.4047988729187726E-15  -0.3837103734133173E-15
 0.1221049117137388E-15  -0.9136738961259418E-16
-0.7317674052127085E-15  -0.2449889763061914E-15
 0.1277328292079568E+00   0.8251250637410366E-01
 0.1996578533823147E-02   0.1289744383021962E-02
-0.2407849136216390E-14  -0.1333952610446965E-14
-0.8103756315880894E-15   0.4639893991074230E-15
 0.1938636207196508E-14   0.6789074467958735E-15
-0.1903736477100654E+00  -0.8372909206618065E-01
-0.2359130086449678E-01  -0.1037579636574852E-01
-0.1328697425638361E+00  -0.4999164348086819E-01
 0.4862518268989601E-04   0.1829500645006401E-04
-0.1835845208360278E-15  -0.4331953377214775E-16
 0.6941655503796723E-15   0.1733964126252327E-15
 0.5815563718377817E-16   0.8083781584557362E-15
-0.9611426444517149E-01  -0.8323662581590492E-01
-0.3385095465960731E-01  -0.2931551588911351E-01
-0.1134387510087489E+01   0.7047764333814457E+00
-0.2035818999574198E-15  -0.2904573800784447E-15
 0.4101536679105431E-15  -0.9670982440876586E-16
-0.3141850383739535E-16  -0.3549383465515169E-15
 0.1996578533822953E-02   0.1289744383021843E-02
-0.1277328292079567E+00  -0.8251250637410336E-01
-0.1228587936723352E-14  -0.6868948061877016E-15
-0.1250856325448383E-14  -0.7048760186818662E-15
-0.1514934303854044E-13  -0.6515071820556280E-14
-0.2359130086449559E-01  -0.1037579636574853E-01
 0.1903736477100658E+00   0.8372909206618094E-01
-0.4862518269038467E-04  -0.1829500645020755E-04
-0.1328697425638359E+00  -0.4999164348086723E-01
-0.2824738752842015E-15  -0.7669474120575787E-15
-0.7360904717196542E-15   0.5781552519365056E-17
-0.1462435895219123E-14  -0.8719917495958557E-15
 0.3385095465960695E-01   0.2931551588911364E-01
-0.9611426444517250E-01  -0.8323662581590617E-01
-0.6496827408735209E-16   0.1006677481988055E-15
-0.1134387510087491E+01   0.7047764333814467E+00
 0.1381627019615099E+00   0.2482496689533892E+00
-0.5843684806195353E-01   0.1384558902742381E+00
 0.2892309842529840E+00   0.2090339937421957E+00
 0.3054107209813552E-14  -0.1906825269614877E-14
-0.6115974693626113E-15   0.1554974318111211E-14
 0.1767004254038697E+00  -0.1192734657211312E+00
 0.4147549230392005E+00  -0.6331676614626481E+00
 0.5903183780841915E-01   0.2163084492024515E+00
-0.3982463517805955E-15  -0.2369123243251023E-15
 0.5352374098565897E-14   0.1798910298576929E-13
-0.3530811679501503E-15  -0.1217640278391009E-15
 0.9821167786251630E-15  -0.2748166333058822E-16
-0.9817986356488574E-01   0.9557170750327601E-01
 0.4581803442715197E+00   0.3989436861200637E+00
 0.6634279198977749E+00   0.1097803659017643E+00
 0.6077279228698407E-14   0.8399159248817165E-15
-0.3512590724066463E-14  -0.1253534178249341E-15
-0.8273408878800909E-17  -0.1119883277043227E-15
-0.5778283657056637E-15  -0.8222354266099070E-15
-0.3617789212631015E+00   0.1345537789046650E+01
 0.1676039091893616E+00   0.1203797124745583E+00
 0.1141710422283440E+00   0.1952824170043040E+00
-0.2788442468376476E-01   0.6678820585562384E-01
 0.6626246152469082E-15   0.4914047201692162E-14
 0.3647196350554973E-16  -0.1338350615035567E-14
 0.2490422377906457E-01   0.2807751554550397E+00
 0.5069063360481907E+00  -0.6259880392184450E+00
-0.9787085907788612E-01   0.2089733824046368E+00
 0.1136177819184763E-14   0.1595415624150973E-15
-0.7827920189904613E-14   0.1669632132423536E-13
 0.6191292696656273E-15  -0.3377119102914842E-16
 0.8255454208695178E-15  -0.2758408710058836E-15
-0.9657869684977673E-01   0.1202270530213508E+00
-0.1361052438731908E+00  -0.1789389164433617E+00
 0.5460099056457761E+00  -0.1486253537224583E+00
 0.5098099761635252E-14  -0.8634172065290149E-15
-0.4303341516234437E-14   0.4172733989773898E-15
 0.3237488668761619E-15  -0.5498433876256107E-15
 0.4272392707781035E-15  -0.4426712585297270E-15
 0.1036304892441502E-01   0.2760888424140607E+00
-0.1107238173548938E+01   0.6894388629178781E+00
 0.1165503296139250E+00   0.4642326777957449E+00
-0.7374317994017048E-01   0.3723332932626652E+00
-0.2735246718848751E+00  -0.1216127655108726E+00
 0.6205153904864976E-14   0.2921578345231199E-14
-0.3973045283034092E-15   0.9864297421302181E-15
 0.2130431133945548E+00   0.1958661985495340E+00
 0.4347515119182794E+01   0.5731291959247707E+00
-0.1386022681899282E+01  -0.4822731558762942E+00
 0.1509182729624512E-15   0.1179905054705331E-14
-0.1124611067255603E-12  -0.3812162365392276E-13
 0.1901401957746992E-14  -0.2509281659447725E-14
 0.2286555129351837E-14  -0.4368473213031013E-15
 0.1228418068648648E+00   0.9350646805017545E+00
 0.9611127717569760E-01  -0.5709814024302786E-02
 0.1380136853135958E+01  -0.2792765884724959E+00
 0.1414401608999447E-13  -0.2182578623603806E-14
-0.8550021609289253E-14  -0.1031055791322894E-14
 0.9813977124360407E-15  -0.6454762374286476E-15
-0.1527754254717292E-16  -0.1575025317346142E-14
-0.4553521639023981E+00   0.3884821756674532E+00
-0.4103076874735803E+00   0.3710777175663683E+00
-0.4623932732484921E+01   0.5425344260000254E+01
-0.1647230760710524E-15  -0.8302366057950554E-15
 0.1507762611901449E-15  -0.7094762782044761E-15
 0.2730309331644321E-15   0.2611998812721827E-15
 0.5592391859499490E-15  -0.2218823983429467E-15
-0.2774393745891185E-16   0.1226542746027559E-15
-0.4124265927633207E-15  -0.2788002531008626E-15
-0.6938721298202564E-14  -0.6511170516410383E-15
 0.2236872589249994E-14   0.6280968088993108E-15
-0.5415363113913777E-15   0.1796780179116778E-15
-0.6140013319772065E-18  -0.1278572503580633E-15
-0.1433709944084826E-15  -0.7718995658065934E-16
-0.5969836602295010E-16   0.9577135728767781E-16
-0.4877934618426979E-16  -0.1609317947898485E-14
-0.1699142540246342E-15   0.4188056966985292E-17
-0.2335760435807494E-14   0.4366372978299478E-15
 0.3032118420344304E-15   0.7197905363913589E-16
-0.5146935261751902E-16   0.3548249146127246E-16
-0.8972862540150398E-16   0.6006629581316010E-16
-0.1376176239778934E-15   0.1073715269496670E-15
 0.5972340510311010E-15  -0.6859031589821184E-15
 0.6449425695655515E-15  -0.5892273062754714E-15
 0.5970582567588112E-14  -0.7318289205512837E-14
-0.9533149129919080E+00   0.8304683150891703E+00
-0.3229603717715956E-15   0.8884327675738987E-16
 0.1832641524936051E-15  -0.4109693424137803E-15
-0.5928356987316546E-16  -0.1872245262139023E-16
-0.1840348770877507E-15   0.3967758325426563E-15
 0.4486530169308869E-15  -0.6403604265322357E-15
 0.6912014599160942E-15  -0.4860887479149422E-15
-0.4655210991216035E-15   0.1223923370592736E-14
-0.4809656590816999E-15   0.4712212197541473E-15
 0.5508928680625192E-15  -0.3335282865393875E-15
 0.6346320571374517E-16  -0.3943371204184251E-15
 0.4297269460956550E-16   0.1561278604269173E-15
 0.2923206421018055E-15   0.6647506795524910E-16
-0.2121295160747216E-15  -0.4092078730380488E-15
 0.2746414371066404E-15  -0.2752778331993778E-15
-0.8240356345860239E-16   0.4218586686954045E-15
-0.3750345987983607E-16   0.9203644767500641E-16
 0.1386251604678965E-15  -0.5573681940502327E-15
 0.8105332607513599E-16  -0.7458862503661803E-16
 0.4953428442800432E-16   0.1142358398403789E-16
-0.3760116568215937E-15   0.2958167218390932E-15
 0.7766968290370037E-16  -0.1407093971084813E-15
 0.1490405960362955E-14  -0.1019955964734698E-14
-0.1561251128379127E-16   0.3989863994746656E-16
-0.9533149129919093E+00   0.8304683150891708E+00
-0.3230497747153613E-15  -0.7056332366979555E-15
 0.3774640755205933E-16  -0.1429972170122825E-14
 0.4101816272147681E-15  -0.1972633589305712E-16
-0.8279297307319796E-03  -0.2954285691149774E-02
 0.6311247881917165E-01   0.2252030410161721E+00
-0.1651565161471764E-17   0.8631737310061213E-15
-0.8838489774420351E-14  -0.1740151311769551E-14
 0.1296852114490527E-13   0.1407100720565978E-13
 0.1563165251304262E-01   0.2000263239890515E-01
-0.1287921066385811E+00  -0.1648054268621061E+00
-0.2803330780240510E-03  -0.2230328825673512E-03
 0.1306246218605972E+00   0.1039248958885420E+00
-0.4568930468525270E-15  -0.2138557294508281E-14
 0.8230726188955582E-16   0.4510168229705714E-15
-0.4278996619256761E-14  -0.3349038021230617E-15
 0.5057052141621687E-01   0.1915448560823753E-01
-0.1424437191016265E+00  -0.5395309542212735E-01
 0.3330662776949571E-03  -0.4013711660994623E-04
-0.1325869103750498E+00   0.1597776970849014E-01
 0.6199662182586709E-15  -0.4113767672336738E-15
 0.1278746199314951E-14  -0.1319065111661730E-14
 0.7023933914238634E-14  -0.9177553820499559E-14
-0.3173946602414084E-16   0.1054022594603519E-16
 0.1904369385211764E-15  -0.7950273593279417E-16
-0.9421161984750915E+00   0.8627925924347463E+00
-0.3540534332078165E-15   0.2406553768161185E-15
 0.8422292219185633E-16  -0.3201015154753525E-15
-0.6570760952365702E-15   0.1545518150176900E-15
-0.6311247881917174E-01  -0.2252030410161718E+00
-0.8279297307317782E-03  -0.2954285691150050E-02
 0.9098720116147067E-15   0.4130436265416317E-14
-0.1403915016485995E-15  -0.4985492684545784E-16
-0.1411307242687374E-14  -0.1378490798223852E-14
 0.1287921066385798E+00   0.1648054268621058E+00
 0.1563165251304277E-01   0.2000263239890519E-01
 0.1306246218605962E+00   0.1039248958885424E+00
 0.2803330780246825E-03   0.2230328825672225E-03
-0.1643932811166746E-16  -0.2387002708681397E-16
 0.2423160795380697E-15   0.1641284813536874E-15
 0.1017003875207189E-14   0.2774649839526522E-15
-0.1424437191016256E+00  -0.5395309542212770E-01
-0.5057052141621701E-01  -0.1915448560823740E-01
-0.1325869103750499E+00   0.1597776970849004E-01
-0.3330662776949302E-03   0.4013711661001664E-04
 0.2521714676488136E-16  -0.1083139095290183E-15
-0.1988597731545177E-15   0.1168474071411798E-15
-0.1388728720431990E-15  -0.3147564368652494E-15
-0.5577521765019144E-16  -0.4445482966023666E-16
 0.1105429355662615E-15  -0.4987368457866744E-16
 0.1710899937627547E-16  -0.3931823470068678E-16
-0.9421161984750884E+00   0.8627925924347430E+00
 0.9966720480241119E-01   0.1484447851384133E+00
 0.1301931178892979E-01  -0.2286782559975534E+00
-0.1590439763819620E-01  -0.4424955110860206E-01
-0.3965079577938209E-15   0.5791612589727236E-15
 0.3272609793851606E-15  -0.6473195536355465E-15
-0.2427528352147800E-01   0.2374462252273201E-01
 0.1288545589391714E+00  -0.1880887096850199E+00
 0.8885677631456190E-01   0.4323170061124975E-01
 0.3438753280382251E-15  -0.4979536656236430E-16
 0.6910919763014327E-14   0.3366582485301469E-14
 0.5487565283041207E-15  -0.2179585948449092E-15
-0.8969886812229174E-16  -0.6148138005565627E-15
 0.2219570149943868E+00   0.4895036539160045E-01
 0.3004196078843886E-01   0.1258914147972116E-01
 0.2231608543973281E-01  -0.2733678488582638E+00
 0.1506247976848633E-15  -0.2725920030615540E-14
-0.8271765791485705E-15   0.1954066866428006E-14
 0.7357441585488908E-15  -0.3902843463449698E-15
-0.1829335672582619E-15   0.1942145640192569E-15
-0.2760819486768892E-01   0.2821102616335199E-02
-0.1931367230493171E+00  -0.6284067874197831E-01
 0.6880576074412996E-01  -0.2883290110181969E-01
 0.5078509232537885E-15  -0.4596085247815092E-15
-0.1242615747114319E-15  -0.1918942566356361E-16
-0.4410013929161979E-15   0.1329720037349097E-15
-0.4221192563481116E-16   0.6460556565287503E-16
-0.1040846759686469E+01   0.7936043474208389E+00
 0.6181757379376474E-16  -0.5190534485542604E-16
 0.2722372674423471E-15  -0.8717738384872055E-16
-0.6508912820996276E-15   0.2100236236722455E-17
-0.7813423771053606E-01  -0.2536546817730431E-01
-0.1039899941810504E-02  -0.3375927078124445E-03
 0.1466060740802317E-14   0.4358985123097201E-15
-0.1499632452645022E-16   0.1130510122926609E-16
-0.9730280955893084E-15  -0.6900415897135409E-16
 0.1017054107759391E+00   0.1056320843926946E-01
 0.1236379858212625E-01   0.1284114390057835E-02
 0.9685588664710529E-01   0.7814307377015557E-02
 0.1893827337849930E-03   0.1527934898873402E-04
 0.2376608466190160E-15  -0.1057878468645646E-15
-0.2052058984407401E-15   0.3331667739986969E-15
 0.1210458062475155E-15   0.5152564686489829E-15
-0.1907430562032818E-01  -0.6686976946778540E-01
-0.6767682742831701E-02  -0.2372581177277410E-01
 0.4282992536507060E+00  -0.3355224026554802E+00
 0.9941970415799121E-03  -0.7788371734495881E-03
 0.3613018308677503E-15  -0.2000749866270030E-15
-0.7761240034189207E-16   0.1538765254572176E-16
-0.1597787900935105E-15  -0.1385718810676681E-15
-0.3023360511212680E-17  -0.1325659524494591E-15
-0.2369251253474426E-15   0.4886492771250030E-16
-0.2490784041587532E-04  -0.1369442522812089E-04
 0.1305499575410419E+00   0.7177686231440172E-01
-0.7181264916929036E-16   0.8506880204363545E-16
-0.1422496452346830E+01   0.3700507195211264E+00
-0.5774004202866897E-15   0.1554388099589020E-15
-0.2931675245251093E-15  -0.7521498096318070E-16
-0.1659140099465990E-15  -0.2813236975588710E-16
-0.1039899941810232E-02  -0.3375927078126060E-03
 0.7813423771053576E-01   0.2536546817730443E-01
 0.7239801256552309E-15  -0.9384796257642952E-16
 0.2384045547856387E-15  -0.1241934359367373E-15
 0.7950520616977768E-14   0.7658489150089876E-15
 0.1236379858212481E-01   0.1284114390058285E-02
-0.1017054107759388E+00  -0.1056320843926962E-01
-0.1893827337849229E-03  -0.1527934898861871E-04
 0.9685588664710532E-01   0.7814307377015408E-02
 0.3212399422936640E-15  -0.3321837693380559E-15
 0.6159645416510797E-15   0.7272248577389360E-16
 0.5309734429488803E-16  -0.1013488574379741E-14
 0.6767682742831814E-02   0.2372581177277408E-01
-0.1907430562032743E-01  -0.6686976946778560E-01
-0.9941970415791469E-03   0.7788371734494216E-03
 0.4282992536507051E+00  -0.3355224026554801E+00
-0.2572688483719083E-16  -0.1216937002281583E-15
-0.7965145254948588E-15  -0.2046665666994631E-16
-0.1760362855854386E-15   0.1207212781394136E-15
-0.5600809417969999E-16   0.3269980829867585E-15
-0.1117771159736869E-15   0.1558506944829604E-15
 0.1305499575410421E+00   0.7177686231440188E-01
 0.2490784041600844E-04   0.1369442522817063E-04
 0.2293821504150220E-15   0.3673697635454055E-16
 0.2368215529479419E-16   0.2073556253889166E-16
-0.1422496452346828E+01   0.3700507195211259E+00
 0.1001312216442355E-01   0.9220181620675426E-01
-0.1083221025250993E-01   0.1340064037124483E-01
-0.1624217865505361E-01  -0.3153563204977432E-01
-0.7282197208243103E-15   0.1123974670868634E-14
 0.4206225916551242E-15  -0.2124390886776491E-15
-0.1717831944276871E-01   0.5984854760563556E-01
 0.1539606981954139E+00   0.2880906252729028E+00
 0.2875511352173504E+00  -0.1838726790328963E+00
-0.2863162739834175E-15   0.4498471424384392E-15
 0.2280011503011278E-13  -0.1464639797839782E-13
 0.3416140675827285E-15  -0.2452067212897218E-15
-0.6671832476726914E-15   0.2171630598978218E-15
-0.1987640718391883E+00   0.2405119362819574E+00
-0.3164345165780560E-01   0.3727910426438419E-02
-0.3358717926977440E+00   0.1563971125471289E+00
-0.3326754866222189E-14   0.1612782719275768E-14
 0.2505175705849545E-14  -0.1802785938262842E-14
-0.4408562705890635E-15  -0.8177980286655650E-16
 0.2777026113918179E-15  -0.5267351661033617E-15
 0.1381570401409960E+00  -0.4982512216968851E-02
 0.1979088082202820E+00  -0.6972921491381900E-01
 0.5681971281386761E+00   0.7650024124734147E+00
-0.1045907031859207E-14  -0.1147931996120312E-14
-0.1043428543142552E-15  -0.1327478379186494E-15
-0.8934827667484490E-15  -0.1603056481784138E-14
 0.5096720886029145E-15  -0.1320808079287618E-15
 0.9735005850539301E-01   0.2325595837141504E-02
-0.2465210266690953E-16   0.3942299622372598E-16
 0.1340124565767439E-15   0.1088063580941171E-15
-0.1642267908558297E+01   0.3556154448203871E+00
-0.3492712037793472E-01   0.1698820656065527E-01
 0.9701201137621639E-01   0.1142151333307934E+00
 0.2603574623347198E-01   0.1126839043363748E-01
-0.5285886464009458E-15   0.2535597610847913E-15
 0.6346599145521762E-16   0.1655082139563332E-15
 0.8427086958910486E-02   0.2207393952647576E-01
 0.2450191306205360E+00  -0.1035612294183917E+00
 0.1208970588995430E+00  -0.1322040705047235E+00
 0.5299901215111731E-15  -0.2334996736771728E-15
 0.9725511015897558E-14  -0.1031931568670423E-13
 0.3000687399659374E-15  -0.1417888518292567E-15
 0.1423338744942554E-15  -0.2615941611392505E-15
-0.1241218128143918E+00   0.5517182341071986E-01
 0.1964556672001382E-01   0.3956592640572505E-02
 0.1051410253493182E+00  -0.1366117893345615E+00
 0.1507987988876656E-15  -0.1315890493766249E-14
-0.9245907872844968E-15   0.7819313902885251E-15
-0.8388942138094676E-17  -0.1179209313355551E-15
-0.5834821448656509E-16  -0.8218800308895224E-16
-0.1181196726642296E+00   0.1044694929521297E+00
-0.1687858850225923E+00   0.1898732879731675E+00
 0.3558253696352246E+00   0.4293130434605236E+00
-0.5430479712678244E-15  -0.7314979988009451E-15
-0.3499866148681961E-16  -0.1168126292348528E-15
-0.8020786827896905E-15  -0.9107001068458799E-15
 0.1214702557100357E-15   0.2887243865198738E-16
-0.1740646721552528E+00  -0.8969495960015955E-01
 0.4669427402204434E-16   0.2418086451586159E-16
 0.6679009168753251E-16  -0.5162964074301220E-16
-0.1834588385030705E+00  -0.1804141269704890E-01
-0.1417951314952324E+01   0.2608398001880256E+00
