-1.3203704200116501e+01
-1.3844711131534227e+01
-1.4240220262416825e+01
-1.4488473592843601e+01
-1.4643828362899024e+01
-1.4739365367641492e+01
-1.4796232798476874e+01
-1.4828221720808266e+01
-1.4844139616051274e+01
-1.4849501448267789e+01
-1.4847837787606213e+01
-1.4841515225360324e+01
-1.4832179723508297e+01
-1.4820996296541809e+01
-1.4808792202971407e+01
-1.4796151938558177e+01
-1.4783484237283231e+01
-1.4771070257693909e+01
-1.4759098825571591e+01
-1.4747692364646625e+01
-1.4736925769854144e+01
-1.4726839613792446e+01
-1.4717449203369419e+01
-1.4708750740579653e+01
-1.4700726053477672e+01
-1.4693346636725977e+01
-1.4686577259268249e+01
-1.4680379048547769e+01
-1.4674711905952661e+01
-1.4669536208083343e+01
-1.4664813875607770e+01
-1.4660508927190865e+01
-1.4656587744080991e+01
-1.4653019078900650e+01
-1.4649773973410307e+01
-1.4646825617799879e+01
-1.4644149175600912e+01
-1.4641721638360163e+01
