 0.1000000636227064E+01 -0.1911074106151752E-17
-0.9537156436398350E-02  0.4699891069863360E-01 -0.1254922927559027E-32 -0.3884333614662366E-33
-0.2191747968897036E-01 -0.2556677752984845E-01 -0.7192513611586603E-33  0.3184207711949085E-33
 0.4790146988200095E-02 -0.1306707988906769E-01  0.1313384795939006E-31 -0.1757162680465621E-33
 0.2386221300581683E-15  0.5430394315975006E-15 -0.5072486973329723E-46  0.2670847918366186E-46
-0.9240096850501548E-16 -0.2754672765014898E-16 -0.4893415864872089E-47 -0.4631812958661072E-47
-0.1575874334451675E-02 -0.2126927974838293E-02 -0.3774244079626384E-32  0.1064772052188539E-32
-0.2846641686316502E+00  0.2947468236014218E-01 -0.1217504639934907E-30 -0.2311133299223134E-32
-0.3271575040319144E-01 -0.1154229594369801E+00  0.2199871988868229E-31 -0.4996192174739031E-32
-0.2445842399883207E-15 -0.6175623283209231E-15  0.7068539982451852E-47 -0.5927340906431143E-47
-0.2719460795016636E-14 -0.9436137464595523E-14  0.1778193078479555E-44 -0.3847847520878835E-45
 0.4480324063213230E-15 -0.3503065544397710E-15 -0.9542652414628557E-47  0.2845163509944096E-47
-0.1020060573207072E-15 -0.1893753203910748E-15 -0.5872242287385305E-47 -0.5548359570859687E-47
 0.1818880330379843E-01 -0.8690980192117544E-01 -0.4208900829269005E-32  0.1989463213556000E-32
-0.7401559703577135E-02  0.3057728022781393E-01 -0.1016000567187613E-32 -0.5965504798252316E-33
-0.4699435460410371E-01 -0.4571598486634636E-01 -0.1435382670569797E-31 -0.1246695883884609E-32
-0.3113783596036164E-15 -0.5679661590654785E-15 -0.1486329685888331E-45 -0.1170670298181569E-46
 0.8714060365609869E-15  0.8992450355882418E-15  0.7656314211766826E-46  0.1217008544868259E-46
 0.1361379056616279E-15 -0.2867425200089684E-15 -0.9058713216702358E-47 -0.4648217881603203E-47
 0.2954558179932629E-15  0.3991576282298550E-16 -0.6042585982598420E-47 -0.7769620347452690E-47
 0.1457840314792694E-01 -0.6757906709246808E-01  0.5194182569146088E-32  0.2978949422332248E-32
 0.4463176807659550E-01  0.1444246438876936E+00  0.2775432126261807E-32  0.5746991383125056E-32
-0.9491505081279010E+00  0.6536993231562734E-01  0.3663387303934452E-31  0.1233001817854843E-32
 0.1609763823824205E-14 -0.1352782463368981E-15 -0.7765593136069368E-46 -0.3627147026075755E-47
 0.2632177971104526E-15 -0.1922879790002483E-15 -0.3577387501416743E-46 -0.3573899879111836E-47
 0.2168897120699391E-14 -0.4509516803643458E-15 -0.1117646232676114E-45 -0.8817463407802187E-47
 0.4074734907866184E-16  0.5050107171257697E-16  0.5046238670089432E-47  0.2665433281639086E-47
 0.8159670576843375E-01 -0.8108288367297660E-01 -0.3018940258102984E-32  0.2203820995571643E-33
-0.4707200162641386E-16  0.7910793429508384E-16 -0.7670070569903611E-48 -0.7123776265072524E-48
-0.1863357581266194E-15  0.3676453629211888E-15  0.9320900168593365E-48 -0.6215601581116402E-47
-0.1773402953851998E-02  0.1125943810376422E+00  0.1617750178327044E-32  0.6657147754019328E-33
 0.7037588088152014E-01  0.9608549076830035E+00  0.2555019431381511E-32 -0.1078810202233503E-32
 0.3096110395069245E-04 -0.1259180269504561E-13
-0.4852255867671656E-04  0.2712026117284497E-14
 0.7784797492797139E-04 -0.1099145328091699E-14
-0.1303627286884204E-03  0.5838913824369767E-15
 0.2321996257299369E-03 -0.3580438917007759E-15
-0.4492663703531838E-03  0.2449547870506117E-15
 0.9657309047314812E-03 -0.1837397172904859E-15
-0.2378316785090171E-02  0.1416604581952125E-15
-0.1348213791959845E-01 -0.1131423820144959E-15
-0.6040538814673150E+00  0.1080763639331209E-15
-0.2116546708210656E+01 -0.1254433705685571E-15
-0.6691989348322746E+00  0.7875166732102443E-16
-0.2004084471983416E-01 -0.5819798111034918E-16
-0.2270710025955437E-02  0.6543791610517149E-16
 0.9483676150801373E-03 -0.6544426788627078E-16
-0.4548007804064361E-03  0.5861302813502236E-16
 0.2445122039566731E-03 -0.5808950553261325E-16
-0.1448581399160127E-03  0.6064456985161292E-16
 0.9289877726311272E-04 -0.6336079502815962E-16
-0.6359259335837655E-04  0.6618839704899391E-16
 0.4597856054459188E-04 -0.7319854389911999E-16
-0.3483696266734999E-04  0.8048302439747149E-16
 0.2749826235344546E-04 -0.8755148987022829E-16
-0.2251332591568006E-04  0.1017178495290084E-15
 0.1897939906613496E-04 -0.1249662795719485E-15
-0.1636888973998796E-04  0.1483355255115440E-15
 0.1441516153308751E-04 -0.1594851775360435E-15
-0.1294325115049952E-04  0.2180488970900987E-15
 0.1183608146030965E-04 -0.2786372074767134E-15
-0.1101443081768052E-04  0.3934448380662090E-15
 0.1042483137138337E-04 -0.6083286247288937E-15
-0.1003219289957958E-04  0.8852580766594363E-15
 0.9815391346217226E-05 -0.1540935968412439E-14
-0.9764859120096532E-05  0.2940402020249872E-14
 0.9881677863211027E-05 -0.6898766438265975E-14
-0.1017793303418297E-04  0.2304281402548682E-13
 0.1067819135471367E-04 -0.1711798167176068E-12
-0.1144305172565939E-04  0.5853552669849061E-11
