 0.9871647716242619E+00  0.9253988502425925E-14
 0.0000000000000000E+00  0.0000000000000000E+00
-0.1363177698567032E-01  0.2356092951367596E-12
 0.0000000000000000E+00  0.0000000000000000E+00
-0.1140704709936335E-02 -0.2623165132120710E-12
 0.1363177698566962E-01 -0.2356092951367663E-12
 0.0000000000000000E+00  0.0000000000000000E+00
 0.1140704709936349E-02  0.2623165132120664E-12
 0.0000000000000000E+00  0.0000000000000000E+00
-0.1345757334022637E+00  0.2536328495643002E-13
 0.0000000000000000E+00  0.0000000000000000E+00
-0.4357227431674646E-02 -0.3817194020646350E-13
 0.4357227431674662E-02  0.3817194020646239E-13
 0.0000000000000000E+00  0.0000000000000000E+00
-0.8287333927616308E-01  0.2136446829141801E-14
 0.0000000000000000E+00  0.0000000000000000E+00
 0.5736801965839889E-03 -0.1476508723109216E-13
 0.0000000000000000E+00  0.0000000000000000E+00
 0.4800607749946972E-04  0.1644121826428563E-13
 0.0000000000000000E+00  0.0000000000000000E+00
 0.0000000000000000E+00  0.0000000000000000E+00
 0.0000000000000000E+00  0.0000000000000000E+00
 0.0000000000000000E+00  0.0000000000000000E+00
 0.1524442376199433E-10 -0.1005797942348196E-14
 0.0000000000000000E+00  0.0000000000000000E+00
-0.7110384602507569E-02  0.2793822408257218E-14
 0.0000000000000000E+00  0.0000000000000000E+00
-0.4499135978623061E-03 -0.1151704182782375E-14
 0.4499135826178823E-03  0.2157502125130630E-14
 0.0000000000000000E+00  0.0000000000000000E+00
-0.1771757283766993E-02  0.1063214874242927E-14
 0.0000000000000000E+00  0.0000000000000000E+00
 0.2877724248807785E-04 -0.3357494600277643E-15
 0.0000000000000000E+00  0.0000000000000000E+00
 0.3438779365396850E-03  0.8046155607161159E-15
-0.5736801965851383E-03  0.1476508723109225E-13
 0.0000000000000000E+00  0.0000000000000000E+00
-0.4800607749953688E-04 -0.1644121826428544E-13
 0.0000000000000000E+00  0.0000000000000000E+00
 0.7110384602507560E-02 -0.2793822408257405E-14
 0.0000000000000000E+00  0.0000000000000000E+00
 0.4499135826178850E-03  0.2157502125130881E-14
-0.4499135978623078E-03 -0.1151704182782338E-14
 0.0000000000000000E+00  0.0000000000000000E+00
 0.1771757283766951E-02 -0.1063214874242973E-14
 0.0000000000000000E+00  0.0000000000000000E+00
 0.1524441889370274E-10 -0.1005797942348097E-14
 0.0000000000000000E+00  0.0000000000000000E+00
 0.0000000000000000E+00  0.0000000000000000E+00
 0.0000000000000000E+00  0.0000000000000000E+00
 0.0000000000000000E+00  0.0000000000000000E+00
-0.2877724248807935E-04  0.3357494600277546E-15
 0.0000000000000000E+00  0.0000000000000000E+00
-0.3438779365397742E-03 -0.8046155607161326E-15
 0.0000000000000000E+00  0.0000000000000000E+00
-0.2254733511164558E-02 -0.5389165597661008E-15
 0.0000000000000000E+00  0.0000000000000000E+00
-0.1284524191809865E-03  0.6864410267854310E-15
 0.1284524191809736E-03 -0.6864410267854176E-15
 0.0000000000000000E+00  0.0000000000000000E+00
-0.7305306299421103E-03  0.2790197940530770E-16
 0.0000000000000000E+00  0.0000000000000000E+00
-0.7501281498885228E-05  0.7197299833509403E-15
 0.0000000000000000E+00  0.0000000000000000E+00
-0.8963534057400397E-04 -0.1939159747351619E-15
 0.7501281498885540E-05 -0.7197299833509449E-15
 0.0000000000000000E+00  0.0000000000000000E+00
 0.8963534057401223E-04  0.1939159747351609E-15
 0.0000000000000000E+00  0.0000000000000000E+00
 0.3190297849194985E-03 -0.1421059889717997E-16
-0.9630011532736219E-02  0.4684978619094907E-01  0.9291488983947072E-01  0.7775580741056373E-02  0.2928793108669070E-15  0.7231545199916414E-14  0.6972405571521667E-14  0.1244486030657915E-13
-0.2194914315899409E-01 -0.2669689789793281E-01  0.4538516071372305E-01  0.3798053089388883E-02  0.3888505024919382E-15 -0.1279982651498409E-13 -0.4198098748440622E-14  0.2933778737225017E-13
 0.4823877939716270E-02 -0.1406978170738227E-01 -0.5649529259355555E-02 -0.4727814876700352E-03 -0.1580074197566475E-15  0.9581042926075909E-15 -0.6330732260256373E-14  0.4246162005681581E-14
-0.3419312325906220E-10  0.9993935906987181E-09  0.1281213979623171E-02 -0.1530996936360558E-01  0.4321849671610013E-15 -0.7468596575134833E-14  0.7153611737323907E-14 -0.9847521229497139E-15
-0.9438179855811994E-10  0.2758559431125636E-08  0.3536451459872941E-02 -0.4225911078681129E-01  0.1190573804118076E-14 -0.2057186668372277E-13  0.1974358050024692E-13 -0.2752657306966202E-14
-0.1586502930707155E-02 -0.1922528860328891E-02 -0.6314474385899800E-02 -0.5284265784178037E-03 -0.4043465662019879E-15  0.5233756909320546E-14 -0.1209497683030068E-14  0.1620994529499510E-13
-0.2843542144220660E+00  0.2667467889580438E-01 -0.7854150818409120E-01 -0.6572739598382348E-02  0.1027464403867497E-15  0.3096972911518509E-14 -0.2446693536604861E-13  0.4082337766226319E-14
-0.3221998387957051E-01 -0.1255450670159390E+00  0.8653685897001061E-02  0.7241751254975793E-03 -0.1112985292303297E-14  0.7375671169753218E-14 -0.5152053030125315E-13 -0.8509170723071235E-14
 0.4228382884788250E-10 -0.1235867648957316E-08 -0.1584374581522796E-02  0.1893261132757727E-01 -0.4826102970475560E-15  0.7958842340917620E-14 -0.1359926749752515E-13  0.6628670367360623E-14
 0.1721446430408983E-09 -0.5031484036887445E-08 -0.6450321347878937E-02  0.7707863307177060E-01 -0.1963446198004387E-14  0.3237891730938922E-13 -0.5534056350802902E-13  0.2698160761803026E-13
 0.6409838388709915E-10 -0.1873437798684205E-08 -0.2401737659847857E-02  0.2869975708715443E-01 -0.7059351785830683E-15  0.1153305477871797E-13 -0.2345867345053839E-13  0.1337351841957486E-13
-0.1677447552660556E-09  0.4902795987584704E-08  0.6285360748064463E-02 -0.7510742313380289E-01  0.1849479587405443E-14 -0.3021480306249564E-13  0.6145096354178152E-13 -0.3502519901445805E-13
 0.1851050619231995E-01 -0.9235278348561539E-01 -0.3858244407787093E+00 -0.3228770407036163E-01 -0.3663183994944985E-14  0.3629403806747871E-13 -0.4441606337221275E-13  0.2356877679725760E-13
-0.7458096166715004E-02  0.3136569005767737E-01  0.5069392001154675E-01  0.4242320089700879E-02  0.5214428753993520E-15 -0.1266518821154757E-14  0.1160319576213958E-13 -0.2268121603189985E-14
-0.4712590724370385E-01 -0.4349153100014796E-01 -0.5130986665986677E-01 -0.4293866221967889E-02  0.1286630764436432E-14 -0.2727767463154116E-13  0.3445550594533062E-13 -0.9407639133040426E-14
-0.1647396115638743E-09  0.4814974087680095E-08  0.6172784295107591E-02 -0.7376218176616821E-01  0.1224823648635924E-14 -0.2037009453086297E-13  0.3817208457126544E-13 -0.2593939227141406E-13
 0.1945121118179625E-09 -0.5685143419412180E-08 -0.7288339458169577E-02  0.8709259779467454E-01 -0.1445573165176207E-14  0.2403917006252925E-13 -0.4508073164403091E-13  0.3063017196447805E-13
-0.2077291476344112E-09  0.6071518858164667E-08  0.7783695236579258E-02 -0.9301189145753769E-01  0.1233348755025552E-17 -0.6160020164908282E-15 -0.2783049033243175E-13  0.1052623159252280E-13
 0.5445532757041152E-09 -0.1591621435275187E-07 -0.2040460693897254E-01  0.2438264896244610E+00 -0.3397851576544313E-17  0.1616508794769567E-14  0.7294014347830123E-13 -0.2758633982888271E-13
 0.1499218545390016E-01 -0.7449484055538069E-01 -0.2762662179895694E+00 -0.2311932879485404E-01 -0.3323457682670929E-14  0.3267764279130224E-13 -0.8353982255171498E-13  0.2471646911693856E-13
 0.4495761137057071E-01  0.1395760920105857E+00 -0.2064316382496138E+00 -0.1727521176178048E-01 -0.1463398608117369E-14  0.2755765724188295E-13 -0.1096149427439806E-12  0.7728554933110337E-14
-0.9491717841462699E+00  0.6518096971094232E-01 -0.4315959996725351E-01 -0.3611802474853044E-02  0.2023733227776001E-14 -0.2016071271487443E-13 -0.4452480352679335E-14 -0.1981639674772228E-15
-0.1310558793789797E-03  0.2971002822865929E-02  0.6577197674614095E-02  0.5504126352438245E-03  0.1013680556415114E-15 -0.1235789101489045E-14  0.8480772156073849E-14 -0.9816920731624886E-13
 0.1325678930206475E-03 -0.3005284384880417E-02 -0.6653238665055551E-02 -0.5567761237657098E-03 -0.1025404515958248E-15  0.1250101623987945E-14 -0.8578471514191799E-14  0.9930107375929365E-13
-0.1073951434085355E-08  0.3138937235968928E-07  0.4024112806891777E-01 -0.4808645922454449E+00  0.5606359087560829E-14 -0.8658931454405743E-13  0.1358971382987244E-12 -0.5170076177168944E-13
 0.4066790582165623E-09 -0.1188636007253837E-07 -0.1523829552272717E-01  0.1820912363714543E+00 -0.2122941121521300E-14  0.3278836624416589E-13 -0.5146308311266286E-13  0.1958226894202491E-13
 0.8204843127894172E-01 -0.8765310906749703E-01 -0.5391851121411914E+00 -0.4512168360879108E-01 -0.4192179795230127E-14  0.4108263028442032E-13 -0.4753529368084425E-13 -0.2725191231325028E-13
 0.6294019874669133E-09 -0.1839613499415874E-07 -0.2358390293677763E-01  0.2818177425288100E+00  0.3871042928344111E-15 -0.1818095090551550E-13  0.4015220935152686E-13 -0.1297519220223440E-13
-0.1661304701795329E-08  0.4855653582894282E-07  0.6224963075501553E-01 -0.7438569629318901E+00 -0.1021703630042617E-14  0.4798693038885884E-13 -0.1059847997003486E-12  0.3425307622520106E-13
-0.2229584122808067E-02  0.1230273609780985E+00 -0.6405903313207710E+00 -0.5360776009272254E-01  0.2237273442430338E-14 -0.5092574667695874E-13  0.1366407536672221E-12  0.2795791937453812E-13
 0.7053490111603214E-01  0.9575474277253589E+00  0.3185176797817867E-02  0.2666137006725942E-03  0.6888802837481191E-14  0.1431501247764064E-13 -0.8011340215825770E-14 -0.1770955549313175E-13
 0.3092785227063605E-04  0.3391067431356959E-14
-0.4849563189457099E-04 -0.7275188174793515E-15
 0.7786993935575473E-04  0.2957387983794953E-15
-0.1305667619072370E-03 -0.1577011229584742E-15
 0.2330274271930261E-03  0.9761715086392732E-16
-0.4523748429562633E-03 -0.6484360035050930E-16
 0.9786754013344076E-03  0.4951572394802487E-16
-0.2436146551404950E-02 -0.4132271663533716E-16
-0.1099445812279901E-01  0.2921352233485374E-16
-0.5761961136218258E+00 -0.1911229838163734E-16
-0.2114733617540080E+01 -0.1649314279615307E-16
-0.6987891444771864E+00 -0.2354044211724594E-16
-0.2311921476692809E-01  0.2373106331960737E-16
-0.2171405925642064E-02 -0.1403830543563045E-16
 0.9190186632053591E-03  0.1287632682275110E-16
-0.4445487255974487E-03 -0.1504620602822394E-16
 0.2400880586246336E-03  0.1489920581272722E-16
-0.1426481945038364E-03 -0.1587277932178157E-16
 0.9167098257720093E-04  0.1646825379926068E-16
-0.6285327930176819E-04 -0.1892878773834540E-16
 0.4550459454229641E-04  0.1954885512105920E-16
-0.3451766233080725E-04 -0.2124973345923554E-16
 0.2727453290412999E-04  0.2538937034607048E-16
-0.2235170356258731E-04 -0.2926557424215273E-16
 0.1886005209876783E-04  0.3179367333830412E-16
-0.1627944808465210E-04 -0.3720978824117983E-16
 0.1434758735807434E-04  0.4634542052340532E-16
-0.1289220324291574E-04 -0.5877104879603985E-16
 0.1179796563687637E-04  0.7760503702239631E-16
-0.1098683388377875E-04 -0.1075289276197992E-15
 0.1040618010302148E-04  0.1550077575179249E-15
-0.1002155293709792E-04 -0.2423273449852806E-15
 0.9812360665587612E-05  0.4053369096420488E-15
-0.9769534087415789E-05 -0.7733143339001332E-15
 0.9894683530000176E-05  0.1829674364444586E-14
-0.1020049492290644E-04 -0.6174636263604408E-14
 0.1071171310595635E-04  0.4396198673520939E-13
-0.1145483152173789E-04 -0.1567959982786958E-11
