 0.9895915073244569E+00 -0.1068625232503741E-17
 0.0000000000000000E+00  0.0000000000000000E+00
-0.1575003482233417E-01  0.1700688078953284E-19
 0.1575003482233469E-01 -0.1700688078953290E-19
 0.0000000000000000E+00  0.0000000000000000E+00
-0.1417593441168766E+00  0.1530809224659535E-18
 0.0000000000000000E+00  0.0000000000000000E+00
 0.6619275408858616E-03 -0.7146852116963218E-21
 0.0000000000000000E+00  0.0000000000000000E+00
-0.7461762095738517E-02  0.8057774582581743E-20
-0.6619275408849910E-03  0.7146852116957481E-21
 0.0000000000000000E+00  0.0000000000000000E+00
 0.7461762095738199E-02 -0.8057774582581643E-20
 0.0000000000000000E+00  0.0000000000000000E+00
-0.2269751528257582E-02  0.2451042437351340E-20
-0.9739316056881208E-02  0.4835529958330530E-01  0.9531808976372090E-01  0.1893975211089450E-25 -0.5282299218412469E-25 -0.1487582451048238E-25
-0.2202673041284687E-01 -0.2593443214685229E-01  0.4659586541680760E-01 -0.1602373607931553E-25  0.3727366699546572E-25  0.3133661511626136E-25
 0.4814570441451408E-02 -0.1398067515726590E-01 -0.5027143792003338E-02 -0.4668390740826728E-26  0.5479071742979683E-27  0.2899740301414225E-25
 0.2387011494420660E-15  0.5427963719249045E-15 -0.6599338869492211E-15  0.1932918907819561E-39  0.7867425609265153E-40  0.7498337577183410E-40
-0.9255243721469185E-16 -0.4070072438237066E-16 -0.1461408173352364E-15  0.7873266481064279E-41 -0.2957550226610808E-39  0.7806884577341550E-39
-0.1612233869248657E-02 -0.1454899252407812E-02 -0.5496090322252389E-02 -0.2406976078120119E-26 -0.2602532187468620E-25  0.1392370299943904E-26
-0.2842332149611377E+00  0.2606076258069687E-01 -0.7757118020444417E-01  0.2543220461762098E-25 -0.3268340166398295E-24  0.1487002425996939E-24
-0.3223834435944650E-01 -0.1251531810515222E+00  0.1221282992600030E-01 -0.3377751035205143E-25 -0.7587632610384199E-25  0.2630980587839683E-24
-0.2434603877394094E-15 -0.6292029222819237E-15 -0.1995636575193823E-15 -0.2206399465231534E-39 -0.3030371396907513E-39  0.4319455074128477E-39
-0.2685986880523904E-14 -0.1008908746675875E-13  0.2919851247608247E-14 -0.2812370898963980E-38 -0.4548706559558625E-38  0.1413419953240135E-37
 0.4492262787492857E-15 -0.3644850282686054E-15  0.8632792424810345E-16 -0.1382448214076804E-39  0.2436219538377350E-39  0.5666149477836694E-39
-0.1030161208882884E-15 -0.1763861499837931E-15 -0.6206214836170691E-16 -0.9994099583212671E-40  0.1751650939434024E-39  0.6319178833706832E-39
 0.1855521979223290E-01 -0.9409067084662599E-01 -0.3821186201197003E+00 -0.2404803954858384E-25 -0.1319169778445068E-24  0.1313539208137155E-24
-0.7480837305283328E-02  0.3189458856842210E-01  0.5079885706842619E-01  0.1244129979657815E-25 -0.7232972530305669E-26 -0.4488521579740741E-25
-0.4710397757746595E-01 -0.4348483814295260E-01 -0.5430200261004169E-01 -0.1853935067467910E-25  0.7586060236593099E-25 -0.1587498103050929E-24
-0.3129159573662292E-15 -0.5161962127093734E-15 -0.2300966481099380E-15 -0.2943707002484698E-39  0.6528517560546801E-39 -0.1191840688183010E-38
 0.8720486603266662E-15  0.8587236456910563E-15  0.8964024265893260E-15  0.3414105402730303E-39 -0.2458264695838868E-39  0.9106423519458125E-39
 0.1410109835314562E-15 -0.3277326331110801E-15  0.2001011139351801E-14 -0.1847488055788308E-39  0.3929788320128995E-39  0.2584038655741477E-38
 0.2891982083114420E-15  0.9499813997007838E-16 -0.1900740438863808E-14  0.1723104103059895E-39 -0.1410041254251637E-38 -0.1837206690697311E-38
 0.1507892769178550E-01 -0.7690221966240371E-01 -0.2728023788843529E+00 -0.2199667542219609E-25 -0.1157016623409395E-24  0.3424895003746325E-24
 0.4515975315523479E-01  0.1347087432899450E+00 -0.2051390989208934E+00  0.5091053553168083E-25 -0.4849361138170844E-25  0.4727292187829971E-24
-0.9491790739098485E+00  0.6468784452978557E-01 -0.4377799312849826E-01  0.6395736327330171E-25 -0.9639182476696834E-24  0.1720138835072877E-24
 0.1609200110221247E-14 -0.1259529615284805E-15  0.6304417875550896E-15 -0.1208365929243830E-39  0.1361546271503691E-38  0.2798636325423447E-39
 0.2638401107010748E-15 -0.2031197436268267E-15 -0.1692529945163703E-16 -0.9241258048201806E-40  0.3072234372737341E-39  0.1534245598077277E-39
 0.2166808690458238E-14 -0.4264190374661743E-15  0.1465277942635817E-14 -0.3294639916561377E-39  0.2472963852528707E-38 -0.7008796828673434E-39
 0.4256519258814895E-16  0.1435567274407906E-16 -0.1596047550903609E-14  0.1405363539381480E-39 -0.1369810012435335E-38  0.8688573583885121E-39
 0.8220713514535426E-01 -0.9123496816482220E-01 -0.5414015210643619E+00 -0.1514579031550966E-25 -0.6701298599478779E-25  0.8640580676726131E-25
-0.5686480232902277E-16  0.2451861835381568E-15 -0.2924829369193041E-14  0.1543484789117082E-39  0.3186261576609184E-39 -0.5539596985916728E-38
-0.1713412569744843E-15  0.1344778185785104E-15  0.2505985196871055E-14  0.4811334763448312E-40 -0.1208974653031532E-38  0.7315874222129600E-38
-0.2315428884924973E-02  0.1244274797572138E+00 -0.6476430096392124E+00  0.4841788317736402E-25  0.3236298490940042E-24 -0.8785101751817335E-24
 0.7054252861849385E-01  0.9574115784797386E+00  0.8485430835035133E-03  0.3684674151016375E-24  0.6310157134489729E-25 -0.7151337104499622E-25
 0.3086218206616555E-04 -0.6263751500827636E-14
-0.4840414802650209E-04  0.1345947891842901E-14
 0.7775272923082531E-04 -0.5428834531226155E-15
-0.1304458711223319E-03  0.2884719231658830E-15
 0.2330197834449554E-03 -0.1781071157135718E-15
-0.4530285286879268E-03  0.1208315354466316E-15
 0.9828395508057180E-03 -0.8728665622117429E-16
-0.2458185503239569E-02  0.6752396524894928E-16
-0.9918280111208310E-02 -0.5957063586020297E-16
-0.5634744002940851E+00  0.5531253834562457E-16
-0.2113285877415978E+01 -0.8602512822697240E-16
-0.7133534655513193E+00  0.2387739577609433E-16
-0.2469587947493928E-01 -0.2138362074321067E-16
-0.2118654582700633E-02  0.2960094425124621E-16
 0.9029804204122220E-03 -0.3031010547791016E-16
-0.4388033679665226E-03  0.2880111804264240E-16
 0.2375497963218151E-03 -0.2935630049367030E-16
-0.1413508065329557E-03  0.3037860979395170E-16
 0.9093315894653550E-04 -0.3201970586895903E-16
-0.6239799979610798E-04  0.3180351412039789E-16
 0.4520492644887222E-04 -0.3461653718567431E-16
-0.3430980761846476E-04  0.3724840974794351E-16
 0.2712397662541395E-04 -0.4411601350179143E-16
-0.2223862462967024E-04  0.4833762722422368E-16
 0.1877264325078639E-04 -0.5604551408793714E-16
-0.1621033776434591E-04  0.6885417736770244E-16
 0.1429190248137168E-04 -0.8741160008525175E-16
-0.1284663597069082E-04  0.1127126127954495E-15
 0.1176022540305037E-04 -0.1422597935256458E-15
-0.1095531595399465E-04  0.2001932157436115E-15
 0.1037976131986181E-04 -0.2943368689139611E-15
-0.9999466029233772E-05  0.4362740630969688E-15
 0.9794120559840541E-05 -0.7544275304137214E-15
-0.9754902618514762E-05  0.1457106584597857E-14
 0.9883667491766805E-05 -0.3371545451825765E-14
-0.1019337637663169E-04  0.1137828118081557E-13
 0.1070904407319653E-04 -0.8080508511112877E-13
-0.1145247918799982E-04  0.2889358250737167E-11
