 0.9896711034742839E+00 -0.7219088215687867E-05
 0.0000000000000000E+00  0.0000000000000000E+00
-0.1374518115979413E-01  0.3383447549201357E-05
 0.1374518115979308E-01 -0.3383447549205367E-05
 0.0000000000000000E+00  0.0000000000000000E+00
-0.1406336827187080E+00  0.1085525321833337E-05
 0.0000000000000000E+00  0.0000000000000000E+00
 0.5758844234743576E-03 -0.1055198702699274E-06
 0.0000000000000000E+00  0.0000000000000000E+00
-0.7425363486823289E-02  0.4305699802538587E-07
-0.5758844234742014E-03  0.1055198702700979E-06
 0.0000000000000000E+00  0.0000000000000000E+00
 0.7425363486823331E-02 -0.4305699802539058E-07
 0.0000000000000000E+00  0.0000000000000000E+00
-0.2329175840074776E-02  0.7946709680978475E-07
-0.5335891608469194E-03  0.6097768128311047E-03
 0.0000000000000000E+00  0.0000000000000000E+00
 0.1002791008505935E-01 -0.5285627462546781E-02
-0.1002791008505962E-01  0.5285627462546868E-02
 0.0000000000000000E+00  0.0000000000000000E+00
-0.4103238022958834E-02  0.2101099609151562E-02
 0.0000000000000000E+00  0.0000000000000000E+00
-0.2566477763813452E-03  0.1221084040263560E-03
 0.0000000000000000E+00  0.0000000000000000E+00
-0.6826192770113738E-04  0.3139945394038440E-04
 0.2566477763813598E-03 -0.1221084040263616E-03
 0.0000000000000000E+00  0.0000000000000000E+00
 0.6826192770113424E-04 -0.3139945394038715E-04
 0.0000000000000000E+00  0.0000000000000000E+00
-0.2996697501832352E-04  0.1435203354546727E-04
-0.9745516955793730E-02  0.4845730697194939E-01  0.9799519077815445E-01  0.6347713197560537E-08  0.2094765658789180E-07 -0.6065030888248860E-06
-0.2201360059154787E-01 -0.2625457259095310E-01  0.4014912774326323E-01  0.1218554430246220E-07  0.4022034620409998E-07 -0.7668900742162124E-05
 0.4816888126851628E-02 -0.1402449342059046E-01 -0.6002708980687852E-02  0.8862082751250261E-08  0.2817527024104909E-09  0.4921712443962783E-06
 0.2387113307602947E-15  0.5420945567982037E-15 -0.7339942238734315E-15  0.2119654758268295E-21 -0.1420412246129914E-20 -0.1185709076587872E-18
-0.9248718010664071E-16 -0.4105024689367223E-16 -0.1628404682608179E-15 -0.8361682269430620E-23  0.4913298314589377E-21  0.2462602802175771E-20
-0.1612367004252402E-02 -0.1446415604917885E-02 -0.8768912622974101E-02  0.9573696258185685E-08 -0.8321122647556174E-07 -0.4067304821614258E-05
-0.2842286946752356E+00  0.2622435187062230E-01 -0.7999314818010708E-01 -0.6497702249472078E-08 -0.1985831780057391E-06 -0.3796597341164840E-05
-0.3225350029403218E-01 -0.1250411110597657E+00  0.1760208618457532E-01 -0.2800535579505934E-08  0.2272184456517879E-06  0.6478269545576528E-05
-0.2435355820622553E-15 -0.6279742216196013E-15 -0.1802616015043838E-15  0.3640374992913574E-22 -0.1036719338544533E-20  0.3170718315828215E-19
-0.2686999610544774E-14 -0.1008161110669697E-13  0.3338882532020527E-14 -0.2671759977252926E-21  0.1885149269555245E-19  0.5509101071492426E-18
 0.4490519320357744E-15 -0.3625622626228900E-15  0.9322988761338495E-16  0.1046127297412687E-21 -0.1951265485741757E-20 -0.7989524664567095E-20
-0.1027862192313467E-15 -0.1806104174286579E-15 -0.7590522377858025E-16 -0.5349915146138424E-22  0.1073692902750006E-20  0.3988695545193745E-19
 0.1853154141405183E-01 -0.9362449173786870E-01 -0.3848788617058186E+00  0.6984302429809757E-08 -0.1884273186890781E-06  0.6225650468105341E-07
-0.7480433977526764E-02  0.3191003530264150E-01  0.5327205444559589E-01 -0.1235091500587764E-08 -0.3333215028282834E-08  0.3044289326442677E-05
-0.4705818405823597E-01 -0.4407514946966575E-01 -0.5167607529361765E-01  0.1765606792521472E-07 -0.8452641188165720E-07  0.7055203572857914E-05
-0.3124283589121415E-15 -0.5228529251475255E-15 -0.2507245861744355E-15  0.1876836529690332E-22  0.2398157907332955E-20  0.5546685592143732E-19
 0.8716179568327787E-15  0.8648317015446181E-15  0.8980025671868890E-15  0.2731501657798048E-22 -0.2171800495577482E-20 -0.9043430062925049E-19
 0.1407373136018783E-15 -0.3268561891352171E-15  0.1933026115298470E-14  0.3302662306018140E-21 -0.5543539208017740E-20  0.6365362425187608E-19
 0.2896894895698500E-15  0.9375015075855327E-16 -0.1759357059099121E-14 -0.2927421746903985E-21  0.3788169312059705E-20 -0.7558452238628720E-20
 0.1505648599558470E-01 -0.7659750131452557E-01 -0.2852979326717774E+00  0.1021251643276970E-07  0.3109260767946922E-08 -0.1139040913708441E-04
 0.4513750308092518E-01  0.1349616322540435E+00 -0.2261107005618663E+00 -0.9745072624304564E-09  0.2142966536310824E-06 -0.3328768568190693E-04
-0.9491888112525201E+00  0.6477682384450985E-01 -0.4418596596485001E-01 -0.4683734132486187E-09  0.8119846248788118E-07 -0.7020641372059222E-06
 0.1609221444165218E-14 -0.1267740416876884E-15  0.6375674640924681E-15  0.4760002507039490E-22 -0.9925891605356963E-21  0.1965763316083959E-19
 0.2638263013458034E-15 -0.2029815111311841E-15 -0.1985328594469621E-16 -0.2719846177418286E-22  0.3924011797889652E-21 -0.3807287811911345E-20
 0.2167108688268934E-14 -0.4319805006950243E-15  0.1311177231540539E-14  0.3679729144120958E-22  0.2523289499527658E-22  0.1366795692058608E-19
 0.4218683539655582E-16  0.2193856069406055E-16 -0.1465540409960542E-14 -0.1030707490329791E-21  0.7823050920878706E-21 -0.3734934346524381E-19
 0.8216656743408662E-01 -0.9051277512639384E-01 -0.5381212156361911E+00 -0.1800986859532657E-07  0.2167486403859192E-06  0.1276319672853136E-05
-0.5627170549464598E-16  0.2354517534448694E-15 -0.2686603220614160E-14 -0.4476998094508750E-21  0.6991218117508419E-20 -0.1904350347240239E-19
-0.1725003872009618E-15  0.1513777955745661E-15  0.2148651180529608E-14  0.4066397342626629E-21 -0.6647251187905827E-20  0.8446659984256930E-19
-0.2253404354176700E-02  0.1233362700048752E+00 -0.6358240134478049E+00  0.5277713270984132E-08 -0.7228084291459238E-07  0.1264779778239074E-04
 0.7053101011730373E-01  0.9576179527016486E+00  0.1811236401409265E-02  0.1094933549869315E-10  0.8715760708013736E-08  0.3296590835835755E-05
 0.3069165548695631E-04 -0.1163474293557548E-03 -0.6304332572205194E-06  0.3153504292928316E-04
-0.4820492075911170E-04  0.2082890152706364E-03  0.9783171019618757E-06 -0.5675396405828568E-04
 0.7755223639844320E-04 -0.3732705919006447E-03 -0.1554563629867275E-05  0.1014446810905505E-03
-0.1303282182438053E-03  0.6883133840664480E-03  0.2576288233256680E-05 -0.1821680569766512E-03
 0.2332278425404045E-03 -0.1334925712542491E-02 -0.4534507960002187E-05  0.3286901620678969E-03
-0.4542273084921662E-03  0.2770223211582561E-02  0.8681072188998850E-05 -0.5820032137276511E-03
 0.9865576631858995E-03 -0.6182709069513067E-02 -0.1892297988500768E-04  0.9301567257878412E-03
-0.2467931842056169E-02  0.1460793173020973E-01  0.4410631859493350E-04 -0.7628567872335547E-03
-0.1036067358831411E-01  0.5137137045022763E-01 -0.1295867244640264E-02  0.6076684380026049E-01
-0.5666937744116330E+00  0.1363814400329419E+01 -0.8559128453112210E-02  0.8203247303520521E+00
-0.2111143701677582E+01  0.1383070328577366E+00  0.5041478280993535E-02  0.2411987515490573E-01
-0.7169951120451465E+00 -0.1483878289917221E+01 -0.8088523329302270E-02 -0.7196947239427303E+00
-0.2520130167098215E-01 -0.1008783478994391E+00 -0.1497689508814279E-02 -0.6079528826353887E-01
-0.2107118470860500E-02 -0.7200970277972056E-02  0.7271053667722709E-04  0.6676971808659208E-02
 0.8965529325147029E-03  0.1921009979960386E-02 -0.2965465175109699E-04 -0.3692101807786602E-02
-0.4353743495876719E-03 -0.3814481719685202E-03  0.1275015218556870E-04  0.1857087900628634E-02
 0.2355924434032155E-03 -0.1668073907769268E-04 -0.6380203940213277E-05 -0.9662766261270670E-03
-0.1401617648509005E-03  0.9877684303048093E-04  0.3597090124763675E-05  0.5401195506944481E-03
 0.9016419255423562E-04 -0.1003970628825049E-03 -0.2228165345820032E-05 -0.3260229654896414E-03
-0.6187080028861235E-04  0.8459774156156098E-04  0.1488386618389627E-05  0.2114049342730046E-03
 0.4482399446374000E-04 -0.6776409485322617E-04 -0.1057706069726613E-05 -0.1461813140214189E-03
-0.3402141114223414E-04  0.5357821604608136E-04  0.7918068949483248E-06  0.1070463173058922E-03
 0.2689639371927307E-04 -0.4231401895816838E-04 -0.6199528131270203E-06 -0.8253565251780447E-04
-0.2205226949141545E-04  0.3343807616408801E-04  0.5050119115025996E-06  0.6669981948322915E-04
 0.1861546033312974E-04 -0.2671490603700278E-04 -0.4243625150785499E-06 -0.5582880861071492E-04
-0.1607463798113576E-04  0.2179639716927555E-04  0.3651052989875311E-06  0.4786566947683397E-04
 0.1417223805118293E-04 -0.1810711872909548E-04 -0.3209564634168695E-06 -0.4194888156009468E-04
-0.1273901863210078E-04  0.1527746191843652E-04  0.2878288475672128E-06  0.3751823028587016E-04
 0.1166163737034318E-04 -0.1306150054132780E-04 -0.2630076239887486E-06 -0.3420197279377698E-04
-0.1086339178154463E-04  0.1129022165562919E-04  0.2446679436828637E-06  0.3175014379290038E-04
 0.1029257181282280E-04 -0.9843470128769187E-05 -0.2315865995257028E-06 -0.2999456725338471E-04
-0.9915363475164249E-05  0.8632301187405036E-05  0.2229680914859953E-06  0.2882458688240463E-04
 0.9711619689234205E-05 -0.7587165687459078E-05 -0.2183420067088004E-06 -0.2817248923309061E-04
-0.9672579767590295E-05  0.6649138417580298E-05  0.2175085994592791E-06  0.2800532210227599E-04
 0.9800064882248665E-05 -0.5762068616924001E-05 -0.2205210462489564E-06 -0.2832139545139245E-04
-0.1010690690712992E-04  0.4862984214683818E-05  0.2276990424075362E-06  0.2915076848338974E-04
 0.1061802918774645E-04 -0.3863184184661984E-05 -0.2396604330830486E-06 -0.3055977790211374E-04
-0.1136391725888200E-04  0.2556301427582376E-05  0.2571565784173740E-06  0.3266043292748130E-04
