 0.9872360524552422E+00 -0.1396953496883838E-04
 0.0000000000000000E+00  0.0000000000000000E+00
-0.1161566181280309E-01  0.3542452020292037E-05
 0.0000000000000000E+00  0.0000000000000000E+00
-0.9719862151506287E-03  0.2964484784335977E-06
 0.1161566181280345E-01 -0.3542452020297359E-05
 0.0000000000000000E+00  0.0000000000000000E+00
 0.9719862151505189E-03 -0.2964484784341507E-06
 0.0000000000000000E+00  0.0000000000000000E+00
-0.1334179888930212E+00  0.2504344121269113E-05
 0.0000000000000000E+00  0.0000000000000000E+00
-0.4262825156473764E-02  0.9851629324764882E-07
 0.4262825156473670E-02 -0.9851629324774811E-07
 0.0000000000000000E+00  0.0000000000000000E+00
-0.8283576070347005E-01  0.1335362095721288E-05
 0.0000000000000000E+00  0.0000000000000000E+00
 0.4882072036055575E-03 -0.9823861976813820E-07
 0.0000000000000000E+00  0.0000000000000000E+00
 0.4085327416348850E-04 -0.8221035170743933E-08
 0.0000000000000000E+00  0.0000000000000000E+00
 0.0000000000000000E+00  0.0000000000000000E+00
 0.0000000000000000E+00  0.0000000000000000E+00
 0.0000000000000000E+00  0.0000000000000000E+00
 0.1677819573917410E-10 -0.2592857644994085E-14
 0.0000000000000000E+00  0.0000000000000000E+00
-0.7073119424344812E-02  0.1146850890675629E-06
 0.0000000000000000E+00  0.0000000000000000E+00
-0.4464717041163228E-03  0.5806393166869884E-08
 0.4464716873381189E-03 -0.5806390574008347E-08
 0.0000000000000000E+00  0.0000000000000000E+00
-0.1775333202317423E-02  0.4578710385399057E-07
 0.0000000000000000E+00  0.0000000000000000E+00
 0.2936862560232190E-04  0.5352630929884887E-09
 0.0000000000000000E+00  0.0000000000000000E+00
 0.3509447182010631E-03  0.6396149608760630E-08
-0.4882072036057316E-03  0.9823861976829366E-07
 0.0000000000000000E+00  0.0000000000000000E+00
-0.4085327416348860E-04  0.8221035170755255E-08
 0.0000000000000000E+00  0.0000000000000000E+00
 0.7073119424344793E-02 -0.1146850890675995E-06
 0.0000000000000000E+00  0.0000000000000000E+00
 0.4464716873381222E-03 -0.5806390574014193E-08
-0.4464717041163211E-03  0.5806393166869627E-08
 0.0000000000000000E+00  0.0000000000000000E+00
 0.1775333202317418E-02 -0.4578710385399946E-07
 0.0000000000000000E+00  0.0000000000000000E+00
 0.1677819639886621E-10 -0.2592858484685660E-14
 0.0000000000000000E+00  0.0000000000000000E+00
 0.0000000000000000E+00  0.0000000000000000E+00
 0.0000000000000000E+00  0.0000000000000000E+00
 0.0000000000000000E+00  0.0000000000000000E+00
-0.2936862560232238E-04 -0.5352630929868187E-09
 0.0000000000000000E+00  0.0000000000000000E+00
-0.3509447182010878E-03 -0.6396149608773944E-08
 0.0000000000000000E+00  0.0000000000000000E+00
-0.2318586823766054E-02  0.1095205909886697E-06
 0.0000000000000000E+00  0.0000000000000000E+00
-0.1339224060457759E-03  0.8165650982469708E-08
 0.1339224060457772E-03 -0.8165650982469996E-08
 0.0000000000000000E+00  0.0000000000000000E+00
-0.7294776513476606E-03  0.1262784794590068E-07
 0.0000000000000000E+00  0.0000000000000000E+00
-0.7801933753984803E-05  0.2212874937996766E-09
 0.0000000000000000E+00  0.0000000000000000E+00
-0.9322795431309553E-04  0.2644185566639661E-08
 0.7801933753984378E-05 -0.2212874937988858E-09
 0.0000000000000000E+00  0.0000000000000000E+00
 0.9322795431309766E-04 -0.2644185566635356E-08
 0.0000000000000000E+00  0.0000000000000000E+00
 0.3233145102516625E-03 -0.1285319710481996E-07
-0.5124018705767058E-03  0.7236511616810434E-03
 0.0000000000000000E+00  0.0000000000000000E+00
 0.9229462087033570E-02 -0.6593776295033307E-02
 0.0000000000000000E+00  0.0000000000000000E+00
 0.7723669613803815E-03 -0.5517997341341315E-03
-0.9229462087033898E-02  0.6593776295033306E-02
 0.0000000000000000E+00  0.0000000000000000E+00
-0.7723669613803959E-03  0.5517997341341280E-03
 0.0000000000000000E+00  0.0000000000000000E+00
-0.3615023258152540E-02  0.2519165284005327E-02
 0.0000000000000000E+00  0.0000000000000000E+00
-0.3714679080833711E-03  0.2628109558892256E-03
 0.3714679080833639E-03 -0.2628109558892323E-03
 0.0000000000000000E+00  0.0000000000000000E+00
 0.7927833250415799E-03 -0.5993272022049240E-03
 0.0000000000000000E+00  0.0000000000000000E+00
-0.1851801023696283E-03  0.1176731499193233E-03
 0.0000000000000000E+00  0.0000000000000000E+00
-0.1549678014489039E-04  0.9847465515336334E-05
 0.0000000000000000E+00  0.0000000000000000E+00
 0.0000000000000000E+00  0.0000000000000000E+00
 0.0000000000000000E+00  0.0000000000000000E+00
 0.0000000000000000E+00  0.0000000000000000E+00
-0.8258745252125950E-11  0.6950422608363356E-11
 0.0000000000000000E+00  0.0000000000000000E+00
-0.5832301215289054E-04  0.3685212648533306E-04
 0.0000000000000000E+00  0.0000000000000000E+00
-0.1230948003155919E-04  0.8468601820162706E-05
 0.1230948829030321E-04 -0.8468608770585333E-05
 0.0000000000000000E+00  0.0000000000000000E+00
 0.8774023755381123E-04 -0.6363559344284545E-04
 0.0000000000000000E+00  0.0000000000000000E+00
 0.3564655894482004E-06 -0.1324167136079360E-06
 0.0000000000000000E+00  0.0000000000000000E+00
 0.4259563183070354E-05 -0.1582285638582195E-05
 0.1851801023696335E-03 -0.1176731499193254E-03
 0.0000000000000000E+00  0.0000000000000000E+00
 0.1549678014489112E-04 -0.9847465515336295E-05
 0.0000000000000000E+00  0.0000000000000000E+00
 0.5832301215288763E-04 -0.3685212648533525E-04
 0.0000000000000000E+00  0.0000000000000000E+00
 0.1230948829030410E-04 -0.8468608770585423E-05
-0.1230948003155906E-04  0.8468601820163309E-05
 0.0000000000000000E+00  0.0000000000000000E+00
-0.8774023755381147E-04  0.6363559344284538E-04
 0.0000000000000000E+00  0.0000000000000000E+00
-0.8258745028684677E-11  0.6950422985058593E-11
 0.0000000000000000E+00  0.0000000000000000E+00
 0.0000000000000000E+00  0.0000000000000000E+00
 0.0000000000000000E+00  0.0000000000000000E+00
 0.0000000000000000E+00  0.0000000000000000E+00
-0.3564655894480459E-06  0.1324167136077868E-06
 0.0000000000000000E+00  0.0000000000000000E+00
-0.4259563183070791E-05  0.1582285638582484E-05
 0.0000000000000000E+00  0.0000000000000000E+00
-0.2615128251856710E-04  0.1710264577817570E-04
 0.0000000000000000E+00  0.0000000000000000E+00
-0.2441763016654857E-05  0.1640568337197219E-05
 0.2441763016654883E-05 -0.1640568337197196E-05
 0.0000000000000000E+00  0.0000000000000000E+00
 0.2822422970386826E-05 -0.2364166814905561E-05
 0.0000000000000000E+00  0.0000000000000000E+00
-0.4240297182190183E-06  0.3002426817886291E-06
 0.0000000000000000E+00  0.0000000000000000E+00
-0.5066956522343547E-05  0.3587760555436466E-05
 0.4240297182190409E-06 -0.3002426817886565E-06
 0.0000000000000000E+00  0.0000000000000000E+00
 0.5066956522343655E-05 -0.3587760555436238E-05
 0.0000000000000000E+00  0.0000000000000000E+00
 0.2144406635582987E-05 -0.1328209706155511E-05
-0.9635768519900110E-02  0.4696012109267280E-01  0.9577429248559517E-01  0.8014869709219035E-02  0.6589231057814312E-08  0.2107189924532206E-07 -0.7324471509718030E-06 -0.6129477915509959E-07
-0.2193482635385262E-01 -0.2701470928148010E-01  0.3811251162501449E-01  0.3189441809881342E-02  0.1235665707716636E-07  0.4175973816240357E-07 -0.8627290219745431E-05 -0.7219742797407513E-06
 0.4826401383165282E-02 -0.1411306887731768E-01 -0.6740144939231463E-02 -0.5640496065202728E-03  0.9222460418278279E-08 -0.7760635732353749E-09  0.5553975311091831E-06  0.4647842071256411E-07
-0.3423313697893860E-10  0.1000556564701342E-08  0.1282684919649859E-02 -0.1532754647958432E-01  0.6978272480012247E-15 -0.1421209833733128E-13 -0.3458231949960480E-08  0.4132454587252776E-07
-0.9449265796160269E-10  0.2761781574312377E-08  0.3540527245876697E-02 -0.4230781471898307E-01  0.1922531462071019E-14 -0.3915586349945681E-13 -0.9536536657394631E-08  0.1139579569341243E-06
-0.1587010874704797E-02 -0.1908606839476769E-02 -0.9995788809290198E-02 -0.8364971825399637E-03  0.9522325411164445E-08 -0.8026725492333977E-07 -0.4621798828241841E-05 -0.3867749702777668E-06
-0.2843548086379377E+00  0.2684698717307604E-01 -0.8113601761785062E-01 -0.6789860973000923E-02 -0.8115706155220186E-08 -0.1967044993663735E-06 -0.4304289053054597E-05 -0.3602042076719422E-06
-0.3223379154459255E-01 -0.1254320958473022E+00  0.1467371504421453E-01  0.1227960958233830E-02 -0.2821976941974237E-08  0.2346519192854993E-06  0.7093977846242120E-05  0.5936591705627527E-06
 0.4250684346249720E-10 -0.1242378365231876E-08 -0.1592710315033919E-02  0.1903221984472743E-01 -0.6691405477505096E-15  0.1210943311726957E-13 -0.3089569491432651E-09  0.3691665200666075E-08
 0.1730522435210447E-09 -0.5057980656256707E-08 -0.6484245278678975E-02  0.7748400980777448E-01 -0.2722525583500876E-14  0.4927290466901679E-13 -0.1247011069243678E-08  0.1490027952448686E-07
 0.6447023891860721E-10 -0.1884295534332054E-08 -0.2415648475440280E-02  0.2886598549538887E-01 -0.1053516305502456E-14  0.1972190649478527E-13  0.2288117322829376E-08 -0.2734245688850061E-07
-0.1687195703343008E-09  0.4931259504528874E-08  0.6321827923494202E-02 -0.7554319057563587E-01  0.2759298946716840E-14 -0.5164172871609058E-13 -0.5960949358480248E-08  0.7123193067610236E-07
 0.1848626384659951E-01 -0.9186516292212440E-01 -0.3887207216200162E+00 -0.3253007914861592E-01  0.5519880404517620E-08 -0.1771900070034045E-06 -0.4464986784740830E-06 -0.3736518748563172E-07
-0.7457813611064893E-02  0.3138022273257966E-01  0.5339770874217621E-01  0.4468586509189154E-02 -0.9803881168855766E-09 -0.1035065949673172E-07  0.3494595212512811E-05  0.2924450110634650E-06
-0.4708085332504798E-01 -0.4410895553921770E-01 -0.4840092330802635E-01 -0.4050431490290956E-02  0.2060948845226308E-07 -0.1202845767123291E-06  0.8183861694854127E-05  0.6848660021459494E-06
-0.1653338917900698E-09  0.4832318394893877E-08  0.6195008015160995E-02 -0.7402774589382471E-01  0.1990916505859576E-14 -0.4133512271699254E-13 -0.1236931429772986E-07  0.1478087878367337E-06
 0.1952139351543853E-09 -0.5705626430693949E-08 -0.7314584935554122E-02  0.8740622023456306E-01 -0.2349631902226190E-14  0.4878039425442806E-13  0.1459668556309972E-07 -0.1744250615203960E-06
-0.2074814520471453E-09  0.6064250325141466E-08  0.7774355754589244E-02 -0.9290028856739750E-01 -0.3565785947381264E-15  0.2060936610078189E-14  0.3693391161845550E-08 -0.4413496899420711E-07
 0.5439040300498423E-09 -0.1589716246398946E-07 -0.2038012678308053E-01  0.2435339620355055E+00  0.9343013780842759E-15 -0.5394275352781682E-14 -0.9674783707918768E-08  0.1156109014164226E-06
 0.1496960036980573E-01 -0.7416487306129504E-01 -0.2899174997414394E+00 -0.2426173557248950E-01  0.7986668530278529E-08  0.4642397886827770E-07 -0.1322255211312501E-04 -0.1106528522438736E-05
 0.4493526777199899E-01  0.1398616681216524E+00 -0.2292610080655858E+00 -0.1918568636252074E-01 -0.4813522018896330E-08  0.2979049488618477E-06 -0.3781282802499317E-04 -0.3164364472827735E-05
-0.9491799217727113E+00  0.6526955751107284E-01 -0.4356754083072764E-01 -0.3645940978906830E-02 -0.6433098919999573E-09  0.9147900304250377E-07 -0.8381166272546298E-06 -0.7013774499814525E-07
-0.1305923135991783E-03  0.2960529334112544E-02  0.6682789090803791E-02  0.5592490466994150E-03  0.1685829930942254E-09 -0.5587900482704256E-09  0.1862064499304966E-06  0.1558252496964645E-07
 0.1320989403464430E-03 -0.2994689189067882E-02 -0.6760071854108236E-02 -0.5657164529104542E-03 -0.1705356928947844E-09  0.5652911908506007E-09 -0.1883290815576049E-06 -0.1576015553321924E-07
-0.1074402560356435E-08  0.3140238538920496E-07  0.4025771832243200E-01 -0.4810628388114077E+00  0.9783965299608011E-14 -0.2080075023412108E-12 -0.9439538406273704E-07  0.1127987667762384E-05
 0.4068499395709677E-09 -0.1189128927581336E-07 -0.1524457976273872E-01  0.1821663304018668E+00 -0.3704808377624976E-14  0.7876388023043794E-13  0.3574243366062791E-07 -0.4271080074043406E-06
 0.8200873146025482E-01 -0.8693945198335644E-01 -0.5353083909601467E+00 -0.4479726035212406E-01 -0.2070269282692441E-07  0.2635332429628265E-06  0.9322953785440182E-06  0.7801906737192938E-07
 0.6292566892973243E-09 -0.1839181651630732E-07 -0.2357840596792151E-01  0.2817520560578486E+00  0.2004594165563196E-14 -0.4625712767021941E-13 -0.2326565979255396E-07  0.2780155380205147E-06
-0.1660921042937995E-08  0.4854513297067365E-07  0.6223511605196076E-01 -0.7436835183216647E+00 -0.5291009136400719E-14  0.1220923387329212E-12  0.6140872226591215E-07 -0.7338102213306389E-06
-0.2165841652763424E-02  0.1218902762522979E+00 -0.6276963582197059E+00 -0.5252872870314050E-01  0.8601754823916987E-08 -0.1298292602313108E-06  0.1368148044253735E-04  0.1144933971899149E-05
 0.7052383905319477E-01  0.9577491126248865E+00  0.4441240717103994E-02  0.3717273576523240E-03 -0.2647174886604247E-09  0.1163593950409691E-07  0.3908779750866823E-05  0.3271060037442247E-06
 0.3095135060724827E-04 -0.1142952927173374E-03 -0.7379823362653954E-06  0.4140555114192940E-04
-0.4860695395266129E-04  0.2071696510573396E-03  0.1141616390527134E-05 -0.7582079426629803E-04
 0.7818642673560763E-04 -0.3774441503570625E-03 -0.1805217147209471E-05  0.1378284633735048E-03
-0.1313660466071433E-03  0.7116144537034581E-03  0.2966265142854176E-05 -0.2514036165282326E-03
 0.2350083911628514E-03 -0.1421512346723183E-02 -0.5135341386432671E-05  0.4579356147564981E-03
-0.4573824758598218E-03  0.3061337637105132E-02  0.9503334750847571E-05 -0.7970004492080968E-03
 0.9915044767522445E-03 -0.7091201549804704E-02 -0.1941854629646246E-04  0.1105053236131716E-02
-0.2467099050472217E-02  0.1686317443530274E-01  0.4080910313056980E-04  0.1061075718095309E-03
-0.1103365688352303E-01  0.3814700432774247E-01 -0.1466614438077082E-02  0.6893576012328222E-01
-0.5768216855100189E+00  0.1239541663462026E+01 -0.9885711646306260E-02  0.1003119544013122E+01
-0.2114059703163749E+01  0.1169704427718338E+00  0.5918554097128839E-02  0.2763199782333306E-01
-0.7001429082296341E+00 -0.1373599372913727E+01 -0.9666740924209185E-02 -0.9111570585130822E+00
-0.2316821514184432E-01 -0.8305838668474827E-01 -0.1718359527379839E-02 -0.7250398426236286E-01
-0.2190570074829353E-02 -0.1158257589813347E-01  0.7529676355632456E-04  0.6661472422761291E-02
 0.9248463834555647E-03  0.3630662607169907E-02 -0.3310027721550290E-04 -0.4615787246865737E-02
-0.4460239315621403E-03 -0.9368404056700040E-03  0.1482225405872333E-04  0.2485340117205661E-02
 0.2404138077425949E-03  0.1737588209095584E-03 -0.7546618960898813E-05 -0.1309297801603972E-02
-0.1426814040896183E-03  0.2372116581179557E-04  0.4283565732030058E-05  0.7298856426264355E-03
 0.9163335551126989E-04 -0.6605122083437579E-04 -0.2660352509585018E-05 -0.4381393250424889E-03
-0.6280357315220312E-04  0.6661646882538808E-04  0.1778805222735014E-05  0.2826386047927860E-03
 0.4545800625398427E-04 -0.5722496668105466E-04 -0.1264468666405520E-05 -0.1946207737559052E-03
-0.3447730856082058E-04  0.4681232038578894E-04  0.9466311605295047E-06  0.1420565100092563E-03
 0.2724026199178194E-04 -0.3764737643031694E-04 -0.7411497416949271E-06 -0.1092582778418642E-03
-0.2232266634586403E-04  0.3003436063905969E-04  0.6037253050196031E-06  0.8812798541869049E-04
 0.1883515707770328E-04 -0.2413655236276953E-04 -0.5073118738982628E-06 -0.7364970002842510E-04
-0.1625765125937008E-04  0.1979173413437992E-04  0.4364722262485938E-06  0.6305737671555921E-04
 0.1432814018327692E-04 -0.1651322226253920E-04 -0.3836939041145394E-06 -0.5519431175794251E-04
-0.1287454854104865E-04  0.1398567292349969E-04  0.3440908429508582E-06  0.4930951414167200E-04
 0.1178167419353310E-04 -0.1199747318278532E-04 -0.3144175470666991E-06 -0.4490527314779745E-04
-0.1097156295833104E-04  0.1040203488115481E-04  0.2924923979410520E-06  0.4164718887704894E-04
 0.1039164470510532E-04 -0.9094343922075365E-05 -0.2768529471907462E-06 -0.3931029450077590E-04
-0.1000750455948496E-04  0.7996043165026140E-05  0.2665479685948659E-06  0.3774637655795400E-04
 0.9798570029910506E-05 -0.7045306457710809E-05 -0.2610147475242023E-06 -0.3686433142563780E-04
-0.9755775330311025E-05  0.6189170411607388E-05  0.2600139650810366E-06  0.3661909154553204E-04
 0.9880717688685051E-05 -0.5376468511290724E-05 -0.2636083843143182E-06 -0.3700679613120890E-04
-0.1018605311140311E-04  0.4548868146346697E-05  0.2721789364669160E-06  0.3806525915143355E-04
 0.1069653507281322E-04 -0.3622563161263694E-05 -0.2864622934976552E-06 -0.3987987753315831E-04
-0.1144234679684692E-04  0.2396921609532329E-05  0.3073564239547525E-06  0.4259741622158202E-04
