-1.3225072579522337e+01
-1.3859251000764781e+01
-1.4251291146875811e+01
-1.4496308923151508e+01
-1.4648496907385685e+01
-1.4741735820975642e+01
-1.4797437739312455e+01
-1.4828994707375610e+01
-1.4844770056207107e+01
-1.4850066388399542e+01
-1.4848352408113358e+01
-1.4841982401484959e+01
-1.4832601084387894e+01
-1.4821374400346317e+01
-1.4809130850505795e+01
-1.4796455760190860e+01
-1.4783758013941210e+01
-1.4771318346073050e+01
-1.4759324854306096e+01
-1.4747899189220988e+01
-1.4737115595761253e+01
-1.4727014182748704e+01
-1.4717609975436604e+01
-1.4708899024020161e+01
-1.4700863078801142e+01
-1.4693473584873191e+01
-1.4686695261536592e+01
-1.4680489175525768e+01
-1.4674815155218331e+01
-1.4669633498228203e+01
-1.4664906039002847e+01
-1.4660596714218459e+01
-1.4656671825874934e+01
-1.4653100053203486e+01
-1.4649852370474466e+01
-1.4646901905574802e+01
-1.4644223766023069e+01
-1.4641794891956311e+01
