-6.4140276313464852e+01
-7.1975375097406243e+01
-7.4367533828860374e+01
-7.4917405396209148e+01
-7.5166548190845049e+01
-7.5239593319773121e+01
-7.5247468771304625e+01
-7.5367136078460931e+01
-7.5334568470835251e+01
-7.5314249996102603e+01
-7.5304532476180199e+01
-7.5300016419745972e+01
-7.5174421067038139e+01
-7.5296892436849348e+01
-7.5296409959706352e+01
-7.5296182448789025e+01
-7.4985478311600900e+01
-7.5097482115625013e+01
-7.5084425513462307e+01
-7.4958497111653443e+01
-7.4951598805726121e+01
-7.4944772726501924e+01
-7.5046454495131769e+01
-7.4931832638288739e+01
-7.4925832537278410e+01
-7.4920171733869296e+01
-7.4516165365073931e+01
-7.4909850886109979e+01
-7.4883397667287028e+01
-7.4900765507826890e+01
-7.4896638590840894e+01
-7.4892762689689533e+01
