-2.6429376552513055e+00
-2.6993136215330420e+00
-2.7453610487954525e+00
-2.7829657125543985e+00
-2.8136362228912364e+00
-2.8385887607994187e+00
-2.8588091892196372e+00
-2.8751006023280992e+00
-2.8881202809425002e+00
-2.8984091362354270e+00
-2.9064143865374215e+00
-2.9125084316517746e+00
-2.9170030943419198e+00
-2.9201610101136137e+00
-2.9222044537940381e+00
-2.9233222032078734e+00
-2.9236749353571101e+00
-2.9233994768705731e+00
-2.9226123112603468e+00
-2.9214124549257825e+00
-2.9198839119321613e+00
-2.9180977853497856e+00
-2.9161141190184767e+00
-2.9139834577467054e+00
-2.9117482845011295e+00
-2.9094441855871360e+00
-2.9071008800178277e+00
-2.9047431425903323e+00
-2.9023915053175902e+00
-2.9000628955640479e+00
-2.8977712273174556e+00
-2.8955278178851316e+00
-2.8933417845505627e+00
-2.8912203713310207e+00
-2.8891692165749077e+00
-2.8871926297640425e+00
-2.8852937024056207e+00
-2.8834745614117083e+00
-2.8817364669560992e+00
-2.8800799406923874e+00
-2.8785048674714391e+00
-2.8770105824843806e+00
-2.8755959467055523e+00
-2.8742594131104715e+00
-2.8729990857352967e+00
-2.8718127732284113e+00
-2.8706980381348228e+00
-2.8696522427684341e+00
-2.8686725921851117e+00
-2.8677561782907608e+00
-2.8668999984706431e+00
-2.8661010285065212e+00
-2.8653562164340545e+00
-2.8646625302837427e+00
-2.8640169796410873e+00
-2.8634166400351688e+00
-2.8628586612411882e+00
-2.8623402977372914e+00
