 0.9999999925277125E+00 -0.1505195643886909E-22
-0.3355252813572838E-01 -0.2787202928695400E-26
 0.5030867930592712E-15 -0.6070842080640582E-41
 0.4003943704126262E-15 -0.8221351964417990E-43
 0.5336669351224494E-16  0.9144165304471507E-42
 0.5901108910357423E-15  0.3498691496207265E-41
 0.7494049330031909E-01 -0.1001752783215417E-26
 0.1404672548428066E-15  0.3728810986697855E-42
 0.7869989511087289E-16  0.1098521084917323E-41
 0.7541291679874061E-01  0.5774649625277939E-27
 0.2886533511481838E-15  0.3344678029588165E-42
-0.2186580780952321E-15 -0.6154404245316970E-42
-0.2549644025259109E-15  0.1237766328750848E-42
-0.1843034554391428E+00 -0.2763385228630616E-28
 0.3720251032466247E-15 -0.1984279250695141E-43
 0.4658227839594186E-16 -0.4740799288277882E-44
-0.2483861631848020E-15  0.8575015283564331E-42
 0.9765261279723673E+00 -0.6870090368859678E-28
 0.8378011993563265E-04  0.2297002385467245E-10
 0.3067123199762763E-03 -0.1611274192760843E-10
 0.9746909874458043E-03  0.1199463383996014E-10
 0.2798702621679403E-02 -0.9267712511515270E-11
 0.7313286677532010E-02  0.7368088984010007E-11
 0.1747794290000804E-01 -0.5997722225908909E-11
 0.3835818615025947E-01  0.4981715612649235E-11
 0.7758493465611363E-01 -0.4210666681172104E-11
 0.1450871155232386E+00  0.3614116877495889E-11
 0.2515619062282212E+00 -0.3145177085416921E-11
 0.4054434036013431E+00  0.2772203833315698E-11
 0.6088104217652263E+00 -0.2472241622490949E-11
 0.8535054617563086E+00  0.2227704933356272E-11
 0.1119268006013552E+01 -0.2027241992075270E-11
 0.1375428041202675E+01  0.1861573491918921E-11
 0.1586539957073667E+01 -0.1723643430765698E-11
 0.1720648469905099E+01  0.1608504096290578E-11
 0.1757544938802257E+01 -0.1512344058634875E-11
 0.1693990560108782E+01  0.1431311142358546E-11
 0.1543560391318243E+01 -0.1363076991158029E-11
 0.1331894683084770E+01  0.1305061505382411E-11
 0.1089934231398733E+01 -0.1255276599744690E-11
 0.8470587316204455E+00  0.1214046637896706E-11
 0.6259903016849659E+00 -0.1180166318329824E-11
 0.4404417230783410E+00  0.1152952652308712E-11
 0.2953757690509535E+00 -0.1131447198892185E-11
 0.1890178705175220E+00  0.1115442673376163E-11
 0.1155389380497966E+00 -0.1104548818714401E-11
 0.6752894710058263E-01  0.1098308688631554E-11
 0.3777552452347932E-01 -0.1096385827679018E-11
 0.2024413253255562E-01  0.1098464430749830E-11
 0.1040285028649864E-01 -0.1104300833471494E-11
 0.5130453070570733E-02  0.1113702853634498E-11
 0.2430435037552307E-02 -0.1126821046524975E-11
 0.1106888880434132E-02  0.1144350320439691E-11
 0.4850341422455778E-03 -0.1166821175145723E-11
 0.2046637232007168E-03  0.1195818144429544E-11
 0.8322434799345817E-04 -0.1231754832065409E-11
 0.3263935229865565E-04  0.1273718133175196E-11
 0.1235502700695350E-04 -0.1321452055966452E-11
 0.4517256617513266E-05  0.1375990601877050E-11
 0.1596665411151282E-05 -0.1438682889466475E-11
 0.5456780255249006E-06  0.1508598855589691E-11
 0.1808307628984164E-06 -0.1584821302840449E-11
 0.5770478431941418E-07  0.1670459646437025E-11
 0.1823617869869405E-07 -0.1768526967021110E-11
 0.5169977357081432E-08  0.1879872487743670E-11
 0.1865946955930523E-08 -0.2004963060759462E-11
 0.1556460196649115E-09  0.2145168684265662E-11
 0.4386870290146546E-09 -0.2302428140795657E-11
-0.2974210600926597E-09  0.2478696610515234E-11
 0.3566393117828896E-09 -0.2676491856689804E-11
-0.3624121612397699E-09  0.2898501726637568E-11
 0.3822032974822328E-09 -0.3148223018668686E-11
-0.3989204511710344E-09  0.3428963478763500E-11
 0.4171259802317457E-09 -0.3744458979008834E-11
-0.4359738589019236E-09  0.4098578779085476E-11
 0.4559449442407867E-09 -0.4496103412544746E-11
-0.4772206679321729E-09  0.4944136618336684E-11
 0.5000724693857185E-09 -0.5450631124215299E-11
-0.5247753967233287E-09  0.6023687263029822E-11
 0.5516397879291218E-09 -0.6671356909258184E-11
-0.5810261346834982E-09  0.7402973851883278E-11
 0.6133572892145425E-09 -0.8230180917720559E-11
-0.6491221589171263E-09  0.9164154470959024E-11
 0.6888923993198477E-09 -0.1021536529544537E-10
-0.7333523923856174E-09  0.1139587962819433E-10
 0.7833308165797168E-09 -0.1272035987442514E-10
-0.8398362767221944E-09  0.1420368334120492E-10
 0.9041045888086147E-09 -0.1585916096525505E-10
-0.9776690480973753E-09  0.1770036142487772E-10
 0.1062455892186564E-08 -0.1974056526177741E-10
-0.1160908890149854E-08  0.2199167438091125E-10
 0.1276164202210616E-08 -0.2446238255704005E-10
-0.1412299597901174E-08  0.2715575048376619E-10
 0.1574690929471681E-08 -0.3006715252783502E-10
-0.1770537205519053E-08  0.3318437299517070E-10
 0.2009655521225161E-08 -0.3648597895863414E-10
-0.2305705293578762E-08  0.3993996316103428E-10
 0.2678135947708347E-08 -0.4349763507890865E-10
-0.3155383229131758E-08  0.4708693894984727E-10
 0.3780398945734025E-08 -0.5061332900560959E-10
-0.4620103147723999E-08  0.5395775803783112E-10
 0.5786290822440102E-08 -0.5697547000107680E-10
-0.7455711997137680E-08  0.5949530364070259E-10
 0.1007365744638111E-07 -0.6131583688694160E-10
-0.1365202072709852E-07  0.6219952895708129E-10
 0.2491213014329981E-07 -0.6187361732366611E-10
-0.9273014603562380E-08  0.6003445869283319E-10
 0.2756661936511999E-06 -0.5632793586814064E-10
 0.1406974644796468E-05  0.5028223774996102E-10
 0.1341602128647097E-04 -0.4101484905142638E-10
