 0.9941416815262388E+00 -0.1342906725501007E-17
 0.0000000000000000E+00  0.0000000000000000E+00
-0.2861500297723549E-15  0.4975241008195603E-11
 0.2861500297723551E-15 -0.4975241008195609E-11
 0.0000000000000000E+00  0.0000000000000000E+00
-0.1080844673861692E+00 -0.1234990899395847E-16
-0.3616227517454155E-01 -0.5959389113100597E-16 -0.2090403472139703E-17  0.9964142090920632E-09
 0.5389802290705212E-15  0.1082418581491069E+00  0.2997694432730661E-12 -0.8499153716236838E-23
 0.4030078152520759E-15  0.1347599200587337E-16 -0.2365852592758314E-27 -0.3421612544786108E-24
 0.4713585395133770E-16  0.1394262883956906E-15 -0.3007967095391849E-26 -0.7946738479483475E-25
 0.5469100813205614E-15 -0.1501184804841474E+00 -0.1465507173317247E-11  0.6283073810912922E-23
 0.7815799279023587E-01  0.9624100985891217E-15  0.4518021415587760E-17  0.4240353282212104E-09
 0.1394121234667264E-15 -0.1606938073487145E-15  0.2839176918446848E-26 -0.9449057341602158E-25
 0.7742523871515100E-16  0.1346679793429859E-16 -0.3738942994806253E-26 -0.5887760729069191E-24
 0.8360960637625592E-01  0.3768807269151431E-15  0.4833157185125918E-17 -0.3692604860340096E-09
 0.3343364484635582E-15  0.1131208237243942E+00  0.3282796262223731E-11  0.1139775478762586E-23
-0.2283358822818395E-15  0.1922729284823618E-15  0.8034655561261231E-27  0.2855745001019032E-24
-0.2638939626036240E-15 -0.4472816717135061E-16 -0.2411547174261673E-27  0.1383798961200377E-24
-0.1804692854125097E+00 -0.1500602882440082E-14 -0.1043225292301955E-16 -0.1298390427682958E-09
 0.3715261304850622E-15 -0.9614901270405518E-15  0.4104944568394514E-26  0.9466233638327492E-25
 0.4536887876511312E-16 -0.1000382939204303E-14  0.2347814316118477E-26  0.3183359209056465E-25
-0.2830235831581579E-18  0.9761925123670402E+00 -0.6391374966012872E-12  0.2029238673268058E-22
 0.9762294242448893E+00 -0.4030627449387923E-15  0.5643216309400456E-16  0.1058408822851191E-10
 0.5680112208546438E-04 -0.5016511306104815E-14
 0.2121831719436386E-03  0.5149511266328655E-15
 0.6897720896016724E-03  0.1958713532051341E-14
 0.2026833732190432E-02 -0.3167415741329233E-14
 0.5420664184511946E-02  0.3429030722590085E-14
 0.1325956181163348E-01 -0.2800281154477850E-14
 0.2978511220628433E-01  0.2661159962151273E-14
 0.6166079659057693E-01 -0.4086392438403105E-14
 0.1180120315869535E+00  0.6016422815743312E-14
 0.2093974423070205E+00 -0.6995007811303431E-14
 0.3453335878276546E+00  0.6688915652678266E-14
 0.5305386389185176E+00 -0.5028703194349275E-14
 0.7608602871704357E+00  0.3032619446550904E-14
 0.1020537333838615E+01 -0.8793403506047732E-15
 0.1282505647014447E+01 -0.1288782534895125E-14
 0.1512623510765306E+01  0.3725924040088604E-14
 0.1677135556938945E+01 -0.6077660145217063E-14
 0.1751171239328596E+01  0.8431852929922980E-14
 0.1725233512531500E+01 -0.1093790025351579E-13
 0.1606792230772959E+01  0.1232740098279565E-13
 0.1417088226606322E+01 -0.1206386077322710E-13
 0.1185256316275198E+01  0.1053709958111683E-13
 0.9414660966006246E+00 -0.8339798382564049E-14
 0.7111007639523745E+00  0.5907780288663754E-14
 0.5113474327849296E+00 -0.3250173932352951E-14
 0.3504746231663725E+00  0.1166189881312944E-14
 0.2292064877603347E+00  0.3977261924725724E-15
 0.1431796370588342E+00 -0.1245430434446041E-14
 0.8551781295912390E-01  0.1252391748234352E-14
 0.4888483567690600E-01 -0.1077993685887902E-14
 0.2676959406985369E-01  0.6727759337044722E-15
 0.1405576517318454E-01  0.1132640271918874E-15
 0.7082666908473083E-02 -0.1458753687177267E-14
 0.3428011851029068E-02  0.2472031832202980E-14
 0.1594986516474042E-02 -0.2856434063104486E-14
 0.7139965814758714E-03  0.1755177342654471E-14
 0.3077599480030776E-03  0.1556417818298644E-14
 0.1278327195281759E-03 -0.6077646751196817E-14
 0.5120748965639880E-04  0.8835124184742869E-14
 0.1979683131148720E-04 -0.7525651095768950E-14
 0.7392649653733392E-05  0.3791205625638556E-14
 0.2667921967848405E-05  0.1419201229044115E-15
 0.9316134574755662E-06 -0.2049205576744497E-14
 0.3146813423157043E-06  0.4575834272140805E-15
 0.1031039495067583E-06  0.2542578809454426E-14
 0.3266683948703082E-07 -0.3689311047929704E-14
 0.1006689578368613E-07  0.3369159327801629E-14
 0.3030236394583263E-08 -0.3274620370655127E-14
 0.8268800524457884E-09  0.2756067586316692E-14
 0.3135382995564614E-09 -0.1527153225642317E-14
-0.1953214945235243E-10  0.1071505535622168E-14
 0.1239648475168689E-09 -0.2366453403109080E-14
-0.1191984254994650E-09  0.3543498197589591E-14
 0.1425415438995334E-09 -0.2526765993964115E-14
-0.1582007688341986E-09 -0.1740661019792127E-15
 0.1756232771621768E-09  0.2688192998361846E-14
-0.1927129470281452E-09 -0.3338204748166274E-14
 0.2102378836309906E-09  0.2679852780400270E-14
-0.2282704861322893E-09 -0.1694438644499082E-14
 0.2470536240349817E-09 -0.5222266604981050E-15
-0.2668049115900232E-09  0.3567383508986245E-14
 0.2877704118811542E-09 -0.6365568162226355E-14
-0.3102219570987275E-09  0.9055220364072530E-14
 0.3344671303689023E-09 -0.1149323628378531E-13
-0.3608570686209876E-09  0.1390820753850948E-13
 0.3897981257738509E-09 -0.1616910765300555E-13
-0.4217666806150210E-09  0.1722930030946178E-13
 0.4573287419382195E-09 -0.1648225589776297E-13
-0.4971663717561000E-09  0.1476743887762207E-13
 0.5421115764659280E-09 -0.1352626394187872E-13
-0.5931933521477467E-09  0.1302978192932215E-13
 0.6516961084857722E-09 -0.1168100940596079E-13
-0.7192325302405787E-09  0.9036086682309065E-14
 0.7978565249232298E-09 -0.8732036760921261E-14
-0.8902337932243131E-09  0.1218864886255813E-13
 0.9998774432554773E-09 -0.1765277658349278E-13
-0.1131482260655177E-08  0.2468246974418246E-13
 0.1291428509711729E-08 -0.3252535543482245E-13
-0.1488575953001259E-08  0.3931062020099246E-13
 0.1735536417323131E-08 -0.4324202379400758E-13
-0.2050747026283544E-08  0.4275056986851559E-13
 0.2462065353564981E-08 -0.3598082242106156E-13
-0.3012889112330649E-08  0.2247400390849584E-13
 0.3775902382180744E-08 -0.3445539453143726E-14
-0.4865072613105636E-08 -0.1117606503013195E-13
 0.6574752091994351E-08  0.1200763830510901E-13
-0.8879119625076011E-08 -0.6666430003034057E-14
 0.1637058947988130E-07  0.2449910139408005E-14
-0.5066687990043368E-08 -0.1068346829079749E-14
 0.1861250722788548E-06  0.7000040289532239E-14
 0.9623003369922125E-06 -0.1517461295794210E-13
 0.9064872131748913E-05  0.1426846229963043E-13
