-8.2209915056459282e-01
-8.7938047013139342e-01
-9.2685491365610984e-01
-9.6625913531291308e-01
-9.9897209064313863e-01
-1.0261004926060477e+00
-1.0485410916384221e+00
-1.0670267913768665e+00
-1.0821612348033494e+00
-1.0944450362834190e+00
-1.1042958968480538e+00
-1.1120642059459722e+00
-1.1180452863896575e+00
-1.1224891176662837e+00
-1.1256081402945226e+00
-1.1275835772895699e+00
-1.1285705910686223e+00
-1.1287025119765648e+00
-1.1280943175641716e+00
-1.1268455018520775e+00
-1.1250424453151837e+00
-1.1227603752889768e+00
-1.1200649903687048e+00
-1.1170138095428035e+00
-1.1136572963004441e+00
-1.1100398312708801e+00
-1.1062003767725410e+00
-1.1021733332731529e+00
-1.0979889874594775e+00
-1.0936740320092238e+00
-1.0892519891208874e+00
-1.0847435793658791e+00
-1.0801670449875347e+00
-1.0755384348344874e+00
-1.0708718565928619e+00
-1.0661797008033689e+00
-1.0614728402510891e+00
-1.0567608076390453e+00
-1.0520519539513249e+00
-1.0473535895336072e+00
-1.0426721096338216e+00
-1.0380131059250073e+00
-1.0333814653564930e+00
-1.0287814575335201e+00
-1.0242168117015567e+00
-1.0196907843042897e+00
-1.0152062179928514e+00
-1.0107655928871897e+00
-1.0063710708293474e+00
-1.0020245333220856e+00
-9.9772761381349784e-01
-9.9348172496598042e-01
-9.8928808153241243e-01
-9.8514771944887392e-01
-9.8106151173661404e-01
-9.7703018178263223e-01
-9.7305431453465707e-01
-9.6913436610134396e-01
-9.6527067219272522e-01
-9.6146345577104109e-01
-9.5771283421176190e-01
-9.5401882620225276e-01
-9.5038135853598416e-01
-9.4680027289619906e-01
-9.4327533266837726e-01
-9.3980622977656925e-01
-9.3639259150609844e-01
-9.3303398725381870e-01
-9.2972993513585667e-01
-9.2647990838022642e-01
-9.2328334143590407e-01
-9.2013963573896029e-01
-9.1704816508838394e-01
-9.1400828059766526e-01
-9.1101931520196233e-01
-9.0808058771344824e-01
-9.0519140642899543e-01
-9.0235107230399725e-01
-8.9955888171393006e-01
-8.9681412883097467e-01
-8.9411610764708971e-01
-8.9146411367727185e-01
-8.8885744537766431e-01
-8.8629540531305417e-01
-8.8377730110715091e-01
-8.8130244620727916e-01
-8.7887016049283251e-01
-8.7647977075415018e-01
-8.7413061106575873e-01
-8.7182202307495660e-01
-8.6955335622386287e-01
-8.6732396792027888e-01
