 0.2663381938057882E-01   0.1329750589084373E+01
 0.6201805853770764E-01   0.4800270777283284E+00
-0.5665460439236539E+00   0.2271111999585383E+01
-0.2085223034225150E+00  -0.2793553460622916E+00
-0.4364305953693113E+00  -0.1883514620861578E+00
 0.1856054437401599E+01   0.2957327296996521E+01
-0.4282264466048764E-14   0.5082833949992811E-15
-0.4704690971845314E-14   0.2405400542970319E-14
 0.3260016676101198E-14   0.8543505057572963E-14
 0.5285334558596357E+00   0.2825780380459761E+01
 0.1283260992300456E-14   0.8025987386723506E-15
-0.1219359600780043E-14  -0.4997931590811361E-14
-0.1016063547830728E-14  -0.1567749132021658E-14
-0.5201459922499208E-15   0.6971419969081794E-16
 0.5285334558596329E+00   0.2825780380459751E+01
-0.2834063644591735E+00  -0.8258912551327630E-01
-0.2819986638221228E+00   0.1345174871583071E+00
 0.2725946158420521E+00   0.3941645735212653E+00
-0.4887430422626985E-14  -0.2838907552494123E-13
 0.1103934691735401E-14   0.9247962689280992E-14
 0.2828430954890711E+00   0.1291801622021267E+01
 0.4373131812041921E-01  -0.2439754486814854E-01
-0.6122026607646996E-01  -0.1416739744532048E+00
-0.1699253540582339E+00  -0.6882110716815445E+00
 0.1431986624797428E-14   0.8747900528290762E-14
 0.9603983476163811E-15   0.7421625429425583E-16
 0.1534006690737033E-01   0.4202437153642582E+00
 0.1685617266514450E+01   0.1253455642082340E+02
 0.1127370570068019E+00   0.9745429151402603E-01
-0.1751189611352210E-01  -0.2686501665256714E+00
 0.5521940079119625E-01   0.1417546998313405E+00
 0.9630074932589046E-15  -0.6456794382159054E-15
-0.5369550912758288E-13  -0.1092241892336920E-13
 0.3626288807727101E+00   0.4924525482817632E-01
-0.3119496359879673E+00  -0.2097907270973181E+01
-0.9429068484924549E+00   0.1051418714745778E+01
 0.8406223493305880E-15   0.1418114415452760E-14
 0.3650431612569182E-15  -0.9809075336085868E-16
 0.1899843937651848E-14   0.9215292431634245E-15
 0.6577926376979799E+00   0.1250190130118063E+00
-0.7109475088949220E-01  -0.1351215425218140E-01
-0.1278773616522416E-13  -0.3253482956750969E-14
-0.1082397294762921E-14   0.1674018649359219E-14
-0.3947696104717676E-15  -0.5093871626795979E-15
 0.6898627007306848E+00   0.2234064458076787E+01
 0.7645776508852729E-14   0.5505517430806109E-14
-0.3525573373834278E-14  -0.2219697962062619E-13
 0.3023961136345318E-14   0.1051018795097622E-13
 0.7109475088949184E-01   0.1351215425218057E-01
 0.6577926376979794E+00   0.1250190130118050E+00
 0.3142967291932903E-13   0.4479679485498881E-14
-0.2498609506780342E-13  -0.1683242715588471E-12
-0.1284686246014138E-12  -0.9274039948466403E-13
-0.8604228440844963E-15  -0.1054711873393899E-14
 0.6898627007306848E+00   0.2234064458076791E+01
 0.1922926328931766E-15   0.4633551742946225E-15
-0.2345404733862822E-15   0.6529371823887491E-16
 0.5250830968177910E-15   0.4201511821002916E-15
 0.1607989711914909E+00   0.1059493841694514E-01
 0.2454571710963843E-02   0.1617301150930164E-03
-0.3108975633243035E-14  -0.8351012392861379E-15
 0.1564470640624630E-14   0.4388126958483707E-16
 0.4813869857640378E-14   0.3732652419274632E-15
-0.5084531745597062E+00  -0.5000702094771992E-02
-0.6281912434182287E-01  -0.6178341338115845E-03
 0.5590350749257104E+00   0.1829316052912953E+01
 0.1765721393489212E-15  -0.3114941801484876E-15
 0.2340036276587548E-15  -0.4077000850979171E-15
 0.3212781643894570E-15  -0.1893528518645692E-15
 0.2454571710964764E-02   0.1617301150943548E-03
-0.1607989711914904E+00  -0.1059493841694441E-01
-0.8702949826025283E-15   0.3308662614753349E-15
 0.2702748003664426E-15   0.2941209128367140E-14
-0.4001457655031242E-13  -0.8551306187752451E-15
-0.6281912434182292E-01  -0.6178341338112731E-03
 0.5084531745597068E+00   0.5000702094770940E-02
-0.8896963027416049E-15   0.2979387569990166E-15
 0.5590350749257115E+00   0.1829316052912955E+01
 0.1193077772420844E-01   0.3279462162423993E+00
 0.1849453373920080E+00   0.3563023284176536E+00
 0.3612211588773568E-01  -0.1562416651844738E+00
-0.9730423745087034E-15   0.1249381048127215E-14
 0.2897507362836814E-15   0.4778092249045999E-15
 0.2746333443407121E-02  -0.2857155786332813E-02
-0.2288794630400370E+00   0.2922988696279595E+00
 0.2400821624873147E+00   0.1545864368512947E+00
-0.3920899585263471E-15   0.3783436243692689E-15
 0.1968608206232202E-13   0.1015726184976323E-13
-0.5377679369921610E-15  -0.3987143506165403E-15
 0.6912147124739777E-15  -0.1597985811527055E-14
-0.6459650872447922E+00   0.1717999778122057E+01
-0.2785589405298566E+00  -0.3300740387521728E+00
 0.1503763641747152E-01  -0.5358166246943574E-01
-0.4093899483184073E+00  -0.3597003043635498E+00
 0.6613920946286424E-14   0.6280657493491006E-14
-0.2346384584892908E-14  -0.1808183621716142E-14
 0.2847251115217173E+00   0.2694463375185250E+00
-0.2926331081337601E-01   0.1517582971376126E+00
 0.4639875668665557E-01  -0.6930459952496998E-02
-0.1824549265478939E-15   0.3001637927572373E-15
 0.5350462335275780E-14   0.6180753417655966E-15
 0.9961565811467635E-16   0.1763758806743085E-15
-0.1824618524664229E-14   0.1317782541745971E-15
-0.9569396456990650E-01  -0.1111602199688170E+00
 0.5951652515575376E+00   0.1357349294402197E+01
 0.1935851599997009E+00   0.5856858499073236E-01
-0.1338217518564220E+00  -0.3763761385016539E+00
 0.5696884221846641E-01   0.1307711939040685E+00
 0.3387789110569246E-14   0.4638579258598854E-14
-0.1598811969334277E-15  -0.1046400786953491E-14
 0.1826121738717069E+00   0.2809293319999465E+00
 0.4605737076662762E-01   0.2128296980665385E+01
 0.1546907824845260E+00  -0.3332978652154612E+00
-0.1993017332457623E-14  -0.1584117938841509E-15
 0.9342999839009542E-14  -0.2550256548770362E-13
-0.2257617712864668E-14   0.1529533578410751E-15
 0.1358768361013426E-14   0.4007530720567555E-15
-0.2133422689975459E+00  -0.8150764460511177E+00
 0.5311558535701360E-01   0.1169816420438772E+00
-0.6689356268777926E+00   0.1853466033687551E+01
 0.2526215578179020E-14   0.1788579363690010E-14
-0.1448152720562848E-14  -0.3547066538283128E-14
 0.1193126716063153E-14   0.2000769214926473E-14
-0.4144698913483386E-01  -0.1706170610923967E-01
-0.1532966381707556E-01  -0.6310475724774814E-02
 0.1939152406927797E-14   0.2931608563174302E-14
 0.3148263027570006E-15   0.2074980047753120E-13
-0.5128747694633617E-14  -0.2573727891220164E-14
 0.1786364238588069E+00  -0.1628840754794786E-01
 0.8893307827956635E-01  -0.8109086558159482E-02
 0.3271897788259404E+00  -0.6836253370555456E-01
-0.1153691832087727E+00   0.2410506130109813E-01
-0.2838475997778259E-14  -0.8194876510204164E-14
 0.2572579089921400E-15   0.1485732606037771E-14
-0.8687862320793517E-14   0.1811291088821979E-14
 0.1902168881883269E+00   0.1585237979077011E+01
-0.2246288095599657E-14  -0.2283687309639528E-14
 0.5275215746259939E-15   0.1911590898026462E-14
-0.1723973037104180E-14  -0.9462024473947979E-15
-0.1532966381707527E-01  -0.6310475724774545E-02
 0.4144698913483345E-01   0.1706170610923878E-01
 0.6266670582222444E-16  -0.1436048165600217E-14
 0.1793077333879440E-14  -0.1565447555179089E-13
 0.1272146533084276E-13   0.1207476073797661E-14
 0.8893307827956523E-01  -0.8109086558159409E-02
-0.1786364238588075E+00   0.1628840754794843E-01
 0.1153691832087734E+00  -0.2410506130109802E-01
 0.3271897788259402E+00  -0.6836253370555520E-01
 0.1937039866842058E-14   0.5055217322354853E-14
 0.1556232017487099E-14  -0.1630506875698561E-14
 0.7168782563474826E-14  -0.2073438971450838E-15
 0.2844946500601964E-15  -0.3261280134836397E-15
 0.1902168881883271E+00   0.1585237979077011E+01
-0.1448522761601356E-15  -0.6884813607134287E-15
-0.2862366036123982E-16   0.7734064386393938E-16
-0.1014146765820906E-14  -0.3150163205022566E-15
-0.4065262168817711E-01   0.8251250637410350E-01
-0.6354368904965939E-03   0.1289744383021957E-02
 0.1188137668686380E-14  -0.1268681090038312E-14
-0.1183458899674206E-16   0.6649081450314447E-15
 0.1255959221303272E-14   0.6870224150367244E-15
-0.1322933149072644E+00  -0.8372909206618068E-01
-0.1639392548222905E-01  -0.1037579636574857E-01
-0.1820983066773630E+00  -0.4999164348086828E-01
 0.6664093162858829E-04   0.1829500645005432E-04
 0.4378638153939433E-17   0.3966332319200141E-17
 0.1632364179238783E-14   0.1953838511096300E-16
 0.5767109980927533E-15   0.7339447266489456E-15
-0.1083482446569514E+00  -0.8323662581590498E-01
-0.3815970021206100E-01  -0.2931551588911356E-01
-0.1309543325064730E+01   0.7047764333814439E+00
 0.6677467071609081E-17  -0.4180145976165293E-15
 0.1525384962157818E-15  -0.1473402498321233E-15
 0.1484041373276751E-15  -0.5321388227278500E-15
-0.6354368904966137E-03   0.1289744383021781E-02
 0.4065262168817727E-01  -0.8251250637410325E-01
 0.6091688931148099E-16  -0.1060918753366979E-14
 0.1071860798239282E-14  -0.2083126536694773E-15
-0.1116945575890964E-13  -0.6613963411942676E-14
-0.1639392548222755E-01  -0.1037579636574854E-01
 0.1322933149072649E+00   0.8372909206618101E-01
-0.6664093162951463E-04  -0.1829500645021912E-04
-0.1820983066773634E+00  -0.4999164348086710E-01
 0.8608734513303668E-16  -0.1082391087671172E-14
-0.7888042299438471E-15  -0.8889251196839764E-16
-0.1403176048541910E-14  -0.6065249015837349E-15
 0.3815970021206049E-01   0.2931551588911358E-01
-0.1083482446569519E+00  -0.8323662581590593E-01
-0.1566401088698433E-15   0.1581393571864834E-15
-0.1309543325064735E+01   0.7047764333814461E+00
 0.1168902911461096E+00   0.2482496689533888E+00
-0.2960690449811275E+00   0.1384558902742388E+00
 0.5758724823120126E-01   0.2090339937421959E+00
-0.5280033784381932E-14  -0.1829053959006098E-14
 0.1097598547010748E-14   0.1771349375815537E-14
-0.2713257327915803E+00  -0.1192734657211304E+00
-0.2033547704934857E+00  -0.6331676614626482E+00
 0.1301119851135358E+00   0.2163084492024522E+00
-0.3004444228666197E-16  -0.2778083324638822E-17
 0.1178129428982829E-13   0.1776362857925064E-13
-0.5892259195551454E-15  -0.3084852138212817E-16
 0.5879870343006818E-15  -0.1157196158976226E-15
-0.3592489258942331E+00   0.9557170750327632E-01
 0.4113272123451496E+00   0.3989436861200638E+00
 0.5759247319591370E+00   0.1097803659017641E+00
 0.4962176060165797E-14   0.1071958334081539E-14
-0.2953730577507717E-14  -0.1567852246099473E-15
-0.5592192463117143E-16  -0.2554873491036410E-15
-0.2735824353756759E-15  -0.8320639287141992E-15
-0.2021636855108863E+00   0.1345537789046650E+01
 0.6371802882662107E-01   0.1203797124745579E+00
-0.3834903884921413E+00   0.1952824170043033E+00
 0.2420554759244459E-01   0.6678820585562403E-01
 0.1029642606615252E-14   0.4810315269679572E-14
-0.1169280556937508E-14  -0.1338035134043484E-14
 0.7424169244120019E-01   0.2807751554550394E+00
-0.1838245618727112E-01  -0.6259880392184460E+00
 0.2914436510485354E+00   0.2089733824046369E+00
 0.1277846690608042E-14  -0.8755569561471771E-16
 0.2322196938832400E-13   0.1657132915763879E-13
-0.1422471731095718E-15  -0.1135057365920112E-15
 0.9984796133523069E-15  -0.1691913573171257E-15
-0.1434845960947612E+00   0.1202270530213513E+00
-0.3351431547552987E-01  -0.1789389164433613E+00
 0.4899603107128688E+00  -0.1486253537224577E+00
 0.4176967579370415E-14  -0.1125665426046572E-14
-0.4311792293060548E-14   0.4596464828978056E-15
 0.4754808479157145E-15  -0.4287966314543416E-15
 0.7789282938821765E-15  -0.6524723938940764E-15
-0.4733029148298897E+00   0.2760888424140607E+00
-0.1321107611088080E+01   0.6894388629178771E+00
 0.1957297272640528E+00   0.4642326777957438E+00
 0.1726829381988753E+00   0.3723332932626649E+00
 0.1574547537285849E+00  -0.1216127655108724E+00
 0.4928364566314079E-15   0.3171162753811561E-14
 0.2452674747683878E-16   0.9252100213824698E-15
-0.7740670195294551E-01   0.1958661985495333E+00
-0.4100308464578283E+01   0.5731291959247671E+00
 0.2050520528877871E+00  -0.4822731558762924E+00
-0.1786041661096646E-14   0.1467858121944658E-14
 0.1676812494305836E-13  -0.3919037167486846E-13
 0.2226293665978125E-14  -0.2370452506596540E-14
-0.1229938267903573E-14  -0.5512515797740032E-15
 0.2495264191959256E+00   0.9350646805017541E+00
-0.7706731318382824E-01  -0.5709814024302051E-02
-0.8324440316494560E+00  -0.2792765884724945E+00
-0.7670801285000778E-14  -0.1905461030250403E-14
 0.8339896453920241E-14  -0.1357020371345527E-14
 0.3815048789246567E-15  -0.6766495997296114E-15
 0.9144095085860921E-15  -0.2158433606566178E-14
 0.2654658746241491E+00   0.3884821756674538E+00
 0.4525668416582774E+00   0.3710777175663686E+00
-0.5983897968686661E+01   0.5425344260000259E+01
-0.4867509150262095E-15  -0.6860979797825958E-15
 0.1329926044879309E-16  -0.7324960979384103E-15
-0.8554963319274251E-16   0.6581169949373642E-16
 0.5137486328724030E-15  -0.2145759152168718E-15
-0.1595723192843273E-15   0.1489058124975289E-15
 0.1970195305527447E-15  -0.3373940745225327E-15
 0.6640464420681854E-14  -0.7680299925821897E-15
-0.4037856825919068E-15   0.6827602343351984E-15
-0.5159176865787444E-15   0.1881525054869366E-15
 0.5153938238892165E-16  -0.8414023319608702E-16
-0.3000935461949239E-16  -0.7374982858839436E-16
-0.3936306718271719E-16   0.4805418657552118E-16
-0.2418046565422421E-15  -0.1572271364817258E-14
 0.1704491545478928E-15  -0.4093810267331237E-16
 0.1303526985115368E-14   0.3260736933152737E-15
 0.2314738586301973E-15  -0.1493812757517428E-17
-0.1193217232217416E-15   0.7724573903044599E-16
-0.2351574489282719E-15   0.6329638195691031E-16
-0.5685439953719186E-16   0.8210868000889894E-16
-0.5453004346839333E-15  -0.6561461429406913E-15
-0.6275826895034564E-15  -0.5868677320367324E-15
 0.7503809381182632E-14  -0.7322606487241644E-14
-0.1152011633065700E+01   0.8304683150891702E+00
-0.3211315508324246E-15   0.2594667542629607E-16
 0.2569482106194891E-15  -0.4263561315216617E-15
-0.2065056844208063E-15   0.9718386473278111E-16
-0.2387143018959543E-15   0.3858320811261137E-15
 0.3253582384984522E-15  -0.5356372485523215E-15
 0.8965075630067517E-15  -0.3857717713385984E-15
 0.1480305857873192E-14   0.1400013558369961E-14
-0.8948428198059696E-15   0.4229042406844549E-15
 0.6318239887096013E-15  -0.3454642024101427E-15
 0.1100119724872226E-15  -0.1663059350205589E-15
 0.3445588943793819E-16   0.1821641578498848E-15
 0.4498382549421390E-15  -0.1051344701331499E-15
-0.4064238867971964E-15  -0.1960789486935525E-15
 0.3877279546052634E-15  -0.2881587485363902E-15
 0.4289085879231368E-15   0.3868907080058072E-15
-0.3481119138664337E-16   0.4546609701365396E-16
 0.2287500747205442E-15  -0.4580160600779662E-15
 0.5142626435488875E-16  -0.5928165357341933E-16
 0.6004848402191836E-16   0.7754558977893989E-16
-0.8824274489509662E-15   0.3369091598607511E-15
-0.1221350378243971E-15  -0.1332098366145632E-15
 0.3661829482589733E-15  -0.8970849766981297E-15
-0.5637851296924618E-17   0.1647987302177967E-16
-0.1152011633065702E+01   0.8304683150891714E+00
-0.7744914679411663E-15  -0.7195001651981528E-15
 0.1340380081669531E-15  -0.1419004513902363E-14
-0.2324943762557558E-15  -0.5737191837686072E-17
 0.2607186721078738E-02  -0.2954285691149762E-02
-0.1987439399794302E+00   0.2252030410161722E+00
-0.8537556047287294E-15   0.9526099869253506E-15
 0.8911324668736104E-14  -0.1613803694397414E-14
-0.5941825345245183E-14   0.1398831378228259E-13
-0.8725129691587376E-02   0.2000263239890505E-01
 0.7188797427122182E-01  -0.1648054268621058E+00
 0.4504270575239966E-05  -0.2230328825672896E-03
-0.2098819892171645E-02   0.1039248958885418E+00
-0.2924282055929293E-15  -0.2384471157064347E-14
-0.1062772925548840E-15   0.5035898710935551E-15
 0.1674657615099550E-14  -0.2546290788549015E-15
 0.1252903762189603E-01   0.1915448560823752E-01
-0.3529096923756114E-01  -0.5395309542212742E-01
-0.1788745952687431E-03  -0.4013711660994346E-04
 0.7120633795597496E-01   0.1597776970849009E-01
-0.1160091643583781E-14  -0.4242644992595560E-15
-0.5281996112103887E-15  -0.1245732915119369E-14
 0.9834888636305877E-14  -0.9264927215650784E-14
-0.7318535478714207E-16   0.4327839865823466E-16
-0.2344364533704272E-15   0.1287173100427469E-15
-0.1245547754310866E+01   0.8627925924347463E+00
-0.1409792598372271E-15   0.3521356534663979E-16
 0.4817002488496185E-15  -0.3404969433726535E-15
 0.3686673112980686E-15  -0.4835186951219828E-15
 0.1987439399794292E+00  -0.2252030410161712E+00
 0.2607186721079516E-02  -0.2954285691150263E-02
-0.4449836210932051E-14   0.4644568881732979E-14
 0.2057669457442254E-15  -0.1249752467152229E-15
 0.2387580520728466E-15  -0.1318869180673215E-14
-0.7188797427122237E-01   0.1648054268621053E+00
-0.8725129691586685E-02   0.2000263239890508E-01
-0.2098819892172980E-02   0.1039248958885424E+00
-0.4504270575090138E-05   0.2230328825674537E-03
 0.6023277683896067E-16  -0.1193018861682366E-15
-0.1426598959233736E-15   0.2201616644883135E-15
 0.2604577146471900E-15   0.2624802407643971E-15
-0.3529096923756063E-01  -0.5395309542212778E-01
-0.1252903762189621E-01  -0.1915448560823760E-01
 0.7120633795597475E-01   0.1597776970848992E-01
 0.1788745952687124E-03   0.4013711661007469E-04
 0.3180738475155022E-15  -0.1507839276543954E-15
-0.1089044254423483E-15   0.9794476984065379E-16
 0.9393564914673915E-16  -0.3007066304047976E-15
 0.2969021053473850E-16  -0.4288432921549879E-17
 0.2787998469706086E-16  -0.3107807699228329E-17
 0.8289572510413260E-16  -0.5321748290654712E-16
-0.1245547754310862E+01   0.8627925924347432E+00
 0.1221646309933910E+00   0.1484447851384131E+00
 0.3123740236574422E+00  -0.2286782559975546E+00
 0.5094045234345049E-01  -0.4424955110860161E-01
 0.1051647727767929E-14   0.5391636366893977E-15
 0.4229455616192521E-15  -0.7448288077553475E-15
 0.8525564575499467E-01   0.2374462252273188E-01
 0.2710128085399761E+00  -0.1880887096850204E+00
-0.3071696179224167E-01   0.4323170061124942E-01
 0.4103164181781834E-16  -0.2015884452011707E-15
-0.1874450187268826E-14   0.3252930281097132E-14
 0.4368232142875471E-15  -0.2838009676681382E-15
 0.2699602283633505E-15  -0.5970319163895495E-15
-0.8683053249306159E-01   0.4895036539160019E-01
 0.2555355550137451E-01   0.1258914147972117E-01
 0.1195659015498810E+00  -0.2733678488582641E+00
 0.1136807362722481E-14  -0.2918321387322230E-14
-0.1370649596808522E-14   0.1951380204298128E-14
 0.6664640511795935E-15  -0.3760354771316148E-15
-0.5314787811965161E-16   0.6637552745696060E-16
 0.8067578346008733E-03   0.2821102616335206E-02
-0.2635450702822573E-01  -0.6284067874197823E-01
 0.4555359572235458E+00  -0.2883290110181952E-01
-0.1262823066907620E-15  -0.3879391995542711E-15
-0.2481020282667909E-17  -0.8546223035485424E-16
-0.1062939533197854E-14   0.7286475971536347E-16
 0.2393756258706356E-16  -0.3353404219038144E-16
-0.1324940755002946E+01   0.7936043474208385E+00
-0.8591233300273620E-15   0.1659399882051548E-15
 0.8156662050702936E-15  -0.2022249231581393E-15
 0.5338177524038321E-15  -0.2236185057614487E-15
 0.4021211965531610E-01  -0.2536546817730423E-01
 0.5351889532027364E-03  -0.3375927078124423E-03
-0.7772247878746731E-15   0.4906987354571492E-15
 0.7421668084526088E-15  -0.1619874885155705E-15
-0.6850832698303011E-15  -0.4725888630049632E-16
 0.5287137207080057E-01   0.1056320843926937E-01
 0.6427298115772082E-02   0.1284114390057891E-02
 0.8306464867914375E-01   0.7814307377015581E-02
 0.1624166665786353E-03   0.1527934898875667E-04
 0.1542262723639916E-15  -0.1034559252945137E-15
-0.7645747688462242E-15   0.4669238741023558E-15
-0.1995012267984844E-15   0.5836918794649636E-15
-0.2173541624957536E-01  -0.6686976946778532E-01
-0.7711861411287693E-02  -0.2372581177277407E-01
 0.5441784497644544E+00  -0.3355224026554797E+00
 0.1263183627419195E-02  -0.7788371734496241E-03
 0.2715801128252356E-15  -0.1402408576059703E-15
 0.1232959497602322E-15  -0.2806228297199640E-16
-0.2423521104095264E-15  -0.1279619367985539E-15
 0.2300725822179849E-15  -0.1383224236118462E-15
-0.2100176274103101E-15   0.4042342514715709E-16
 0.3099685833658203E-04  -0.1369442522811004E-04
-0.1624644478276571E+00   0.7177686231440182E-01
 0.1266765744664420E-15   0.5336003940904267E-16
-0.1674295873573623E+01   0.3700507195211264E+00
-0.1204435534241630E-14   0.2155705808631083E-15
 0.4553083997302011E-16  -0.9875515202020802E-16
-0.3760017543924776E-15   0.5309616422625144E-16
 0.5351889532029274E-03  -0.3375927078125888E-03
-0.4021211965531654E-01   0.2536546817730442E-01
-0.6571026668314922E-15   0.9752363538714487E-16
 0.4367377476793432E-15  -0.1437261156435235E-15
 0.4023642356953586E-14   0.7864413201986493E-15
 0.6427298115770637E-02   0.1284114390058304E-02
-0.5287137207080028E-01  -0.1056320843926953E-01
-0.1624166665785260E-03  -0.1527934898859494E-04
 0.8306464867914430E-01   0.7814307377015330E-02
 0.4755372597987537E-15  -0.3465905163389860E-15
 0.4711521277103559E-16   0.2026380561754927E-15
 0.7071467556443353E-16  -0.1019312931460866E-14
 0.7711861411287658E-02   0.2372581177277410E-01
-0.2173541624957466E-01  -0.6686976946778549E-01
-0.1263183627418192E-02   0.7788371734494259E-03
 0.5441784497644548E+00  -0.3355224026554797E+00
 0.2103928958573216E-15  -0.1377863213130575E-15
-0.4969428875524736E-15  -0.4976346744160810E-16
-0.8817724009669382E-15   0.6687956125433391E-16
-0.2591760553010848E-15   0.3463942540279462E-15
-0.3659399444543466E-15   0.1477817428057575E-15
-0.1624644478276574E+00   0.7177686231440190E-01
-0.3099685833652848E-04   0.1369442522819296E-04
 0.5287173291809917E-15   0.2635516052626855E-16
-0.5152910107409056E-16   0.2752529246220206E-16
-0.1674295873573622E+01   0.3700507195211263E+00
 0.5353530103488797E-01   0.9220181620675401E-01
 0.1489018432928480E+00   0.1340064037124482E-01
 0.4499133430870139E-01  -0.3153563204977420E-01
-0.4643716894256126E-15   0.1174821432570708E-14
 0.4260815519011301E-15  -0.1741138049974734E-15
-0.5301436523169961E-02   0.5984854760563561E-01
-0.4199064192123388E+00   0.2880906252729027E+00
 0.3193785471783886E+00  -0.1838726790328961E+00
-0.3717193799073954E-15   0.4588465630814437E-15
 0.2550387170655449E-13  -0.1480874123821994E-13
 0.6176489325325519E-15  -0.2535160768173156E-15
-0.4830159238750374E-15   0.1843630125788990E-15
-0.1569737059426783E+00   0.2405119362819575E+00
-0.2216166701675789E-01   0.3727910426438613E-02
-0.3202839040137923E+00   0.1563971125471291E+00
-0.3071722495156023E-14   0.1667466233301243E-14
 0.2474284918722482E-14  -0.1839009203042699E-14
-0.3511899073626104E-15  -0.4001832558395469E-16
 0.7165385183846097E-15  -0.6182188529069061E-15
 0.1080780197594798E+00  -0.4982512216968830E-02
 0.2381161381738487E+00  -0.6972921491381878E-01
 0.8237409740100154E-02   0.7650024124734125E+00
-0.2470507390105130E-15  -0.1149375344346072E-14
-0.4627462451413499E-16  -0.1007501601367235E-15
-0.2039143393999458E-16  -0.1616233378930898E-14
 0.3736634921245813E-15  -0.1507302267689421E-15
-0.1155049745975517E+00   0.2325595837141512E-02
 0.1546647995985021E-15  -0.1123246223855621E-16
-0.2023897284571098E-15   0.1193445346647950E-15
-0.1590488279154431E+01   0.3556154448203871E+00
-0.6406185095713031E-01   0.1698820656065530E-01
-0.2107941569839260E+00   0.1142151333307934E+00
-0.1332259717714372E-01   0.1126839043363730E-01
-0.3059045175107984E-14   0.2694131676700130E-15
-0.1880363901918290E-15   0.1742836832153206E-15
-0.1267195913807251E+00   0.2207393952647562E-01
 0.5261322988975693E-01  -0.1035612294183920E+00
 0.3277096292511347E+00  -0.1322040705047236E+00
 0.1067925030917784E-14  -0.2046256754924655E-15
 0.2573516674859637E-13  -0.1037817431430272E-13
 0.1628287520392591E-15  -0.1141774572413327E-15
 0.2616211601987809E-15  -0.2498135489227730E-15
-0.1142447363874304E+00   0.5517182341071980E-01
 0.1964900706920368E-01   0.3956592640572524E-02
 0.1845058649996747E+00  -0.1366117893345614E+00
 0.5666898921374471E-15  -0.1309533408723014E-14
-0.1876765845231098E-14   0.7579155513789452E-15
 0.1185018161149744E-15  -0.1320119783147889E-15
 0.5122155519861152E-15  -0.1683627180982601E-15
-0.2405789153661962E+00   0.1044694929521297E+00
-0.6739240057180282E+00   0.1898732879731674E+00
 0.6539753098234893E+00   0.4293130434605229E+00
-0.8409468880600380E-15  -0.7413144807144061E-15
-0.2130478818819079E-15  -0.9369418355204736E-16
-0.1715568945383373E-14  -0.8750015193962704E-15
 0.2932740630990438E-15   0.6026629034899059E-17
 0.1003422299616400E-01  -0.8969495960015957E-01
 0.8501199735543034E-16   0.3638097583553135E-16
 0.4435175731347901E-15  -0.9003469820391786E-16
-0.7601035882057640E-01  -0.1804141269704889E-01
-0.2125829378177666E+01   0.2608398001880253E+00
-0.2910876349945347E-01   0.1329750589084373E+01
 0.1129185626715301E+00   0.4800270777283284E+00
 0.2931370970916593E-01   0.2271111999585383E+01
-0.1934515021435723E+00  -0.2793553460622916E+00
-0.3215646842437643E+00  -0.1883514620861578E+00
 0.1698909181581519E+01   0.2957327296996521E+01
-0.4388754341233062E-14   0.5082833949992811E-15
-0.1788725026723709E-14   0.2405400542970319E-14
 0.3241870718885851E-14   0.8543505057572963E-14
 0.6495115985299446E+00   0.2825780380459761E+01
 0.1424559798351382E-14   0.8025987386723506E-15
-0.1390170752626966E-14  -0.4997931590811361E-14
-0.9852276547935915E-15  -0.1567749132021658E-14
-0.3764892043955914E-15   0.6971419969081794E-16
 0.6495115985299417E+00   0.2825780380459751E+01
-0.2907578790926133E+00  -0.8258912551327630E-01
-0.1237428787974055E+00   0.1345174871583071E+00
 0.2501686287328109E+00   0.3941645735212653E+00
-0.7266610112754901E-14  -0.2838907552494123E-13
 0.2129162970254179E-14   0.9247962689280992E-14
 0.2745098025638673E+00   0.1291801622021267E+01
-0.1216110902062300E+00  -0.2439754486814854E-01
-0.2255611602442576E+00  -0.1416739744532048E+00
-0.2522584790444207E+00  -0.6882110716815445E+00
 0.2232113718882286E-14   0.8747900528290762E-14
 0.4544334270868775E-16   0.7421625429425583E-16
 0.7291396613053357E-01   0.4202437153642582E+00
 0.2839209484612363E+01   0.1253455642082340E+02
 0.1010298155797665E+00   0.9745429151402603E-01
-0.1259479279940002E+00  -0.2686501665256714E+00
-0.1498619419866538E-01   0.1417546998313405E+00
 0.6746162574367122E-15  -0.6456794382159054E-15
-0.3722562506268043E-13  -0.1092241892336920E-13
 0.2499257519573564E+00   0.4924525482817632E-01
-0.5663184722099323E+00  -0.2097907270973181E+01
-0.9137720020129336E+00   0.1051418714745778E+01
 0.5715367752098453E-15   0.1418114415452760E-14
-0.5795072055893311E-16  -0.9809075336085868E-16
 0.1267552266003940E-14   0.9215292431634245E-15
 0.4532264607306839E+00   0.1250190130118063E+00
-0.4898507595788671E-01  -0.1351215425218140E-01
-0.9024159514707175E-14  -0.3253482956750969E-14
-0.6191991531828640E-15   0.1674018649359219E-14
-0.4484441520896230E-15  -0.5093871626795979E-15
 0.6884788734400893E+00   0.2234064458076787E+01
 0.6788250303084448E-14   0.5505517430806109E-14
-0.1128933873799608E-13  -0.2219697962062619E-13
-0.2212446844162481E-14   0.1051018795097622E-13
 0.4898507595788634E-01   0.1351215425218057E-01
 0.4532264607306836E+00   0.1250190130118050E+00
 0.2187278298414345E-13   0.4479679485498881E-14
-0.4525630550408932E-13  -0.1683242715588471E-12
-0.1258772024303791E-12  -0.9274039948466403E-13
-0.8881784197001252E-15  -0.1054711873393899E-14
 0.6884788734400895E+00   0.2234064458076791E+01
 0.2602082692499118E-15   0.4633551742946225E-15
 0.5066284674965083E-16   0.6529371823887491E-16
 0.1819368947862277E-15   0.4201511821002916E-15
-0.7819445648153414E-02   0.1059493841694514E-01
-0.1193626423175217E-03   0.1617301150930164E-03
-0.7961086764769090E-16  -0.8351012392861379E-15
 0.9491242219816385E-15   0.4388126958483707E-16
 0.4433287788409588E-14   0.3732652419274632E-15
-0.4619169308598663E+00  -0.5000702094771992E-02
-0.5706959572119208E-01  -0.6178341338115845E-03
 0.4985664975539572E+00   0.1829316052912953E+01
-0.2499629412247656E-16  -0.3114941801484876E-15
-0.2615154198028384E-15  -0.4077000850979171E-15
 0.2881355608116166E-15  -0.1893528518645692E-15
-0.1193626423169200E-03   0.1617301150943548E-03
 0.7819445648153407E-02  -0.1059493841694441E-01
 0.4989254528519866E-16   0.3308662614753349E-15
 0.4969548179963392E-15   0.2941209128367140E-14
-0.3644858183218284E-13  -0.8551306187752451E-15
-0.5706959572119198E-01  -0.6178341338112731E-03
 0.4619169308598671E+00   0.5000702094770940E-02
-0.9176687187917310E-15   0.2979387569990166E-15
 0.4985664975539579E+00   0.1829316052912955E+01
-0.3073152300543155E-02   0.3279462162423993E+00
 0.1035739015748292E+00   0.3563023284176536E+00
-0.7561932895152466E-01  -0.1562416651844738E+00
-0.1589328790852343E-14   0.1249381048127215E-14
-0.1378034985253296E-18   0.4778092249045999E-15
-0.4735089761235234E-01  -0.2857155786332813E-02
-0.1789541553463481E+00   0.2922988696279595E+00
 0.1500455201832695E+00   0.1545864368512947E+00
-0.6334759776275546E-15   0.3783436243692689E-15
 0.1277382510944051E-13   0.1015726184976323E-13
-0.4634212909658088E-15  -0.3987143506165403E-15
 0.5484275657194263E-15  -0.1597985811527055E-14
-0.7043835425806224E+00   0.1717999778122057E+01
-0.2719753169217067E+00  -0.3300740387521728E+00
-0.8867852504094581E-02  -0.5358166246943574E-01
-0.4292330819333043E+00  -0.3597003043635498E+00
 0.6317084728507760E-14   0.6280657493491006E-14
-0.1721519675916763E-14  -0.1808183621716142E-14
 0.2817252243882754E+00   0.2694463375185250E+00
-0.1099292206106163E-01   0.1517582971376126E+00
 0.6202710564738689E-01  -0.6930459952496998E-02
-0.7522564656674591E-16   0.3001637927572373E-15
 0.6190217995513664E-14   0.6180753417655966E-15
 0.8892883540945461E-16   0.1763758806743085E-15
-0.1877326218112995E-14   0.1317782541745971E-15
-0.8886178124181765E-01  -0.1111602199688170E+00
 0.5397831784871070E+00   0.1357349294402197E+01
 0.9515403054512327E-01   0.5856858499073236E-01
-0.1598662809611443E+00  -0.3763761385016539E+00
 0.3393656516073291E-01   0.1307711939040685E+00
 0.1666442734597722E-14   0.4638579258598854E-14
-0.1798387997269448E-14  -0.1046400786953491E-14
 0.1533648977694479E+00   0.2809293319999465E+00
 0.2450649813851210E+00   0.2128296980665385E+01
 0.7519509061500154E-01  -0.3332978652154612E+00
-0.1404117299761981E-14  -0.1584117938841509E-15
 0.4163938456201620E-14  -0.2550256548770362E-13
-0.2766324181516789E-14   0.1529533578410751E-15
 0.1736134140303245E-14   0.4007530720567555E-15
-0.2996194504914603E+00  -0.8150764460511177E+00
 0.7653101629627337E-01   0.1169816420438772E+00
-0.6784144954836776E+00   0.1853466033687551E+01
 0.1535816778155410E-14   0.1788579363690010E-14
-0.1693446055307378E-14  -0.3547066538283128E-14
 0.1195020584116648E-14   0.2000769214926473E-14
 0.9047538453241356E-01  -0.1706170610923967E-01
 0.3346340126397459E-01  -0.6310475724774814E-02
-0.4173781895020864E-15   0.2931608563174302E-14
 0.2354254723840605E-14   0.2074980047753120E-13
-0.3272128763278607E-14  -0.2573727891220164E-14
 0.1078587254281871E+00  -0.1628840754794786E-01
 0.5369682321462567E-01  -0.8109086558159482E-02
 0.3548457368251300E+00  -0.6836253370555456E-01
-0.1251208487304515E+00   0.2410506130109813E-01
-0.3520626371128678E-14  -0.8194876510204164E-14
 0.3165758867404103E-15   0.1485732606037771E-14
-0.7158294327538103E-14   0.1811291088821979E-14
 0.2110008968567303E-01   0.1585237979077011E+01
-0.1256097544267255E-14  -0.2283687309639528E-14
 0.1405447112701094E-14   0.1911590898026462E-14
-0.1493894912044708E-14  -0.9462024473947979E-15
 0.3346340126397465E-01  -0.6310475724774545E-02
-0.9047538453241351E-01   0.1706170610923878E-01
-0.1240512995250923E-14  -0.1436048165600217E-14
-0.3239826654725093E-15  -0.1565447555179089E-13
 0.7874102159192593E-14   0.1207476073797661E-14
 0.5369682321462454E-01  -0.8109086558159409E-02
-0.1078587254281880E+00   0.1628840754794843E-01
 0.1251208487304522E+00  -0.2410506130109802E-01
 0.3548457368251298E+00  -0.6836253370555520E-01
 0.2572839456457563E-14   0.5055217322354853E-14
 0.1763123420323450E-14  -0.1630506875698561E-14
 0.5712842444089071E-14  -0.2073438971450838E-15
 0.3677613769070831E-15  -0.3261280134836397E-15
 0.2110008968567299E-01   0.1585237979077011E+01
-0.6921310699411774E-16  -0.6884813607134287E-15
-0.8966474388880363E-16   0.7734064386393938E-16
-0.7411427556395666E-15  -0.3150163205022566E-15
 0.2917504663210622E-01   0.8251250637410350E-01
 0.4560321116360975E-03   0.1289744383021957E-02
-0.1041503442575794E-15  -0.1268681090038312E-14
-0.7066728589520223E-16   0.6649081450314447E-15
 0.1528886820328205E-14   0.6870224150367244E-15
-0.1461720816642682E+00  -0.8372909206618068E-01
-0.1811379672560246E-01  -0.1037579636574857E-01
-0.1890989671962447E+00  -0.4999164348086828E-01
 0.6920290239869518E-04   0.1829500645005432E-04
 0.8594699905309179E-16   0.3966332319200141E-17
 0.1517990980095049E-14   0.1953838511096300E-16
 0.4654611759787735E-15   0.7339447266489456E-15
-0.7987932827667583E-01  -0.8323662581590498E-01
-0.2813309278641094E-01  -0.2931551588911356E-01
-0.1253948233514715E+01   0.7047764333814439E+00
 0.9814823558421433E-16  -0.4180145976165293E-15
 0.2644895855946876E-15  -0.1473402498321233E-15
 0.3709576688197829E-15  -0.5321388227278500E-15
 0.4560321116360130E-03   0.1289744383021781E-02
-0.2917504663210612E-01  -0.8251250637410325E-01
-0.3156839255980273E-15  -0.1060918753366979E-14
 0.7207204429415374E-15  -0.2083126536694773E-15
-0.1193433784215859E-13  -0.6613963411942676E-14
-0.1811379672560104E-01  -0.1037579636574854E-01
 0.1461720816642687E+00   0.8372909206618101E-01
-0.6920290239960511E-04  -0.1829500645021912E-04
-0.1890989671962452E+00  -0.4999164348086710E-01
 0.3496289577171618E-15  -0.1082391087671172E-14
-0.8887280807626539E-15  -0.8889251196839764E-16
-0.9606330702215291E-15  -0.6065249015837349E-15
 0.2813309278641039E-01   0.2931551588911358E-01
-0.7987932827667613E-01  -0.8323662581590593E-01
-0.1518077859057575E-15   0.1581393571864834E-15
-0.1253948233514720E+01   0.7047764333814461E+00
 0.1061286582332445E+00   0.2482496689533888E+00
-0.1166978626989037E+00   0.1384558902742388E+00
-0.4795407507423732E-01   0.2090339937421959E+00
-0.5238540704702618E-14  -0.1829053959006098E-14
 0.1431332000345908E-14   0.1771349375815537E-14
-0.2789047304236145E+00  -0.1192734657211304E+00
-0.2241432940796018E+00  -0.6331676614626482E+00
-0.3288504438174670E-01   0.2163084492024522E+00
-0.3623327974976106E-15  -0.2778083324638822E-17
-0.1079558677115630E-14   0.1776362857925064E-13
-0.5315087219945488E-15  -0.3084852138212817E-16
 0.2838693539913432E-15  -0.1157196158976226E-15
-0.4098798380895079E+00   0.9557170750327632E-01
 0.3988607961475794E+00   0.3989436861200638E+00
 0.3966095636951458E+00   0.1097803659017641E+00
 0.3279249097284086E-14   0.1071958334081539E-14
-0.1512011072636831E-14  -0.1567852246099473E-15
 0.1439307376721516E-15  -0.2554873491036410E-15
-0.5617439084398240E-16  -0.8320639287141992E-15
-0.3811767599155566E+00   0.1345537789046650E+01
 0.7619135283216345E-01   0.1203797124745579E+00
-0.9019727967552911E-01   0.1952824170043033E+00
 0.4328674314501418E-01   0.6678820585562403E-01
 0.2056963081168458E-14   0.4810315269679572E-14
-0.1051189176362986E-14  -0.1338035134043484E-14
 0.1273677242750606E+00   0.2807751554550394E+00
-0.2307963770622707E-01  -0.6259880392184460E+00
 0.1409436093615339E+00   0.2089733824046369E+00
 0.1046575592043678E-14  -0.8755569561471771E-16
 0.1141108978945037E-13   0.1657132915763879E-13
 0.2130732324732461E-16  -0.1135057365920112E-15
 0.6553083179689650E-15  -0.1691913573171257E-15
-0.1075839763134741E+00   0.1202270530213513E+00
-0.2424237872725334E-01  -0.1789389164433613E+00
 0.3258671722107737E+00  -0.1486253537224577E+00
 0.2711576564350375E-14  -0.1125665426046572E-14
-0.2973056049202080E-14   0.4596464828978056E-15
 0.4834131124222242E-15  -0.4287966314543416E-15
 0.8008739218114065E-15  -0.6524723938940764E-15
-0.4106146150658612E+00   0.2760888424140607E+00
-0.1204746301340633E+01   0.6894388629178771E+00
-0.1875524522218581E+00   0.4642326777957438E+00
-0.2769986469202393E+00   0.3723332932626649E+00
 0.1251182654337088E+00  -0.1216127655108724E+00
 0.8458550758669292E-15   0.3171162753811561E-14
-0.8388771639319828E-15   0.9252100213824698E-15
-0.6797056254694646E-01   0.1958661985495333E+00
-0.2594396055650511E+01   0.5731291959247671E+00
-0.5879105383469960E-01  -0.4822731558762924E+00
-0.1734000468306728E-14   0.1467858121944658E-14
-0.4161090110790094E-14  -0.3919037167486846E-13
 0.2601550000797578E-14  -0.2370452506596540E-14
-0.1148224116691104E-15  -0.5512515797740032E-15
-0.5713477627738374E-01   0.9350646805017541E+00
-0.3704013611456648E-01  -0.5709814024302051E-02
-0.2142837757915026E+00  -0.2792765884724945E+00
-0.1838608878999047E-14  -0.1905461030250403E-14
 0.4729901564371512E-14  -0.1357020371345527E-14
 0.6903490395291065E-15  -0.6766495997296114E-15
 0.1324947729750631E-14  -0.2158433606566178E-14
-0.1432574969214023E-01   0.3884821756674538E+00
 0.1404602833592853E+00   0.3710777175663686E+00
-0.7125655511339647E+01   0.5425344260000259E+01
 0.1292519622017151E-15  -0.6860979797825958E-15
 0.5924855513468494E-15  -0.7324960979384103E-15
-0.5538449877237277E-16   0.6581169949373642E-16
 0.5996550153501813E-15  -0.2145759152168718E-15
-0.9684727157450367E-16   0.1489058124975289E-15
 0.1609406514551785E-15  -0.3373940745225327E-15
 0.4274833759304402E-14  -0.7680299925821897E-15
 0.5990501029511711E-16   0.6827602343351984E-15
-0.5285855977326789E-15   0.1881525054869366E-15
 0.2281625520346755E-16  -0.8414023319608702E-16
-0.3557686282626095E-16  -0.7374982858839436E-16
-0.3494017576856008E-16   0.4805418657552118E-16
 0.2269940037682776E-15  -0.1572271364817258E-14
 0.1017395248651453E-15  -0.4093810267331237E-16
 0.3740859220449275E-15   0.3260736933152737E-15
 0.2059524373474272E-15  -0.1493812757517428E-17
-0.1096799407402912E-15   0.7724573903044599E-16
-0.1818445821854172E-15   0.6329638195691031E-16
-0.7160778491315648E-16   0.8210868000889894E-16
-0.9618915108650727E-16  -0.6561461429406913E-15
-0.1709610480148051E-15  -0.5868677320367324E-15
 0.9531546711360902E-14  -0.7322606487241644E-14
-0.1078184397978534E+01   0.8304683150891702E+00
-0.2463050138382229E-15   0.2594667542629607E-16
 0.3222100747035407E-15  -0.4263561315216617E-15
-0.1591319897517173E-15   0.9718386473278111E-16
-0.2530290228294828E-15   0.3858320811261137E-15
 0.4544250575627483E-15  -0.5356372485523215E-15
 0.8547980661295462E-15  -0.3857717713385984E-15
 0.1341347732677762E-14   0.1400013558369961E-14
-0.8170725950257761E-15   0.4229042406844549E-15
 0.5963866231685590E-15  -0.3454642024101427E-15
 0.6128894163388116E-16  -0.1663059350205589E-15
 0.1926973324652581E-16   0.1821641578498848E-15
 0.3993600678573945E-15  -0.1051344701331499E-15
-0.2991291999332591E-15  -0.1960789486935525E-15
 0.3598920600756746E-15  -0.2881587485363902E-15
 0.3206498286037320E-15   0.3868907080058072E-15
-0.3211036170190305E-16   0.4546609701365396E-16
 0.2701137683669439E-15  -0.4580160600779662E-15
 0.4541638303056990E-16  -0.5928165357341933E-16
 0.2895118127012061E-17   0.7754558977893989E-16
-0.7539606032071856E-15   0.3369091598607511E-15
-0.7467463366959351E-16  -0.1332098366145632E-15
 0.8728002800308343E-15  -0.8970849766981297E-15
-0.3035766082959407E-17   0.1647987302177967E-16
-0.1078184397978536E+01   0.8304683150891714E+00
 0.6033451306495748E-16  -0.7195001651981528E-15
 0.6660167940953721E-15  -0.1419004513902363E-14
-0.2207605804543787E-15  -0.5737191837686072E-17
 0.3431202610680937E-03  -0.2954285691149762E-02
-0.2615580695474426E-01   0.2252030410161722E+00
 0.1273019674392887E-15   0.9526099869253506E-15
 0.5618274383343466E-14  -0.1613803694397414E-14
-0.5811469329829780E-15   0.1398831378228259E-13
-0.1230654117026668E-02   0.2000263239890505E-01
 0.1013958928162010E-01  -0.1648054268621058E+00
-0.4671651403817481E-05  -0.2230328825672896E-03
 0.2176813034119529E-02   0.1039248958885418E+00
 0.3251035182385101E-15  -0.2384471157064347E-14
-0.2281498616011393E-15   0.5035898710935551E-15
 0.4494928753999979E-15  -0.2546290788549015E-15
 0.6740675155639113E-02   0.1915448560823752E-01
-0.1898669049746697E-01  -0.5395309542212742E-01
 0.1457215670562990E-04  -0.4013711660994346E-04
-0.5800879177745070E-02   0.1597776970849009E-01
-0.5583724600726216E-15  -0.4242644992595560E-15
 0.8118828010493822E-16  -0.1245732915119369E-14
 0.1240572991998817E-13  -0.9264927215650784E-14
-0.6730155952317427E-16   0.4327839865823466E-16
-0.1989520531648940E-15   0.1287173100427469E-15
-0.1135372067211549E+01   0.8627925924347463E+00
-0.1444722799944008E-15   0.3521356534663979E-16
 0.3156077083839958E-15  -0.3404969433726535E-15
-0.5714917306371918E-16  -0.4835186951219828E-15
 0.2615580695474333E-01  -0.2252030410161712E+00
 0.3431202610687593E-03  -0.2954285691150263E-02
-0.1334891154403886E-14   0.4644568881732979E-14
 0.7261722845316289E-16  -0.1249752467152229E-15
-0.2816720103227787E-15  -0.1318869180673215E-14
-0.1013958928162060E-01   0.1648054268621053E+00
-0.1230654117026161E-02   0.2000263239890508E-01
 0.2176813034118356E-02   0.1039248958885424E+00
 0.4671651403942883E-05   0.2230328825674537E-03
-0.1521687978287112E-16  -0.1193018861682366E-15
-0.3674597362394730E-16   0.2201616644883135E-15
 0.1279685782170096E-15   0.2624802407643971E-15
-0.1898669049746655E-01  -0.5395309542212778E-01
-0.6740675155639269E-02  -0.1915448560823760E-01
-0.5800879177745070E-02   0.1597776970848992E-01
-0.1457215670567200E-04   0.4013711661007469E-04
 0.1637347183424897E-15  -0.1507839276543954E-15
-0.1704846499992207E-15   0.9794476984065379E-16
 0.1183995005986182E-15  -0.3007066304047976E-15
-0.1410038165420922E-16  -0.4288432921549879E-17
 0.2666396159748642E-16  -0.3107807699228329E-17
 0.5707254876640485E-16  -0.5321748290654712E-16
-0.1135372067211545E+01   0.8627925924347432E+00
 0.1110372657275853E+00   0.1484447851384131E+00
 0.1200882802397992E+00  -0.2286782559975546E+00
-0.4378127570401582E-01  -0.4424955110860161E-01
-0.3607479546259430E-15   0.5391636366893977E-15
 0.4254551479905375E-15  -0.7448288077553475E-15
 0.3190534368711878E-03   0.2374462252273188E-01
 0.1535286314538035E+00  -0.1880887096850204E+00
-0.3279813200265590E-01   0.4323170061124942E-01
 0.7312759088326059E-17  -0.2015884452011707E-15
-0.1988090856698729E-14   0.3252930281097132E-14
 0.3642988788034591E-15  -0.2838009676681382E-15
 0.1534282935355674E-15  -0.5970319163895495E-15
-0.1123793574539000E+00   0.4895036539160019E-01
 0.3566576924640864E-01   0.1258914147972117E-01
 0.4716929300003369E-01  -0.2733678488582641E+00
 0.3767842966621587E-15  -0.2918321387322230E-14
-0.8411873264650182E-15   0.1951380204298128E-14
 0.7919989786846759E-15  -0.3760354771316148E-15
 0.1557619021850422E-15   0.6637552745696060E-16
-0.1305490092261056E+00   0.2821102616335206E-02
-0.1350815724864097E+00  -0.6284067874197823E-01
 0.4238881381863429E+00  -0.2883290110181952E-01
-0.7714175769750484E-16  -0.3879391995542711E-15
-0.1454034269085025E-16  -0.8546223035485424E-16
-0.1071246265528382E-14   0.7286475971536347E-16
 0.7984696371265676E-17  -0.3353404219038144E-16
-0.1268003420688559E+01   0.7936043474208385E+00
-0.8596548764811032E-15   0.1659399882051548E-15
 0.7241668384992022E-15  -0.2022249231581393E-15
 0.3082597476946301E-15  -0.2236185057614487E-15
-0.4686511840586876E-01  -0.2536546817730423E-01
-0.6237346818915862E-03  -0.3375927078124423E-03
 0.8288690831319518E-15   0.4906987354571492E-15
 0.6868086872543297E-15  -0.1619874885155705E-15
-0.8598618814705496E-15  -0.4725888630049632E-16
 0.7530885037892865E-01   0.1056320843926937E-01
 0.9154905824900382E-02   0.1284114390057891E-02
 0.7348247852297547E-01   0.7814307377015581E-02
 0.1436806078568810E-03   0.1527934898875667E-04
 0.1017076483529583E-15  -0.1034559252945137E-15
-0.6932050946764348E-15   0.4669238741023558E-15
-0.3288670153600496E-15   0.5836918794649636E-15
-0.1203377735680130E-02  -0.6686976946778532E-01
-0.4269659350635128E-03  -0.2372581177277407E-01
 0.4901434634495602E+00  -0.3355224026554797E+00
 0.1137753981959448E-02  -0.7788371734496241E-03
 0.1744835530961846E-15  -0.1402408576059703E-15
 0.7459584837014165E-16  -0.2806228297199640E-16
-0.1988313391309397E-15  -0.1279619367985539E-15
 0.1681704058102969E-15  -0.1383224236118462E-15
-0.2078972448466990E-15   0.4042342514715709E-16
 0.1491483431971016E-04  -0.1369442522811004E-04
-0.7817341666964468E-01   0.7177686231440182E-01
 0.8396369354691830E-16   0.5336003940904267E-16
-0.1589989937230749E+01   0.3700507195211264E+00
-0.1172602797014082E-14   0.2155705808631083E-15
-0.2697729584856321E-15  -0.9875515202020802E-16
-0.3823628296286255E-15   0.5309616422625144E-16
-0.6237346818913795E-03  -0.3375927078125888E-03
 0.4686511840586814E-01   0.2536546817730442E-01
-0.1670830654971462E-15   0.9752363538714487E-16
 0.4227519926596338E-15  -0.1437261156435235E-15
 0.5825934041499392E-14   0.7864413201986493E-15
 0.9154905824899107E-02   0.1284114390058304E-02
-0.7530885037892829E-01  -0.1056320843926953E-01
-0.1436806078568073E-03  -0.1527934898859494E-04
 0.7348247852297589E-01   0.7814307377015330E-02
 0.4615883437417632E-15  -0.3465905163389860E-15
-0.2739094686565283E-16   0.2026380561754927E-15
 0.3787041937539026E-15  -0.1019312931460866E-14
 0.4269659350634737E-03   0.2372581177277410E-01
-0.1203377735679421E-02  -0.6686976946778549E-01
-0.1137753981958494E-02   0.7788371734494259E-03
 0.4901434634495608E+00  -0.3355224026554797E+00
 0.2133700196795959E-15  -0.1377863213130575E-15
-0.5414965136903080E-15  -0.4976346744160810E-16
-0.7143884802668350E-15   0.6687956125433391E-16
-0.2102663692653095E-15   0.3463942540279462E-15
-0.2937430340728419E-15   0.1477817428057575E-15
-0.7817341666964485E-01   0.7177686231440190E-01
-0.1491483431965576E-04   0.1369442522819296E-04
 0.4980558122118048E-15   0.2635516052626855E-16
-0.3618624146760727E-16   0.2752529246220206E-16
-0.1589989937230746E+01   0.3700507195211263E+00
 0.2724571453165197E-03   0.9220181620675401E-01
 0.3128092389867918E-01   0.1340064037124482E-01
 0.8801396036831008E-02  -0.3153563204977420E-01
-0.9025806889775294E-15   0.1174821432570708E-14
 0.3197648154233084E-15  -0.1741138049974734E-15
-0.2843827570846023E-01   0.5984854760563561E-01
-0.2915564769699402E+00   0.2880906252729027E+00
 0.2894778444755997E+00  -0.1838726790328961E+00
-0.3835003819549480E-15   0.4588465630814437E-15
 0.2318569623326479E-13  -0.1480874123821994E-13
 0.5587110100489256E-15  -0.2535160768173156E-15
-0.4665600048341940E-15   0.1843630125788990E-15
-0.2264620225773617E+00   0.2405119362819575E+00
-0.1257647033526700E-01   0.3727910426438613E-02
-0.3123837001537400E+00   0.1563971125471291E+00
-0.3061515677877227E-14   0.1667466233301243E-14
 0.2497830246219521E-14  -0.1839009203042699E-14
-0.2913380999492782E-15  -0.4001832558395469E-16
 0.8028853913228367E-15  -0.6182188529069061E-15
 0.2830687304710628E-01  -0.4982512216968830E-02
 0.1635876494983220E+00  -0.6972921491381878E-01
 0.3793120208137616E-02   0.7650024124734125E+00
-0.2085789423158417E-15  -0.1149375344346072E-14
-0.1750984772590827E-16  -0.1007501601367235E-15
 0.4793910061915350E-16  -0.1616233378930898E-14
 0.3881281054536037E-15  -0.1507302267689421E-15
-0.8745546378267111E-01   0.2325595837141512E-02
 0.1501063563028411E-15  -0.1123246223855621E-16
-0.1039543209538296E-15   0.1193445346647950E-15
-0.1602492795969693E+01   0.3556154448203871E+00
-0.4475694019206197E-01   0.1698820656065530E-01
 0.3210197790289566E-01   0.1142151333307934E+00
 0.7036163668843257E-01   0.1126839043363730E-01
-0.1238990242933124E-14   0.2694131676700130E-15
-0.2132802611930194E-15   0.1742836832153206E-15
-0.3061717247830849E-01   0.2207393952647562E-01
 0.9206784254791717E-01  -0.1035612294183920E+00
 0.2929481372387521E+00  -0.1322040705047236E+00
 0.9477976506545687E-15  -0.2046256754924655E-15
 0.2281415087359569E-13  -0.1037817431430272E-13
 0.2854609345705421E-15  -0.1141774572413327E-15
 0.1899541530618455E-15  -0.2498135489227730E-15
 0.5358246480227022E-02   0.5517182341071980E-01
-0.5629560609628056E-02   0.3956592640572524E-02
 0.1634014798418908E+00  -0.1366117893345614E+00
 0.6159775251117572E-15  -0.1309533408723014E-14
-0.1658576860431276E-14   0.7579155513789452E-15
-0.8423931274038043E-16  -0.1320119783147889E-15
 0.2013488925256860E-15  -0.1683627180982601E-15
-0.5997092935477393E-02   0.1044694929521297E+00
-0.3785505174473258E+00   0.1898732879731674E+00
 0.4880524656872474E+00   0.4293130434605229E+00
-0.6745660120489571E-15  -0.7413144807144061E-15
-0.1785070851366631E-15  -0.9369418355204736E-16
-0.1300323412939318E-14  -0.8750015193962704E-15
 0.2652836232046113E-15   0.6026629034899059E-17
 0.4454157852476926E-02  -0.8969495960015957E-01
 0.6320266964630118E-16   0.3638097583553135E-16
 0.3167435925342909E-15  -0.9003469820391786E-16
-0.8523769230087577E-01  -0.1804141269704889E-01
-0.1938641555842170E+01   0.2608398001880253E+00
-0.1427139606071428E+00   0.1329750589084373E+01
 0.1292848220363215E+00   0.4800270777283284E+00
 0.1942577098705016E+00   0.2271111999585383E+01
 0.2832996263854867E-01  -0.2793553460622916E+00
-0.3084937058804069E+00  -0.1883514620861578E+00
 0.1144145452915251E+01   0.2957327296996521E+01
-0.4321368386324601E-14   0.5082833949992811E-15
-0.2569398518825252E-15   0.2405400542970319E-14
 0.5526898783323736E-14   0.8543505057572963E-14
 0.9184723299146519E+00   0.2825780380459761E+01
 0.1429058583135755E-14   0.8025987386723506E-15
-0.2289909531099177E-14  -0.4997931590811361E-14
-0.1721528205281041E-14  -0.1567749132021658E-14
-0.1412715430748612E-15   0.6971419969081794E-16
 0.9184723299146499E+00   0.2825780380459751E+01
-0.2752521753485811E+00  -0.8258912551327630E-01
-0.4328748926167675E-01   0.1345174871583071E+00
 0.2954346141425523E+00   0.3941645735212653E+00
-0.1314366839823952E-13  -0.2838907552494123E-13
 0.4047137684380909E-14   0.9247962689280992E-14
 0.2228849584119345E+00   0.1291801622021267E+01
 0.1228410939305172E+00  -0.2439754486814854E-01
-0.1565943843212609E-01  -0.1416739744532048E+00
-0.3536278917580454E+00  -0.6882110716815445E+00
 0.3781496269307397E-14   0.8747900528290762E-14
-0.2432178146525915E-16   0.7421625429425583E-16
 0.1848720911269070E+00   0.4202437153642582E+00
 0.3609140095506110E+01   0.1253455642082340E+02
 0.3424460948230556E-01   0.9745429151402603E-01
-0.1625077536339777E+00  -0.2686501665256714E+00
 0.1750631746716342E+00   0.1417546998313405E+00
 0.8980170771564943E-15  -0.6456794382159054E-15
-0.2512986070089796E-13  -0.1092241892336920E-13
 0.1937315417948752E+00   0.4924525482817632E-01
-0.6537863831204337E+00  -0.2097907270973181E+01
-0.8181307274934854E+00   0.1051418714745778E+01
 0.4425305497030376E-15   0.1418114415452760E-14
-0.1625843865000843E-15  -0.9809075336085868E-16
 0.9351092693184033E-15   0.9215292431634245E-15
 0.3034332020649471E+00   0.1250190130118063E+00
-0.3279530155263471E-01  -0.1351215425218140E-01
-0.6076318877207394E-14  -0.3253482956750969E-14
 0.5436094802396455E-15   0.1674018649359219E-14
-0.3852229283350557E-15  -0.5093871626795979E-15
 0.6204444351805620E+00   0.2234064458076787E+01
 0.1465707169434871E-14   0.5505517430806109E-14
-0.1380297633619275E-13  -0.2219697962062619E-13
 0.1269544031024236E-13   0.1051018795097622E-13
 0.3279530155263479E-01   0.1351215425218057E-01
 0.3034332020649466E+00   0.1250190130118050E+00
 0.1678914435719063E-13   0.4479679485498881E-14
-0.5303175560495137E-13  -0.1683242715588471E-12
-0.1130509763141907E-12  -0.9274039948466403E-13
-0.7424616477180734E-15  -0.1054711873393899E-14
 0.6204444351805621E+00   0.2234064458076791E+01
 0.3031419334973568E-15   0.4633551742946225E-15
 0.1640230420052197E-15   0.6529371823887491E-16
 0.5541912930776738E-15   0.4201511821002916E-15
 0.3575509119432803E-01   0.1059493841694514E-01
 0.5457960005479389E-03   0.1617301150930164E-03
-0.8950698203058672E-15  -0.8351012392861379E-15
-0.4946838086369661E-15   0.4388126958483707E-16
 0.3339501557578766E-14   0.3732652419274632E-15
-0.3189025357207167E+00  -0.5000702094771992E-02
-0.3940024184470865E-01  -0.6178341338115845E-03
 0.5303657642823493E+00   0.1829316052912953E+01
-0.8808813952436026E-16  -0.3114941801484876E-15
-0.7177264595368545E-16  -0.4077000850979171E-15
 0.9044646530510062E-15  -0.1893528518645692E-15
 0.5457960005486418E-03   0.1617301150943548E-03
-0.3575509119432779E-01  -0.1059493841694441E-01
-0.7134117288822864E-16   0.3308662614753349E-15
-0.1262235621097724E-15   0.2941209128367140E-14
-0.2520970510180121E-13  -0.8551306187752451E-15
-0.3940024184470842E-01  -0.6178341338112731E-03
 0.3189025357207174E+00   0.5000702094770940E-02
-0.4811689241490669E-15   0.2979387569990166E-15
 0.5303657642823496E+00   0.1829316052912955E+01
 0.6674872867861087E-01   0.3279462162423993E+00
 0.8915904576262886E-01   0.3563023284176536E+00
-0.9180068828797469E-01  -0.1562416651844738E+00
-0.7785748919922519E-15   0.1249381048127215E-14
 0.1477034660272819E-15   0.4778092249045999E-15
-0.3080074774731940E-01  -0.2857155786332813E-02
 0.4339483422934090E+00   0.2922988696279595E+00
 0.2160402535667899E+00   0.1545864368512947E+00
-0.2885761579966348E-15   0.3783436243692689E-15
 0.1746584379484990E-13   0.1015726184976323E-13
-0.2534733364975047E-15  -0.3987143506165403E-15
-0.2003697077184750E-15  -0.1597985811527055E-14
-0.3053174687140700E+00   0.1717999778122057E+01
-0.1815285134735669E+00  -0.3300740387521728E+00
-0.1270877154481892E-01  -0.5358166246943574E-01
-0.6353156402212542E+00  -0.3597003043635498E+00
 0.6541254623332560E-14   0.6280657493491006E-14
-0.2693694708393928E-14  -0.1808183621716142E-14
 0.2845122004317825E+00   0.2694463375185250E+00
-0.2437727250587531E-01   0.1517582971376126E+00
 0.1107703008008147E+00  -0.6930459952496998E-02
 0.1893193240193238E-15   0.3001637927572373E-15
 0.8729477054358485E-14   0.6180753417655966E-15
 0.2858413220670951E-15   0.1763758806743085E-15
-0.6036457657795970E-15   0.1317782541745971E-15
-0.7662402851005910E-01  -0.1111602199688170E+00
 0.3039424160430836E+00   0.1357349294402197E+01
-0.1566573740577538E-01   0.5856858499073236E-01
-0.1045206852621596E+00  -0.3763761385016539E+00
 0.3380181353925852E+00   0.1307711939040685E+00
 0.2577332644884312E-14   0.4638579258598854E-14
 0.3910110735297698E-15  -0.1046400786953491E-14
 0.1748682672047018E+00   0.2809293319999465E+00
 0.5790349771924323E-01   0.2128296980665385E+01
 0.7608645469766899E-01  -0.3332978652154612E+00
 0.6620879799275463E-16  -0.1584117938841509E-15
 0.7449281259662868E-14  -0.2550256548770362E-13
-0.1594654115171065E-14   0.1529533578410751E-15
-0.8587182089447054E-15   0.4007530720567555E-15
-0.3617128062873785E+00  -0.8150764460511177E+00
 0.1415567250821482E+00   0.1169816420438772E+00
-0.7818307912324024E+00   0.1853466033687551E+01
 0.1673311981460425E-15   0.1788579363690010E-14
-0.8221185528600017E-15  -0.3547066538283128E-14
 0.4015099825689246E-14   0.2000769214926473E-14
-0.8725884677833662E-01  -0.1706170610923967E-01
-0.3227372636950814E-01  -0.6310475724774814E-02
 0.2770882938287481E-14   0.2931608563174302E-14
 0.8791726332149224E-15   0.2074980047753120E-13
 0.5178917376410870E-14  -0.2573727891220164E-14
-0.1090938177521212E+00  -0.1628840754794786E-01
-0.5431170656234366E-01  -0.8109086558159482E-02
 0.1284343702865358E+00  -0.6836253370555456E-01
-0.4528677041520054E-01   0.2410506130109813E-01
-0.3860747263874400E-14  -0.8194876510204164E-14
 0.1043154491953627E-14   0.1485732606037771E-14
-0.8028876432901921E-14   0.1811291088821979E-14
-0.3670385984697849E-02   0.1585237979077011E+01
-0.4602364696187359E-15  -0.2283687309639528E-14
 0.6670850543419002E-15   0.1911590898026462E-14
-0.4251783546959569E-14  -0.9462024473947979E-15
-0.3227372636950832E-01  -0.6310475724774545E-02
 0.8725884677833622E-01   0.1706170610923878E-01
 0.7491005226880753E-15  -0.1436048165600217E-14
-0.1387787061970038E-14  -0.1565447555179089E-13
-0.8782533116396814E-14   0.1207476073797661E-14
-0.5431170656234447E-01  -0.8109086558159409E-02
 0.1090938177521209E+00   0.1628840754794843E-01
 0.4528677041520109E-01  -0.2410506130109802E-01
 0.1284343702865353E+00  -0.6836253370555520E-01
 0.2863845050515488E-14   0.5055217322354853E-14
 0.2412308997821607E-15  -0.1630506875698561E-14
 0.6316521615305703E-14  -0.2073438971450838E-15
 0.2498001805406602E-15  -0.3261280134836397E-15
-0.3670385984698038E-02   0.1585237979077011E+01
 0.8449409575135464E-16  -0.6884813607134287E-15
-0.1426182299427359E-15   0.7734064386393938E-16
-0.7556205821738074E-15  -0.3150163205022566E-15
 0.1086465523331234E+00   0.8251250637410350E-01
 0.1698242930241865E-02   0.1289744383021957E-02
-0.1684130727454274E-14  -0.1268681090038312E-14
-0.5885031516893508E-15   0.6649081450314447E-15
 0.1467393762230731E-14   0.6870224150367244E-15
-0.1358533358425806E+00  -0.8372909206618068E-01
-0.1683508698740150E-01  -0.1037579636574857E-01
-0.1672303093608042E+00  -0.4999164348086828E-01
 0.6119982011738612E-04   0.1829500645005432E-04
-0.1100649458697791E-15   0.3966332319200141E-17
 0.1341561873139743E-14   0.1953838511096300E-16
 0.2012436124746381E-15   0.7339447266489456E-15
-0.5272804114088682E-01  -0.8323662581590498E-01
-0.1857054767316327E-01  -0.2931551588911356E-01
-0.1207651671046517E+01   0.7047764333814439E+00
 0.8796220042670242E-16  -0.4180145976165293E-15
 0.4280137864460063E-15  -0.1473402498321233E-15
 0.3831169532271440E-15  -0.5321388227278500E-15
 0.1698242930241809E-02   0.1289744383021781E-02
-0.1086465523331234E+00  -0.8251250637410325E-01
-0.8942794773502680E-15  -0.1060918753366979E-14
-0.7844862264325973E-15  -0.2083126536694773E-15
-0.1100156732165492E-13  -0.6613963411942676E-14
-0.1683508698740011E-01  -0.1037579636574854E-01
 0.1358533358425810E+00   0.8372909206618101E-01
-0.6119982011815514E-04  -0.1829500645021912E-04
-0.1672303093608042E+00  -0.4999164348086710E-01
 0.4387705326795558E-16  -0.1082391087671172E-14
-0.8701502860899620E-15  -0.8889251196839764E-16
-0.8879346010487978E-15  -0.6065249015837349E-15
 0.1857054767316279E-01   0.2931551588911358E-01
-0.5272804114088737E-01  -0.8323662581590593E-01
-0.1573262055571192E-15   0.1581393571864834E-15
-0.1207651671046521E+01   0.7047764333814461E+00
 0.1119211343381811E+00   0.2482496689533888E+00
-0.2444841632594466E-01   0.1384558902742388E+00
 0.2069636613997082E-01   0.2090339937421959E+00
-0.2692031143116075E-14  -0.1829053959006098E-14
 0.7235117945908897E-15   0.1771349375815537E-14
-0.1512149396837844E+00  -0.1192734657211304E+00
 0.7701087572741722E-01  -0.6331676614626482E+00
 0.8113724363555404E-02   0.2163084492024522E+00
-0.2825335356672272E-15  -0.2778083324638822E-17
 0.1328597632460121E-14   0.1776362857925064E-13
-0.2556979772467017E-15  -0.3084852138212817E-16
 0.6054658954603759E-15  -0.1157196158976226E-15
-0.1994097701988798E+00   0.9557170750327632E-01
 0.2943288473850050E+00   0.3989436861200638E+00
 0.4484403145128547E+00   0.1097803659017641E+00
 0.4032694824979665E-14   0.1071958334081539E-14
-0.2265782628410226E-14  -0.1567852246099473E-15
 0.7795295414935017E-16  -0.2554873491036410E-15
-0.2228403878437858E-15  -0.8320639287141992E-15
-0.4205201342516791E+00   0.1345537789046650E+01
-0.4696447047500582E-01   0.1203797124745579E+00
 0.1306400397628347E-01   0.1952824170043033E+00
 0.3408497151617492E+00   0.6678820585562403E-01
 0.2194138286277102E-14   0.4810315269679572E-14
-0.6941875735560528E-15  -0.1338035134043484E-14
 0.1506181605832471E+00   0.2807751554550394E+00
 0.2018123245642054E+00  -0.6259880392184460E+00
-0.2404117929638214E-01   0.2089733824046369E+00
 0.9478845161564668E-15  -0.8755569561471771E-16
-0.1363809962030380E-14   0.1657132915763879E-13
 0.1586438887321835E-15  -0.1135057365920112E-15
 0.3763693883618702E-15  -0.1691913573171257E-15
-0.9988741016803854E-01   0.1202270530213513E+00
 0.1026450251427175E+00  -0.1789389164433613E+00
 0.2657976912838531E+00  -0.1486253537224577E+00
 0.1984370676146909E-14  -0.1125665426046572E-14
-0.1881498077710255E-14   0.4596464828978056E-15
 0.5189753366494931E-15  -0.4287966314543416E-15
 0.7558921988148638E-15  -0.6524723938940764E-15
-0.2110401548684855E+00   0.2760888424140607E+00
-0.1308996075992738E+01   0.6894388629178771E+00
-0.3392045391627059E+00   0.4642326777957438E+00
-0.5250907460791735E+00   0.3723332932626649E+00
-0.9702747434364635E-01  -0.1216127655108724E+00
 0.3387147391816674E-14   0.3171162753811561E-14
-0.1458614627539892E-14   0.9252100213824698E-15
 0.6318303209485376E-01   0.1958661985495333E+00
 0.1463831721345433E+01   0.5731291959247671E+00
-0.8169504878293600E+00  -0.4822731558762924E+00
-0.1073438601744631E-14   0.1467858121944658E-14
-0.6494039845362115E-13  -0.3919037167486846E-13
 0.2481028459925026E-14  -0.2370452506596540E-14
 0.1597376390332268E-14  -0.5512515797740032E-15
-0.1896553404310368E+00   0.9350646805017541E+00
 0.4084050734532677E-01  -0.5709814024302051E-02
 0.8063023129534160E+00  -0.2792765884724945E+00
 0.8116585926449194E-14  -0.1905461030250403E-14
-0.2669758536335885E-14  -0.1357020371345527E-14
 0.1002865941075323E-14  -0.6766495997296114E-15
 0.1278653631584458E-14  -0.2158433606566178E-14
-0.3632900169285963E+00   0.3884821756674538E+00
-0.2384848573376191E+00   0.3710777175663686E+00
-0.6896770309904801E+01   0.5425344260000259E+01
 0.4137926521327968E-15  -0.6860979797825958E-15
 0.9200057922022154E-15  -0.7324960979384103E-15
 0.2028869188484075E-15   0.6581169949373642E-16
 0.5911134631032345E-15  -0.2145759152168718E-15
-0.7754568363345776E-16   0.1489058124975289E-15
-0.7030103188157115E-16  -0.3373940745225327E-15
-0.2187711086198632E-14  -0.7680299925821897E-15
 0.1289552016319813E-14   0.6827602343351984E-15
-0.5663872044983094E-15   0.1881525054869366E-15
-0.2424337873905564E-16  -0.8414023319608702E-16
-0.9690873474264429E-16  -0.7374982858839436E-16
-0.2375020967790202E-17   0.4805418657552118E-16
 0.4248769771338155E-15  -0.1572271364817258E-14
-0.4257860179779944E-16  -0.4093810267331237E-16
-0.1240508701849394E-14   0.3260736933152737E-15
 0.2444384943426197E-15  -0.1493812757517428E-17
-0.1079358012355831E-15   0.7724573903044599E-16
-0.1352719147702401E-15   0.6329638195691031E-16
-0.8699484128686346E-16   0.8210868000889894E-16
 0.4442529434041966E-15  -0.6561461429406913E-15
 0.4284580493541184E-15  -0.5868677320367324E-15
 0.9415217220625263E-14  -0.7322606487241644E-14
-0.1010701645171706E+01   0.8304683150891702E+00
-0.1962321279063929E-15   0.2594667542629607E-16
 0.3795404877367817E-15  -0.4263561315216617E-15
-0.4093171906971956E-16   0.9718386473278111E-16
-0.2152757436392304E-15   0.3858320811261137E-15
 0.4064721703041769E-15  -0.5356372485523215E-15
 0.7686567586770696E-15  -0.3857717713385984E-15
 0.5515990697910425E-15   0.1400013558369961E-14
-0.6763400366160881E-15   0.4229042406844549E-15
 0.5909406471736088E-15  -0.3454642024101427E-15
-0.4722652481041820E-16  -0.1663059350205589E-15
 0.4376236049594283E-16   0.1821641578498848E-15
 0.4772741923882244E-15  -0.1051344701331499E-15
-0.2634557078197659E-15  -0.1960789486935525E-15
 0.3529171956884925E-15  -0.2881587485363902E-15
 0.6331295948427902E-16   0.3868907080058072E-15
-0.3829030306740581E-16   0.4546609701365396E-16
 0.1604827736614092E-15  -0.4580160600779662E-15
 0.4671949863053471E-16  -0.5928165357341933E-16
-0.4268959374823077E-16   0.7754558977893989E-16
-0.5930284517556186E-15   0.3369091598607511E-15
-0.1996415865098571E-16  -0.1332098366145632E-15
 0.1460965717303958E-14  -0.8970849766981297E-15
-0.5637851296924616E-17   0.1647987302177967E-16
-0.1010701645171708E+01   0.8304683150891714E+00
 0.4514526756366180E-15  -0.7195001651981528E-15
 0.1114098402335979E-14  -0.1419004513902363E-14
 0.3303050782271280E-15  -0.5737191837686072E-17
-0.2776753288118429E-03  -0.2954285691149762E-02
 0.2116698755670936E-01   0.2252030410161722E+00
 0.1863169174575790E-15   0.9526099869253506E-15
-0.3000313877133342E-14  -0.1613803694397414E-14
 0.8769810103181846E-14   0.1398831378228259E-13
 0.1081342205274592E-01   0.2000263239890505E-01
-0.8909380534036536E-01  -0.1648054268621058E+00
-0.1790550316578651E-03  -0.2230328825672896E-03
 0.8343287908592138E-01   0.1039248958885418E+00
 0.4653261157091634E-15  -0.2384471157064347E-14
 0.4291550321644400E-17   0.5035898710935551E-15
-0.2547302722522820E-14  -0.2546290788549015E-15
 0.2945962800875229E-01   0.1915448560823752E-01
-0.8297994284811665E-01  -0.5395309542212742E-01
 0.1864418382662772E-03  -0.4013711660994346E-04
-0.7421870347080187E-01   0.1597776970849009E-01
 0.3351509307614574E-15  -0.4242644992595560E-15
 0.7658503809536328E-15  -0.1245732915119369E-14
 0.1204315436036874E-13  -0.9264927215650784E-14
-0.5743880362624397E-16   0.4327839865823466E-16
-0.1176082708958592E-15   0.1287173100427469E-15
-0.1011406041298597E+01   0.8627925924347463E+00
-0.3018331100825822E-16   0.3521356534663979E-16
 0.2148349948877825E-15  -0.3404969433726535E-15
-0.1633455201059139E-15  -0.4835186951219828E-15
-0.2116698755670985E-01  -0.2252030410161712E+00
-0.2776753288113348E-03  -0.2954285691150263E-02
-0.4600112684745931E-15   0.4644568881732979E-14
-0.7870216321571153E-16  -0.1249752467152229E-15
-0.1119481957549269E-14  -0.1318869180673215E-14
 0.8909380534036432E-01   0.1648054268621053E+00
 0.1081342205274627E-01   0.2000263239890508E-01
 0.8343287908592020E-01   0.1039248958885424E+00
 0.1790550316581750E-03   0.2230328825674537E-03
 0.5586283604944629E-16  -0.1193018861682366E-15
 0.1177240158362293E-15   0.2201616644883135E-15
 0.5633387918900067E-15   0.2624802407643971E-15
-0.8297994284811609E-01  -0.5395309542212778E-01
-0.2945962800875226E-01  -0.1915448560823760E-01
-0.7421870347080171E-01   0.1597776970848992E-01
-0.1864418382663274E-03   0.4013711661007469E-04
 0.1455775605910766E-15  -0.1507839276543954E-15
-0.1653822345772989E-15   0.9794476984065379E-16
 0.1447816400022126E-16  -0.3007066304047976E-15
-0.7197071801382404E-16  -0.4288432921549879E-17
 0.4809896964482168E-16  -0.3107807699228329E-17
 0.4022006281478871E-16  -0.5321748290654712E-16
-0.1011406041298595E+01   0.8627925924347432E+00
 0.1130167078471815E+00   0.1484447851384131E+00
 0.7062246341674927E-01  -0.2286782559975546E+00
-0.8115946410494243E-02  -0.4424955110860161E-01
-0.3831972968170531E-15   0.5391636366893977E-15
 0.3423724656358853E-15  -0.7448288077553475E-15
-0.1384298484774063E-01   0.2374462252273188E-01
 0.1075723213078148E+00  -0.1880887096850204E+00
 0.6851359353854897E-01   0.4323170061124942E-01
 0.2139369821163784E-15  -0.2015884452011707E-15
 0.5579301693926533E-14   0.3252930281097132E-14
 0.4650158117926194E-15  -0.2838009676681382E-15
-0.4843973165310096E-16  -0.5970319163895495E-15
 0.1281042832733050E+00   0.4895036539160019E-01
 0.3409177844774072E-01   0.1258914147972117E-01
-0.2354590041050069E-01  -0.2733678488582641E+00
-0.2563094342838046E-15  -0.2918321387322230E-14
-0.4609465693711473E-15   0.1951380204298128E-14
 0.7427611798566222E-15  -0.3760354771316148E-15
 0.1377889982864955E-16   0.6637552745696060E-16
-0.5620065104537632E-01   0.2821102616335206E-02
-0.1761351924687728E+00  -0.6284067874197823E-01
 0.2659284154527397E+00  -0.2883290110181952E-01
 0.1497942508533623E-15  -0.3879391995542711E-15
-0.5115625155419049E-16  -0.8546223035485424E-16
-0.7999322540475721E-15   0.7286475971536347E-16
 0.5738289025811399E-16  -0.3353404219038144E-16
-0.1095944274201801E+01   0.7936043474208385E+00
-0.8140151378804472E-15   0.1659399882051548E-15
 0.6679652063041613E-15  -0.2022249231581393E-15
 0.2716892173476348E-15  -0.2236185057614487E-15
-0.6724627365770620E-01  -0.2536546817730423E-01
-0.8949904435325885E-03  -0.3375927078124423E-03
 0.1260444522453614E-14   0.4906987354571492E-15
 0.6260258450707831E-15  -0.1619874885155705E-15
-0.1139321957059364E-14  -0.4725888630049632E-16
 0.1096466258854876E+00   0.1056320843926937E-01
 0.1332917086038253E-01   0.1284114390057891E-02
 0.9584426561992578E-01   0.7814307377015581E-02
 0.1874047068181848E-03   0.1527934898875667E-04
 0.1121467951245504E-15  -0.1034559252945137E-15
-0.6125662934771574E-15   0.4669238741023558E-15
-0.2651753981352813E-15   0.5836918794649636E-15
-0.9643489431601137E-02  -0.6686976946778532E-01
-0.3421570268716571E-02  -0.2372581177277407E-01
 0.4578229088621273E+00  -0.3355224026554797E+00
 0.1062729336272693E-02  -0.7788371734496241E-03
 0.1565282181862761E-15  -0.1402408576059703E-15
 0.5729688386046743E-16  -0.2806228297199640E-16
-0.1818432937778318E-15  -0.1279619367985539E-15
 0.9712578940010689E-16  -0.1383224236118462E-15
-0.1971348529771657E-15   0.4042342514715709E-16
-0.6068819007607807E-05  -0.1369442522811004E-04
 0.3180862132301338E-01   0.7177686231440182E-01
 0.5428331017040008E-16   0.5336003940904267E-16
-0.1503451455786019E+01   0.3700507195211264E+00
-0.1028953020580786E-14   0.2155705808631083E-15
-0.3488523012914892E-15  -0.9875515202020802E-16
-0.5435069185166452E-15   0.5309616422625144E-16
-0.8949904435323352E-03  -0.3375927078125888E-03
 0.6724627365770576E-01   0.2536546817730442E-01
-0.4033914139358304E-16   0.9752363538714487E-16
 0.4612022386333927E-15  -0.1437261156435235E-15
 0.8532021295666733E-14   0.7864413201986493E-15
 0.1332917086038134E-01   0.1284114390058304E-02
-0.1096466258854873E+00  -0.1056320843926953E-01
-0.1874047068180745E-03  -0.1527934898859494E-04
 0.9584426561992618E-01   0.7814307377015330E-02
 0.3891293013016715E-15  -0.3465905163389860E-15
 0.9999977328863062E-17   0.2026380561754927E-15
 0.3578335514817309E-15  -0.1019312931460866E-14
 0.3421570268716542E-02   0.2372581177277410E-01
-0.9643489431600417E-02  -0.6686976946778549E-01
-0.1062729336271781E-02   0.7788371734494259E-03
 0.4578229088621281E+00  -0.3355224026554797E+00
 0.1283168860779787E-15  -0.1377863213130575E-15
-0.5505990531011522E-15  -0.4976346744160810E-16
-0.4796327846895542E-15   0.6687956125433391E-16
-0.1562395879791256E-15   0.3463942540279462E-15
-0.1897774255170901E-15   0.1477817428057575E-15
 0.3180862132301340E-01   0.7177686231440190E-01
 0.6068819007667725E-05   0.1369442522819296E-04
 0.3894490741147507E-15   0.2635516052626855E-16
-0.1901199865995638E-16   0.2752529246220206E-16
-0.1503451455786018E+01   0.3700507195211263E+00
-0.3367743664371546E-01   0.9220181620675401E-01
-0.9558754800606599E-02   0.1340064037124482E-01
 0.4599476931968076E-01  -0.3153563204977420E-01
-0.6745939454658711E-15   0.1174821432570708E-14
 0.2278692322672574E-15  -0.1741138049974734E-15
-0.1120494686122099E-01   0.5984854760563561E-01
 0.6096209103590752E-01   0.2880906252729027E+00
 0.2657745906993539E+00  -0.1838726790328961E+00
-0.2655184957854486E-15   0.4588465630814437E-15
 0.2114619913799933E-13  -0.1480874123821994E-13
 0.4550872703246735E-15  -0.2535160768173156E-15
-0.5207921972306000E-15   0.1843630125788990E-15
-0.1893366220733447E+00   0.2405119362819575E+00
 0.9201418524897940E-02   0.3727910426438613E-02
-0.3153183913274017E+00   0.1563971125471291E+00
-0.3144289145282310E-14   0.1667466233301243E-14
 0.2486908819151225E-14  -0.1839009203042699E-14
-0.3421090928270604E-15  -0.4001832558395469E-16
 0.6840390301759579E-15  -0.6182188529069061E-15
 0.6861412563126738E-01  -0.4982512216968830E-02
 0.1212422598663494E+00  -0.6972921491381878E-01
 0.2007354062211358E+00   0.7650024124734125E+00
-0.5031726718352676E-15  -0.1149375344346072E-14
-0.2614207995958201E-16  -0.1007501601367235E-15
-0.2731414426877676E-15  -0.1616233378930898E-14
 0.4408877171991114E-15  -0.1507302267689421E-15
 0.3556100974508777E-02   0.2325595837141512E-02
 0.1559778299896266E-15  -0.1123246223855621E-16
 0.5125383491576945E-17   0.1193445346647950E-15
-0.1609419978162483E+01   0.3556154448203871E+00
-0.2635886605795516E-01   0.1698820656065530E-01
 0.5150070280485053E-01   0.1142151333307934E+00
-0.5228761912776467E-01   0.1126839043363730E-01
-0.1057406206883112E-14   0.2694131676700130E-15
-0.2104651554835322E-15   0.1742836832153206E-15
-0.2822743820282960E-01   0.2207393952647562E-01
 0.1423965254296697E+00  -0.1035612294183920E+00
 0.1949671922059823E+00  -0.1322040705047236E+00
 0.6746932725552240E-15  -0.2046256754924655E-15
 0.1529553636276943E-13  -0.1037817431430272E-13
 0.3085686208220779E-15  -0.1141774572413327E-15
 0.3552928164821449E-15  -0.2498135489227730E-15
-0.1429213870994982E+00   0.5517182341071980E-01
-0.4290668483195142E-01   0.3956592640572524E-02
 0.2102666183789305E+00  -0.1366117893345614E+00
 0.1244857583612239E-14  -0.1309533408723014E-14
-0.1860764822185193E-14   0.7579155513789452E-15
-0.6146840749421608E-16  -0.1320119783147889E-15
 0.3120092391224832E-15  -0.1683627180982601E-15
-0.6930339140306485E-01   0.1044694929521297E+00
-0.1876999404639360E+00   0.1898732879731674E+00
 0.3756799019343928E+00   0.4293130434605229E+00
-0.5483589504898849E-15  -0.7413144807144061E-15
-0.8552997978500407E-16  -0.9369418355204736E-16
-0.1028800008287732E-14  -0.8750015193962704E-15
 0.1863934707166104E-15   0.6026629034899059E-17
-0.1251922980195311E+00  -0.8969495960015957E-01
 0.2510732720184809E-16   0.3638097583553135E-16
 0.2585503315304109E-15  -0.9003469820391786E-16
-0.1403688563574202E+00  -0.1804141269704889E-01
-0.1656032911289227E+01   0.2608398001880253E+00
 0.7111477517545722E-01   0.1329750589084373E+01
 0.1406766637454716E+00   0.4800270777283284E+00
 0.4438475468801281E+00   0.2271111999585383E+01
-0.1961457395287373E+00  -0.2793553460622916E+00
-0.1827650510779898E+00  -0.1883514620861578E+00
 0.1553391078546813E+01   0.2957327296996521E+01
 0.2907151438739261E-15   0.5082833949992811E-15
 0.1937498071871441E-14   0.2405400542970319E-14
 0.3116981526009572E-14   0.8543505057572963E-14
 0.1201515763094096E+01   0.2825780380459761E+01
 0.2129720514021999E-15   0.8025987386723506E-15
-0.3218840947497528E-14  -0.4997931590811361E-14
-0.4318224043851619E-15  -0.1567749132021658E-14
-0.2030168567979107E-15   0.6971419969081794E-16
 0.1201515763094089E+01   0.2825780380459751E+01
-0.5263827572330494E-01  -0.8258912551327630E-01
 0.9345684385631405E-01   0.1345174871583071E+00
 0.1581617254222536E+00   0.3941645735212653E+00
-0.2678175486221680E-13  -0.2838907552494123E-13
 0.8266680707847421E-14   0.9247962689280992E-14
-0.2431599622602038E+00   0.1291801622021267E+01
-0.4162119816866230E-02  -0.2439754486814854E-01
-0.7719616715085735E-01  -0.1416739744532048E+00
-0.2276221455418431E+00  -0.6882110716815445E+00
 0.2559182706683004E-14   0.8747900528290762E-14
-0.1245386241989997E-14   0.7421625429425583E-16
 0.1613664629248150E+00   0.4202437153642582E+00
 0.1669476754267056E+01   0.1253455642082340E+02
 0.2065819248293899E+00   0.9745429151402603E-01
-0.1598976483211524E+00  -0.2686501665256714E+00
-0.3363812198517457E-02   0.1417546998313405E+00
-0.1231729643976015E-14  -0.6456794382159054E-15
-0.2627148351496365E-13  -0.1092241892336920E-13
 0.6822306368405655E-01   0.4924525482817632E-01
-0.2890628509545082E+00  -0.2097907270973181E+01
-0.8124386399546272E+00   0.1051418714745778E+01
 0.7383103310113028E-15   0.1418114415452760E-14
-0.1955415707679847E-15  -0.9809075336085868E-16
 0.1041888121053439E-14   0.9215292431634245E-15
 0.3281307629757199E+00   0.1250190130118063E+00
-0.3546463355773926E-01  -0.1351215425218140E-01
-0.6359915190291626E-14  -0.3253482956750969E-14
 0.8127485903668042E-15   0.1674018649359219E-14
-0.2535062687072050E-15  -0.5093871626795979E-15
 0.7913128852205207E+00   0.2234064458076787E+01
 0.1499778086691796E-13   0.5505517430806109E-14
-0.1389397774998482E-13  -0.2219697962062619E-13
-0.7134276260223669E-15   0.1051018795097622E-13
 0.3546463355773918E-01   0.1351215425218057E-01
 0.3281307629757196E+00   0.1250190130118050E+00
 0.6677553127953576E-14   0.4479679485498881E-14
-0.2391528476347097E-13  -0.1683242715588471E-12
-0.1263277033800956E-12  -0.9274039948466403E-13
-0.6071532165918825E-15  -0.1054711873393899E-14
 0.7913128852205208E+00   0.2234064458076791E+01
 0.2481893534899502E-15   0.4633551742946225E-15
-0.3132160582507447E-16   0.6529371823887491E-16
 0.6085573771141457E-15   0.4201511821002916E-15
 0.1428783513864741E+00   0.1059493841694514E-01
 0.2181016189492459E-02   0.1617301150930164E-03
-0.2590249560675170E-14  -0.8351012392861379E-15
-0.1632099374049196E-14   0.4388126958483707E-16
 0.1102532774936501E-14   0.3732652419274632E-15
-0.5255254620790480E-01  -0.5000702094771992E-02
-0.6492839655436327E-02  -0.6178341338115845E-03
 0.3552601649418134E+00   0.1829316052912953E+01
 0.2446668489373177E-15  -0.3114941801484876E-15
-0.2098486838338334E-15  -0.4077000850979171E-15
 0.6446414541263342E-15  -0.1893528518645692E-15
 0.2181016189493208E-02   0.1617301150943548E-03
-0.1428783513864740E+00  -0.1059493841694441E-01
-0.3326436092149705E-15   0.3308662614753349E-15
-0.1451610017235610E-14   0.2941209128367140E-14
-0.3604913584359253E-14  -0.8551306187752451E-15
-0.6492839655435909E-02  -0.6178341338112731E-03
 0.5255254620790450E-01   0.5000702094770940E-02
 0.2341876692568690E-16   0.2979387569990166E-15
 0.3552601649418137E+00   0.1829316052912955E+01
 0.1902720083901295E+00   0.3279462162423993E+00
 0.2185897196782570E+00   0.3563023284176536E+00
-0.1672134332315059E+00  -0.1562416651844738E+00
-0.1601153346950828E-14   0.1249381048127215E-14
 0.7478573168200658E-15   0.4778092249045999E-15
-0.8122885517768159E-01  -0.2857155786332813E-02
 0.7814310427659980E+00   0.2922988696279595E+00
 0.1723337767544115E+00   0.1545864368512947E+00
-0.2924649603590707E-15   0.3783436243692689E-15
 0.1315301034759187E-13   0.1015726184976323E-13
-0.2229921307860253E-15  -0.3987143506165403E-15
-0.9536150612946815E-15  -0.1597985811527055E-14
-0.1241261250082003E+00   0.1717999778122057E+01
-0.1975589932638445E+00  -0.3300740387521728E+00
-0.3967360295122707E-02  -0.5358166246943574E-01
-0.3020267945282564E+00  -0.3597003043635498E+00
 0.6920500263532415E-15   0.6280657493491006E-14
-0.8520910642461579E-15  -0.1808183621716142E-14
-0.5629599501677039E-02   0.2694463375185250E+00
-0.4368983623379803E-01   0.1517582971376126E+00
-0.1909122625754496E-01  -0.6930459952496998E-02
 0.7466332095250182E-15   0.3001637927572373E-15
-0.1239332745678113E-14   0.6180753417655966E-15
 0.5521689706188933E-15   0.1763758806743085E-15
 0.3297607897921569E-15   0.1317782541745971E-15
-0.1126647183961979E+00  -0.1111602199688170E+00
-0.5974863578070858E-01   0.1357349294402197E+01
 0.4556414499431127E-01   0.5856858499073236E-01
-0.2963787017577635E+00  -0.3763761385016539E+00
 0.2043599284198072E+00   0.1307711939040685E+00
 0.2287770919890035E-14   0.4638579258598854E-14
-0.7465491454017411E-15  -0.1046400786953491E-14
 0.1773547123176114E+00   0.2809293319999465E+00
-0.6848024565751917E+00   0.2128296980665385E+01
 0.3829853119941988E+00  -0.3332978652154612E+00
-0.1478291919018088E-14  -0.1584117938841509E-15
 0.2948185058459444E-13  -0.2550256548770362E-13
-0.4237245216916518E-15   0.1529533578410751E-15
-0.2164506859017232E-14   0.4007530720567555E-15
-0.4981111936401212E+00  -0.8150764460511177E+00
 0.1702152755330787E-01   0.1169816420438772E+00
-0.6680014610936386E+00   0.1853466033687551E+01
 0.1018550277461104E-14   0.1788579363690010E-14
-0.2704149633039701E-14  -0.3547066538283128E-14
 0.2243591313975958E-14   0.2000769214926473E-14
-0.5038429668174493E-01  -0.1706170610923967E-01
-0.1863523372658707E-01  -0.6310475724774814E-02
 0.2396145728328239E-14   0.2931608563174302E-14
-0.6134502095699660E-14   0.2074980047753120E-13
-0.4597952910782152E-15  -0.2573727891220164E-14
 0.1131964069172900E+00  -0.1628840754794786E-01
 0.5635415611150948E-01  -0.8109086558159482E-02
-0.5458447975354652E-01  -0.6836253370555456E-01
 0.1924683242746589E-01   0.2410506130109813E-01
-0.5272243426710627E-14  -0.8194876510204164E-14
 0.5343700811918840E-15   0.1485732606037771E-14
-0.9701636703395755E-14   0.1811291088821979E-14
 0.2740739468876048E+00   0.1585237979077011E+01
-0.1089390895043854E-14  -0.2283687309639528E-14
 0.1782402134549884E-14   0.1911590898026462E-14
-0.1686164347289050E-14  -0.9462024473947979E-15
-0.1863523372658705E-01  -0.6310475724774545E-02
 0.5038429668174461E-01   0.1706170610923878E-01
-0.6681659856827587E-15  -0.1436048165600217E-14
 0.2032840567547615E-14  -0.1565447555179089E-13
 0.6449317883926476E-14   0.1207476073797661E-14
 0.5635415611150933E-01  -0.8109086558159409E-02
-0.1131964069172906E+00   0.1628840754794843E-01
-0.1924683242746585E-01  -0.2410506130109802E-01
-0.5458447975354627E-01  -0.6836253370555520E-01
 0.3727492868351660E-14   0.5055217322354853E-14
-0.9150266089813159E-15  -0.1630506875698561E-14
 0.7470720877165907E-14  -0.2073438971450838E-15
-0.2029626466892864E-15  -0.3261280134836397E-15
 0.2740739468876048E+00   0.1585237979077011E+01
-0.2132973261783844E-16  -0.6884813607134287E-15
-0.1439774228581079E-15   0.7734064386393938E-16
-0.5161964058798773E-15  -0.3150163205022566E-15
 0.1277328292079570E+00   0.8251250637410350E-01
 0.1996578533823164E-02   0.1289744383021957E-02
-0.2428232932019837E-14  -0.1268681090038312E-14
-0.1040839592783240E-14   0.6649081450314447E-15
 0.1923784288617198E-14   0.6870224150367244E-15
-0.1903736477100654E+00  -0.8372909206618068E-01
-0.2359130086449676E-01  -0.1037579636574857E-01
-0.1328697425638362E+00  -0.4999164348086828E-01
 0.4862518268984219E-04   0.1829500645005432E-04
-0.2179388428729343E-15   0.3966332319200141E-17
 0.9177077696747837E-15   0.1953838511096300E-16
 0.1881604009908900E-15   0.7339447266489456E-15
-0.9611426444517138E-01  -0.8323662581590498E-01
-0.3385095465960719E-01  -0.2931551588911356E-01
-0.1134387510087488E+01   0.7047764333814439E+00
-0.2379065433117148E-15  -0.4180145976165293E-15
 0.2641862967539244E-15  -0.1473402498321233E-15
 0.2680590789725424E-15  -0.5321388227278500E-15
 0.1996578533822989E-02   0.1289744383021781E-02
-0.1277328292079570E+00  -0.8251250637410325E-01
-0.8792757468944173E-15  -0.1060918753366979E-14
-0.1696862949989000E-14  -0.2083126536694773E-15
-0.1511362384817412E-13  -0.6613963411942676E-14
-0.2359130086449561E-01  -0.1037579636574854E-01
 0.1903736477100658E+00   0.8372909206618101E-01
-0.4862518269038051E-04  -0.1829500645021912E-04
-0.1328697425638361E+00  -0.4999164348086710E-01
-0.1621680798604163E-15  -0.1082391087671172E-14
-0.4847227398556008E-15  -0.8889251196839764E-16
-0.1582608268392473E-14  -0.6065249015837349E-15
 0.3385095465960689E-01   0.2931551588911358E-01
-0.9611426444517224E-01  -0.8323662581590593E-01
-0.1566481556828422E-15   0.1581393571864834E-15
-0.1134387510087493E+01   0.7047764333814461E+00
 0.1381627019615097E+00   0.2482496689533888E+00
-0.5843684806195339E-01   0.1384558902742388E+00
 0.2892309842529842E+00   0.2090339937421959E+00
 0.3134976584479739E-14  -0.1829053959006098E-14
-0.4336170433276397E-15   0.1771349375815537E-14
 0.1767004254038696E+00  -0.1192734657211304E+00
 0.4147549230392005E+00  -0.6331676614626482E+00
 0.5903183780841913E-01   0.2163084492024522E+00
-0.3489058531880319E-15  -0.2778083324638822E-17
 0.5520911322320481E-14   0.1776362857925064E-13
-0.3732604673990923E-15  -0.3084852138212817E-16
 0.9175226165071307E-15  -0.1157196158976226E-15
-0.9817986356488581E-01   0.9557170750327632E-01
 0.4581803442715195E+00   0.3989436861200638E+00
 0.6634279198977751E+00   0.1097803659017641E+00
 0.6127060798105592E-14   0.1071958334081539E-14
-0.3457227839626135E-14  -0.1567852246099473E-15
 0.1358616009261368E-15  -0.2554873491036410E-15
-0.5827836337339150E-15  -0.8320639287141992E-15
-0.3617789212631013E+00   0.1345537789046650E+01
 0.1676039091893614E+00   0.1203797124745579E+00
 0.1141710422283445E+00   0.1952824170043033E+00
-0.2788442468376575E-01   0.6678820585562403E-01
 0.5377436947702395E-15   0.4810315269679572E-14
 0.1144916617484570E-15  -0.1338035134043484E-14
 0.2490422377906482E-01   0.2807751554550394E+00
 0.5069063360481911E+00  -0.6259880392184460E+00
-0.9787085907788652E-01   0.2089733824046369E+00
 0.1066771912431230E-14  -0.8755569561471771E-16
-0.7609866941796802E-14   0.1657132915763879E-13
 0.5681133949226674E-15  -0.1135057365920112E-15
 0.9495688688200274E-15  -0.1691913573171257E-15
-0.9657869684977698E-01   0.1202270530213513E+00
-0.1361052438731911E+00  -0.1789389164433613E+00
 0.5460099056457757E+00  -0.1486253537224577E+00
 0.5073022633451567E-14  -0.1125665426046572E-14
-0.4326662827026553E-14   0.4596464828978056E-15
 0.2059959955173727E-15  -0.4287966314543416E-15
 0.7206674821756034E-15  -0.6524723938940764E-15
 0.1036304892441457E-01   0.2760888424140607E+00
-0.1107238173548937E+01   0.6894388629178771E+00
 0.1165503296139234E+00   0.4642326777957438E+00
-0.7374317994016767E-01   0.3723332932626649E+00
-0.2735246718848748E+00  -0.1216127655108724E+00
 0.5999980236924584E-14   0.3171162753811561E-14
 0.4772990893191729E-15   0.9252100213824698E-15
 0.2130431133945546E+00   0.1958661985495333E+00
 0.4347515119182783E+01   0.5731291959247671E+00
-0.1386022681899286E+01  -0.4822731558762924E+00
-0.8638873039641225E-17   0.1467858121944658E-14
-0.1109932462346689E-12  -0.3919037167486846E-13
 0.1730699095154297E-14  -0.2370452506596540E-14
 0.2252889052428003E-14  -0.5512515797740032E-15
 0.1228418068648645E+00   0.9350646805017541E+00
 0.9611127717569704E-01  -0.5709814024302051E-02
 0.1380136853135956E+01  -0.2792765884724945E+00
 0.1390112024189512E-13  -0.1905461030250403E-14
-0.8151744288663623E-14  -0.1357020371345527E-14
 0.9818567391156443E-15  -0.6766495997296114E-15
 0.3509195527886003E-15  -0.2158433606566178E-14
-0.4553521639023980E+00   0.3884821756674538E+00
-0.4103076874735803E+00   0.3710777175663686E+00
-0.4623932732484929E+01   0.5425344260000259E+01
-0.3303713120634751E-15  -0.6860979797825958E-15
 0.1671649216709591E-15  -0.7324960979384103E-15
 0.5012500273450301E-15   0.6581169949373642E-16
 0.5825977603483945E-15  -0.2145759152168718E-15
-0.5403955419011181E-16   0.1489058124975289E-15
-0.3427443570726688E-15  -0.3373940745225327E-15
-0.6839078035465991E-14  -0.7680299925821897E-15
 0.2192030767003150E-14   0.6827602343351984E-15
-0.5580657283404104E-15   0.1881525054869366E-15
-0.3630990872596341E-16  -0.8414023319608702E-16
-0.1334248373145418E-15  -0.7374982858839436E-16
 0.1961014796347949E-16   0.4805418657552118E-16
-0.8094328530451187E-16  -0.1572271364817258E-14
-0.1232709863561991E-15  -0.4093810267331237E-16
-0.2237113208260459E-14   0.3260736933152737E-15
 0.2803326862994071E-15  -0.1493812757517428E-17
-0.1157184753267138E-15   0.7724573903044599E-16
-0.9190215235719487E-16   0.6329638195691031E-16
-0.9919264144262022E-16   0.8210868000889894E-16
 0.5693497183905947E-15  -0.6561461429406913E-15
 0.6354332056616211E-15  -0.5868677320367324E-15
 0.5989944374272045E-14  -0.7322606487241644E-14
-0.9533149129919078E+00   0.8304683150891702E+00
-0.2304155886695357E-15   0.2594667542629607E-16
 0.2556954303237772E-15  -0.4263561315216617E-15
-0.6256478637506153E-16   0.9718386473278111E-16
-0.1781327080144397E-15   0.3858320811261137E-15
 0.3790922374251506E-15  -0.5356372485523215E-15
 0.6084748869375304E-15  -0.3857717713385984E-15
-0.4195690610244001E-15   0.1400013558369961E-14
-0.4558871568850443E-15   0.4229042406844549E-15
 0.5821851144903140E-15  -0.3454642024101427E-15
-0.6712537710658914E-16  -0.1663059350205589E-15
 0.5242929748507681E-16   0.1821641578498848E-15
 0.5158971257021819E-15  -0.1051344701331499E-15
-0.3045833723169245E-15  -0.1960789486935525E-15
 0.2452549329698708E-15  -0.2881587485363902E-15
-0.1278374767473283E-15   0.3868907080058072E-15
-0.2431641600687272E-16   0.4546609701365396E-16
 0.5281055715360548E-16  -0.4580160600779662E-15
 0.4888509545299202E-16  -0.5928165357341933E-16
-0.8096554921978078E-16   0.7754558977893989E-16
-0.4253727609184963E-15   0.3369091598607511E-15
 0.8303259571295976E-16  -0.1332098366145632E-15
 0.1472526178549528E-14  -0.8970849766981297E-15
 0.4336808689942019E-17   0.1647987302177967E-16
-0.9533149129919097E+00   0.8304683150891714E+00
-0.3694135196174009E-15  -0.7195001651981528E-15
 0.8146777477635768E-16  -0.1419004513902363E-14
 0.5209075147275346E-15  -0.5737191837686072E-17
-0.8279297307319630E-03  -0.2954285691149762E-02
 0.6311247881917141E-01   0.2252030410161722E+00
 0.1109716834977776E-15   0.9526099869253506E-15
-0.9019312226154887E-14  -0.1613803694397414E-14
 0.1305302525201486E-13   0.1398831378228259E-13
 0.1563165251304256E-01   0.2000263239890505E-01
-0.1287921066385811E+00  -0.1648054268621058E+00
-0.2803330780240586E-03  -0.2230328825672896E-03
 0.1306246218605973E+00   0.1039248958885418E+00
-0.3165229948040225E-15  -0.2384471157064347E-14
 0.6036614612712709E-16   0.5035898710935551E-15
-0.4352681799805908E-14  -0.2546290788549015E-15
 0.5057052141621688E-01   0.1915448560823752E-01
-0.1424437191016264E+00  -0.5395309542212742E-01
 0.3330662776949723E-03  -0.4013711660994346E-04
-0.1325869103750497E+00   0.1597776970849009E-01
 0.6474730384013126E-15  -0.4242644992595560E-15
 0.1169782504586165E-14  -0.1245732915119369E-14
 0.7221645397598854E-14  -0.9264927215650784E-14
-0.6255218990069618E-16   0.4327839865823466E-16
-0.7762337513762095E-16   0.1287173100427469E-15
-0.9421161984750912E+00   0.8627925924347463E+00
 0.1369409638889639E-16   0.3521356534663979E-16
 0.1243511905424693E-15  -0.3404969433726535E-15
-0.2417321189744390E-15  -0.4835186951219828E-15
-0.6311247881917181E-01  -0.2252030410161712E+00
-0.8279297307314848E-03  -0.2954285691150263E-02
 0.3077012512536346E-15   0.4644568881732979E-14
-0.1410342031046920E-15  -0.1249752467152229E-15
-0.1462189764890915E-14  -0.1318869180673215E-14
 0.1287921066385800E+00   0.1648054268621053E+00
 0.1563165251304291E-01   0.2000263239890508E-01
 0.1306246218605960E+00   0.1039248958885424E+00
 0.2803330780244647E-03   0.2230328825674537E-03
 0.6655202849070365E-16  -0.1193018861682366E-15
 0.2295172568404460E-15   0.2201616644883135E-15
 0.1037269992160567E-14   0.2624802407643971E-15
-0.1424437191016257E+00  -0.5395309542212778E-01
-0.5057052141621686E-01  -0.1915448560823760E-01
-0.1325869103750495E+00   0.1597776970848992E-01
-0.3330662776950206E-03   0.4013711661007469E-04
 0.1111780928810924E-15  -0.1507839276543954E-15
-0.1958343201917302E-15   0.9794476984065379E-16
-0.1597675183202317E-15  -0.3007066304047976E-15
-0.1002275144216064E-15  -0.4288432921549879E-17
 0.6394074771523599E-16  -0.3107807699228329E-17
 0.3326643739810924E-16  -0.5321748290654712E-16
-0.9421161984750888E+00   0.8627925924347432E+00
 0.9966720480241011E-01   0.1484447851384131E+00
 0.1301931178893044E-01  -0.2286782559975546E+00
-0.1590439763819659E-01  -0.4424955110860161E-01
-0.4006038601070331E-15   0.5391636366893977E-15
 0.2913944109098687E-15  -0.7448288077553475E-15
-0.2427528352147771E-01   0.2374462252273188E-01
 0.1288545589391721E+00  -0.1880887096850204E+00
 0.8885677631456194E-01   0.4323170061124942E-01
 0.2485011049722636E-15  -0.2015884452011707E-15
 0.7050622613605312E-14   0.3252930281097132E-14
 0.5362710907298712E-15  -0.2838009676681382E-15
 0.7503589626695342E-17  -0.5970319163895495E-15
 0.2219570149943872E+00   0.4895036539160019E-01
 0.3004196078843892E-01   0.1258914147972117E-01
 0.2231608543973278E-01  -0.2733678488582641E+00
 0.2102720760962060E-15  -0.2918321387322230E-14
-0.8487335961209441E-15   0.1951380204298128E-14
 0.7660992174990157E-15  -0.3760354771316148E-15
-0.4513407808337100E-17   0.6637552745696060E-16
-0.2760819486768884E-01   0.2821102616335206E-02
-0.1931367230493170E+00  -0.6284067874197823E-01
 0.6880576074412989E-01  -0.2883290110181952E-01
 0.4353022094256039E-15  -0.3879391995542711E-15
-0.2735769515391174E-16  -0.8546223035485424E-16
-0.4414307352133697E-15   0.7286475971536347E-16
 0.5712171711196128E-16  -0.3353404219038144E-16
-0.1040846759686469E+01   0.7936043474208385E+00
-0.7859307243724855E-15   0.1659399882051548E-15
 0.6109511390775908E-15  -0.2022249231581393E-15
 0.2111538003017600E-15  -0.2236185057614487E-15
-0.7813423771053621E-01  -0.2536546817730423E-01
-0.1039899941810607E-02  -0.3375927078124423E-03
 0.1524521253869004E-14   0.4906987354571492E-15
 0.5699424530276676E-15  -0.1619874885155705E-15
-0.1023947450621856E-14  -0.4725888630049632E-16
 0.1017054107759391E+00   0.1056320843926937E-01
 0.1236379858212587E-01   0.1284114390057891E-02
 0.9685588664710526E-01   0.7814307377015581E-02
 0.1893827337850120E-03   0.1527934898875667E-04
 0.1055226112244865E-15  -0.1034559252945137E-15
-0.5870211181915601E-15   0.4669238741023558E-15
-0.1462549539865698E-15   0.5836918794649636E-15
-0.1907430562032823E-01  -0.6686976946778532E-01
-0.6767682742831847E-02  -0.2372581177277407E-01
 0.4282992536507049E+00  -0.3355224026554797E+00
 0.9941970415800637E-03  -0.7788371734496241E-03
 0.1375966937254443E-15  -0.1402408576059703E-15
 0.6541019973913706E-16  -0.2806228297199640E-16
-0.1944414147259043E-15  -0.1279619367985539E-15
 0.3501811538810781E-16  -0.1383224236118462E-15
-0.1901958396551869E-15   0.4042342514715709E-16
-0.2490784041593093E-04  -0.1369442522811004E-04
 0.1305499575410420E+00   0.7177686231440182E-01
 0.9661023559320260E-17   0.5336003940904267E-16
-0.1422496452346830E+01   0.3700507195211264E+00
-0.1016131132121470E-14   0.2155705808631083E-15
-0.3633256756382354E-15  -0.9875515202020802E-16
-0.3865512937887496E-15   0.5309616422625144E-16
-0.1039899941810333E-02  -0.3375927078125888E-03
 0.7813423771053585E-01   0.2536546817730442E-01
 0.1058842100005811E-15   0.9752363538714487E-16
 0.5798173958172765E-15  -0.1437261156435235E-15
 0.7853646038269664E-14   0.7864413201986493E-15
 0.1236379858212481E-01   0.1284114390058304E-02
-0.1017054107759387E+00  -0.1056320843926953E-01
-0.1893827337849321E-03  -0.1527934898859494E-04
 0.9685588664710548E-01   0.7814307377015330E-02
 0.3960900417786714E-15  -0.3465905163389860E-15
 0.2007077383590782E-15   0.2026380561754927E-15
 0.1938784808709092E-15  -0.1019312931460866E-14
 0.6767682742831824E-02   0.2372581177277410E-01
-0.1907430562032750E-01  -0.6686976946778549E-01
-0.9941970415791965E-03   0.7788371734494259E-03
 0.4282992536507055E+00  -0.3355224026554797E+00
 0.2072073075161693E-16  -0.1377863213130575E-15
-0.7338940684075505E-15  -0.4976346744160810E-16
-0.2416494028658923E-15   0.6687956125433391E-16
-0.1094927322574508E-15   0.3463942540279462E-15
-0.9469181328443536E-16   0.1477817428057575E-15
 0.1305499575410421E+00   0.7177686231440190E-01
 0.2490784041599386E-04   0.1369442522819296E-04
 0.2565094046185624E-15   0.2635516052626855E-16
-0.4422823453679256E-17   0.2752529246220206E-16
-0.1422496452346829E+01   0.3700507195211263E+00
 0.1001312216442431E-01   0.9220181620675401E-01
-0.1083221025251025E-01   0.1340064037124482E-01
-0.1624217865505526E-01  -0.3153563204977420E-01
-0.8014987013393943E-15   0.1174821432570708E-14
 0.3119025289841330E-15  -0.1741138049974734E-15
-0.1717831944276851E-01   0.5984854760563561E-01
 0.1539606981954134E+00   0.2880906252729027E+00
 0.2875511352173502E+00  -0.1838726790328961E+00
-0.1887659681850460E-15   0.4588465630814437E-15
 0.2276065086776177E-13  -0.1480874123821994E-13
 0.3118263562312253E-15  -0.2535160768173156E-15
-0.5573288574292538E-15   0.1843630125788990E-15
-0.1987640718391878E+00   0.2405119362819575E+00
-0.3164345165780588E-01   0.3727910426438613E-02
-0.3358717926977443E+00   0.1563971125471291E+00
-0.3311085985460217E-14   0.1667466233301243E-14
 0.2461227663446929E-14  -0.1839009203042699E-14
-0.4966708108741288E-15  -0.4001832558395469E-16
 0.5511512766559340E-15  -0.6182188529069061E-15
 0.1381570401409959E+00  -0.4982512216968830E-02
 0.1979088082202820E+00  -0.6972921491381878E-01
 0.5681971281386756E+00   0.7650024124734125E+00
-0.1098325185400416E-14  -0.1149375344346072E-14
-0.7726121346602090E-16  -0.1007501601367235E-15
-0.9100278768966387E-15  -0.1616233378930898E-14
 0.4910553233372828E-15  -0.1507302267689421E-15
 0.9735005850539291E-01   0.2325595837141512E-02
 0.1593084144287820E-15  -0.1123246223855621E-16
 0.1013262143596129E-15   0.1193445346647950E-15
-0.1642267908558296E+01   0.3556154448203871E+00
-0.3492712037793471E-01   0.1698820656065530E-01
 0.9701201137621555E-01   0.1142151333307934E+00
 0.2603574623347207E-01   0.1126839043363730E-01
-0.4838143543835915E-15   0.2694131676700130E-15
-0.1245391594091975E-15   0.1742836832153206E-15
 0.8427086958911261E-02   0.2207393952647562E-01
 0.2450191306205360E+00  -0.1035612294183920E+00
 0.1208970588995429E+00  -0.1322040705047236E+00
 0.4874047285137410E-15  -0.2046256754924655E-15
 0.9519753401486850E-14  -0.1037817431430272E-13
 0.2371108095354071E-15  -0.1141774572413327E-15
 0.1184681945694746E-15  -0.2498135489227730E-15
-0.1241218128143915E+00   0.5517182341071980E-01
 0.1964556672001401E-01   0.3956592640572524E-02
 0.1051410253493182E+00  -0.1366117893345614E+00
 0.2082645470377175E-15  -0.1309533408723014E-14
-0.9685079310757347E-15   0.7579155513789452E-15
 0.3351118833569538E-16  -0.1320119783147889E-15
 0.2946003687945961E-15  -0.1683627180982601E-15
-0.1181196726642298E+00   0.1044694929521297E+00
-0.1687858850225921E+00   0.1898732879731674E+00
 0.3558253696352248E+00   0.4293130434605229E+00
-0.5237474160947210E-15  -0.7413144807144061E-15
-0.6548681324435558E-16  -0.9369418355204736E-16
-0.1002893916429192E-14  -0.8750015193962704E-15
 0.1660442878824822E-15   0.6026629034899059E-17
-0.1740646721552527E+00  -0.8969495960015957E-01
-0.6240829334290616E-18   0.3638097583553135E-16
 0.2802189621018286E-15  -0.9003469820391786E-16
-0.1834588385030707E+00  -0.1804141269704889E-01
-0.1417951314952322E+01   0.2608398001880253E+00
