-1.3203704199935160e+01
-1.3844711131448332e+01
-1.4240220262369718e+01
-1.4488473592813694e+01
-1.4643828362877503e+01
-1.4739365367641486e+01
-1.4796232798476851e+01
-1.4828221720808299e+01
-1.4844139616051287e+01
-1.4849501448267816e+01
-1.4847837787606185e+01
-1.4841515225360356e+01
-1.4832179723508345e+01
-1.4820996296541836e+01
-1.4808792202971405e+01
-1.4796151938558173e+01
-1.4783484237283250e+01
-1.4771070257662242e+01
-1.4759098825571581e+01
-1.4747692364627186e+01
-1.4736925769829561e+01
-1.4726839613756320e+01
-1.4717449203369428e+01
-1.4708750740579617e+01
-1.4700726052973737e+01
-1.4693346635745684e+01
-1.4686577259268228e+01
-1.4680379048547801e+01
-1.4674711905952661e+01
-1.4669536208083379e+01
-1.4664813875550621e+01
-1.4660508926743548e+01
-1.4656587743466908e+01
-1.4653019078900687e+01
-1.4649773973296325e+01
-1.4646825617389155e+01
-1.4644149175600960e+01
-1.4641721638086977e+01
