-1.2134369396288680e+01
-1.3225073387579902e+01
-1.3859251492569276e+01
-1.4251291146809704e+01
-1.4496308923107556e+01
-1.4648497026154878e+01
-1.4741735892939934e+01
-1.4797437781358198e+01
-1.4828994730027055e+01
-1.4844770056254482e+01
-1.4850066389812785e+01
-1.4848352403909251e+01
-1.4841982393597508e+01
-1.4832601084627456e+01
-1.4821374400571180e+01
-1.4809130838138120e+01
-1.4796455747549022e+01
-1.4783758001426325e+01
-1.4771318346211297e+01
-1.4759324854497713e+01
-1.4747899189469329e+01
-1.4737115584940263e+01
-1.4727014172994856e+01
-1.4717609975441110e+01
-1.4708899024023729e+01
-1.4700863071121020e+01
-1.4693473577758013e+01
-1.4686695255193804e+01
-1.4680489175805267e+01
-1.4674815156054194e+01
-1.4669633498240822e+01
-1.4664906034482286e+01
-1.4660596710038558e+01
-1.4656671825888557e+01
-1.4653100053017130e+01
-1.4649852369342137e+01
-1.4646901902577367e+01
-1.4644223763043971e+01
