-6.7361971103520062e+01
-7.1517057055409595e+01
-7.3445654846748283e+01
-7.4417766282707717e+01
-7.4922227002558088e+01
-7.5184501755918745e+01
-7.5317356307037969e+01
-7.5379313474482132e+01
-7.5401720756587110e+01
-7.5402002911960125e+01
-7.5390179114647793e+01
-7.5372161154409554e+01
-7.5351795159879600e+01
-7.5048690709806792e+01
-7.5319772288730690e+01
-7.5281405153124027e+01
-7.5260812236206093e+01
-7.5241180996029783e+01
-7.5222693279004943e+01
-7.5205394921789235e+01
-7.5189278070246218e+01
-7.5174307885037024e+01
-7.5160433533734988e+01
-7.5147594192799403e+01
-7.5135723590698547e+01
-7.5124754159729136e+01
-7.5114620140491240e+01
-7.5105259362625418e+01
-7.5096613834829839e+01
-7.5088629597225747e+01
-7.5081256317632324e+01
-7.5074446903368340e+01
