-1.0819167137554017e+02
-1.0835780170270482e+02
-1.0849451066855836e+02
-1.0860611217243341e+02
-1.0869628366052798e+02
-1.0876817065140011e+02
-1.0882446609362482e+02
-1.0886747847252565e+02
-1.0889919177660184e+02
-1.0892131174054838e+02
-1.0893530661969898e+02
-1.0894244054955527e+02
-1.0894380253414967e+02
-1.0894032992097712e+02
-1.0893282910531751e+02
-1.0892199289316308e+02
-1.0890841561623991e+02
-1.0889260672604566e+02
-1.0887500165959678e+02
-1.0885597211158267e+02
-1.0883583526416729e+02
-1.0881486050794213e+02
-1.0879327657704016e+02
-1.0877127690395662e+02
-1.0834033032881487e+02
-1.0834225706985440e+02
-1.0834351756915026e+02
-1.0834421249366245e+02
-1.0834442661438295e+02
-1.0834423142620656e+02
-1.0834368741757314e+02
-1.0834284593915750e+02
-1.0834175076062802e+02
-1.0834043933323140e+02
-1.0833894386756256e+02
-1.0833729211326937e+02
-1.0833550806274278e+02
-1.0833361254849734e+02
-1.0833162361399448e+02
-1.0832955692672408e+02
-1.0832742614674723e+02
-1.0832524310820116e+02
-1.0832301812378535e+02
-1.0832076016835104e+02
-1.0831847714095878e+02
-1.0831617593511540e+02
-1.0831386264184562e+02
-1.0831154273510343e+02
-1.0817040272062761e+02
-1.0817455625258663e+02
-1.0817841396317911e+02
-1.0818199498711041e+02
-1.0818531722435131e+02
-1.0818839748752404e+02
-1.0819125148858609e+02
-1.0819389404452613e+02
-1.0819633905737085e+02
-1.0819859951608709e+02
-1.0820068765247802e+02
-1.0820261492155858e+02
-1.0820439200307702e+02
-1.0820602892663048e+02
-1.0820753504906284e+02
-1.0820891911569306e+02
-1.0821018925476014e+02
-1.0799974202254410e+02
-1.0799693733624927e+02
-1.0799408149627243e+02
-1.0799118181151177e+02
-1.0798824505899788e+02
-1.0798527758519053e+02
-1.0798228520421483e+02
-1.0797927329406446e+02
-1.0797624689315828e+02
-1.0797321059174000e+02
