 0.9891261514153444E+00  0.1457617004624406E-25
 0.0000000000000000E+00  0.0000000000000000E+00
 0.1328382941695202E-01 -0.6464903779761610E-24
 0.0000000000000000E+00  0.0000000000000000E+00
 0.2216597119928168E-01 -0.6604309184630659E-24
-0.1328382941695189E-01  0.6464903779761491E-24
 0.0000000000000000E+00  0.0000000000000000E+00
-0.2216597119928209E-01  0.6604309184630676E-24
 0.0000000000000000E+00  0.0000000000000000E+00
-0.8260626685628418E-01 -0.1997662908197580E-24
 0.0000000000000000E+00  0.0000000000000000E+00
-0.2934567218259929E-01  0.1351571233473021E-24
 0.2934567218259911E-01 -0.1351571233473024E-24
 0.0000000000000000E+00  0.0000000000000000E+00
-0.1080384775576361E+00  0.2456765934726895E-24
 0.0000000000000000E+00  0.0000000000000000E+00
 0.5066143852151684E-03  0.1357756405409885E-24
 0.0000000000000000E+00  0.0000000000000000E+00
 0.1046687707462002E-02 -0.4839949169752012E-25
 0.0000000000000000E+00  0.0000000000000000E+00
 0.0000000000000000E+00  0.0000000000000000E+00
 0.0000000000000000E+00  0.0000000000000000E+00
 0.0000000000000000E+00  0.0000000000000000E+00
 0.1349008863734446E-02 -0.7105724856148008E-26
 0.0000000000000000E+00  0.0000000000000000E+00
 0.3413531723546719E-02  0.2456199801435189E-25
 0.0000000000000000E+00  0.0000000000000000E+00
 0.1617916135683424E-02 -0.1877444440004475E-26
-0.2966924999417861E-02  0.8983169296151653E-26
 0.0000000000000000E+00  0.0000000000000000E+00
 0.1808764453761925E-02  0.1070145958647647E-25
 0.0000000000000000E+00  0.0000000000000000E+00
-0.1504024990186160E-03  0.6352812968557928E-26
 0.0000000000000000E+00  0.0000000000000000E+00
 0.5738893124192678E-04 -0.1492343552720875E-25
-0.5066143852154427E-03 -0.1357756405409845E-24
 0.0000000000000000E+00  0.0000000000000000E+00
-0.1046687707461991E-02  0.4839949169751988E-25
 0.0000000000000000E+00  0.0000000000000000E+00
-0.3413531723546710E-02 -0.2456199801435169E-25
 0.0000000000000000E+00  0.0000000000000000E+00
-0.2966924999417860E-02  0.8983169296153547E-26
 0.1617916135683411E-02 -0.1877444440004487E-26
 0.0000000000000000E+00  0.0000000000000000E+00
-0.1808764453761909E-02 -0.1070145958647656E-25
 0.0000000000000000E+00  0.0000000000000000E+00
 0.1349008863734435E-02 -0.7105724856147467E-26
 0.0000000000000000E+00  0.0000000000000000E+00
 0.0000000000000000E+00  0.0000000000000000E+00
 0.0000000000000000E+00  0.0000000000000000E+00
 0.0000000000000000E+00  0.0000000000000000E+00
 0.1504024990186293E-03 -0.6352812968557757E-26
 0.0000000000000000E+00  0.0000000000000000E+00
-0.5738893124189425E-04  0.1492343552720866E-25
 0.0000000000000000E+00  0.0000000000000000E+00
-0.3958247774933091E-02 -0.3131237456671838E-25
 0.0000000000000000E+00  0.0000000000000000E+00
 0.2682446419611016E-03  0.3471062941911583E-26
-0.2682446419610995E-03 -0.3471062941911312E-26
 0.0000000000000000E+00  0.0000000000000000E+00
-0.8848703491000540E-04 -0.1726391921880859E-26
 0.0000000000000000E+00  0.0000000000000000E+00
-0.2998505539100017E-03  0.4009358846308658E-27
 0.0000000000000000E+00  0.0000000000000000E+00
 0.2291488572840221E-03 -0.3963488098486899E-27
 0.2998505539099940E-03 -0.4009358846309846E-27
 0.0000000000000000E+00  0.0000000000000000E+00
-0.2291488572840222E-03  0.3963488098487319E-27
 0.0000000000000000E+00  0.0000000000000000E+00
 0.4930690658646068E-03  0.4049905672571009E-26
-0.8425828365178138E-02 -0.2788064896291300E-02  0.1385622211795684E+00 -0.9675037834060690E-01 -0.1895684659826161E-25 -0.1000690340547594E-24 -0.3077492907668533E-24 -0.1325789948731500E-24
 0.3695877556210959E-01  0.6721384231407410E-01 -0.1537046265849435E+00 -0.7499917813304409E-01  0.2409872974097293E-25 -0.5236962963137121E-25  0.9833024266834955E-25 -0.1935802966568112E-24
 0.4754078444888474E-01  0.4241411540561438E-01 -0.1865468440698907E-01 -0.9582096387926459E-01  0.6128828173953909E-26 -0.1422355713070628E-25 -0.1178761578015431E-24 -0.3916132148740930E-25
-0.1059628896018189E+00 -0.3385602504738013E-01 -0.6472973578920119E-01  0.1549614291014259E+00  0.7317693515484401E-26  0.1033493955157528E-24  0.2740206625103692E-24  0.2773616666639554E-24
-0.1524575959752885E+00  0.1789390232553571E-01 -0.1539575586219012E+00  0.6335754941306622E-01  0.1887422823901663E-25 -0.1183315182423941E-24  0.3795560776028969E-24 -0.2452365858077047E-24
 0.1455242498245559E-07  0.3213574303987104E-06 -0.1328386442356008E-04  0.9494514266785380E-05  0.1886638700918651E-29  0.3679271142659532E-29 -0.1611087166499605E-28  0.2744041674818290E-28
-0.1021124437780762E-07 -0.2254954057589653E-06  0.9320696819559818E-05 -0.6661912133735866E-05 -0.1323773186375620E-29 -0.2581277189434622E-29  0.1130586062936710E-28 -0.1925446130539172E-28
-0.1671467683646035E+00  0.1527003726920031E-01 -0.1430588711750700E+00 -0.2336374160867812E+00  0.1197747613566284E-25 -0.2065493984916662E-24  0.9154551208233151E-25 -0.5064948820612395E-24
-0.5989561199958859E-01  0.4370710626753301E-01  0.1485934702863149E+00 -0.2534203391781257E+00 -0.2223652103294829E-25 -0.1648161727183948E-24 -0.6809696610071476E-24 -0.1121317487014510E-24
 0.4376514048258922E-08  0.1791539465719626E-06  0.6974090979809509E-06 -0.8762736831027398E-07  0.2498529398655140E-31  0.4891746080757843E-29 -0.1077699142188770E-28  0.1853064221067585E-28
-0.6154747838777204E-08 -0.2519424919801638E-06 -0.9804955078117545E-06  0.1230600217602675E-06 -0.3515550142138185E-31 -0.6878953389263148E-29  0.1515644773966398E-28 -0.2605903607278193E-28
-0.9921129416245476E-08 -0.4582608690992065E-07  0.1319672850735595E-04 -0.8927037979594505E-05 -0.1354718631265488E-29  0.1683552883028180E-28  0.2336771272597655E-28  0.2220769550485891E-28
 0.1409324557682315E-07  0.6515365516581454E-07 -0.1874320040064601E-04  0.1267912160401687E-04  0.1924060350331582E-29 -0.2391139663906788E-28 -0.3319162376783789E-28 -0.3154040318421134E-28
 0.3287877417748548E-01  0.1335391818518698E+00 -0.2902846262466998E+00 -0.3065657729289617E+00  0.3983027442371421E-25 -0.2547110191864419E-24  0.1150344826072417E-24 -0.7733828779317732E-24
 0.8672345885637926E-02 -0.3796205852796413E-01 -0.2440134707544430E-01  0.1419821782523626E+00 -0.2094011689672799E-26 -0.4761360948900738E-26  0.8952125358939720E-25 -0.3118951146057990E-25
 0.1160479809882605E-07  0.2011972081702466E-06 -0.8828259984919477E-05  0.6316619180042593E-05  0.9261617844103399E-30 -0.1042904822461391E-28 -0.3239565336782489E-28 -0.3151836510048070E-29
 0.1739745467284387E-07  0.3016267374013597E-06 -0.1323324535494643E-04  0.9468469585687492E-05  0.1388312961928478E-29 -0.1563446834612954E-28 -0.4856802803108006E-28 -0.4723184796541910E-29
-0.1323670481863807E-01  0.1039935339944890E+00 -0.2955080912059304E+00  0.5703182125939541E-02  0.5189147390452974E-25  0.5741986270035847E-25  0.2874216682842314E-24  0.1248219631488127E-24
 0.4497515451096224E-07  0.9795094991022650E-06  0.4467102806982660E-04 -0.2861305079782336E-04 -0.6505458855426540E-29 -0.3222780303453308E-28 -0.1882513592847935E-27  0.1873283025877537E-28
-0.3144530136104240E-07 -0.6848479283532889E-06 -0.3123443984955851E-04  0.2000668945180485E-04  0.4548679135404124E-29  0.2253386261432481E-28  0.1316267255627355E-27 -0.1309835956085757E-28
-0.2171531941805026E-01  0.8797755113753259E-02 -0.5055846285095354E+00  0.2456654025794868E+00  0.6251387601790451E-25 -0.7584869786792614E-25  0.6298666330776601E-24 -0.3285881952565135E-24
 0.5186485456649069E-01  0.2403375992484521E+00  0.4173479986355735E+00 -0.5386790381554829E+00 -0.3172045857984167E-25 -0.1696780807508301E-24 -0.6838729537252329E-24 -0.1874453119904995E-24
 0.9526881205267997E+00  0.7511184397749350E-01 -0.1699479112506008E-01  0.9839264620602085E-01  0.2497812085020125E-25  0.3309441419118519E-24 -0.3938530341832475E-24  0.2133919797879190E-24
-0.2007719569612070E-11 -0.5476212664602782E-10  0.1386229149483414E-09 -0.8960234306598484E-10 -0.2398725392060273E-34 -0.8969056292144022E-34  0.6195934465033029E-32 -0.4414943541905766E-32
-0.4004539376636328E-11 -0.1116729222155367E-09  0.2827132249647035E-09 -0.1827308686199414E-09 -0.4891782800210385E-34 -0.1828840458259227E-33  0.1263526368024782E-31 -0.9003378357726740E-32
-0.6039885929247672E-08 -0.1673023715702392E-06 -0.5522157241927518E-04  0.3695202680207763E-04  0.6966771532683830E-29  0.2521236477103506E-28  0.1217981754938697E-27 -0.5343625406023385E-29
 0.8642217479071189E-08  0.2393864003968596E-06  0.7900887360943867E-04 -0.5286934317924236E-04 -0.9967778974048633E-29 -0.3607270135687376E-28 -0.1742641021887351E-27  0.7645974273711500E-29
-0.7794829352381863E-01 -0.1598800249078309E+00  0.4302586624561028E+00  0.4554962093730298E+00 -0.7234871240441439E-25  0.1581100738131644E-25 -0.4318538909419943E-24  0.2362459919434505E-24
 0.1619141942879346E-07  0.1626949946321922E-06  0.6458262096109039E-04 -0.4309027447832835E-04 -0.1298832855077509E-28 -0.1597922132235484E-27 -0.3230989396720124E-27 -0.2331776212367714E-27
 0.1131956236633793E-07  0.1137346084560801E-06  0.4515356289207099E-04 -0.3012711037542421E-04 -0.9080906806675045E-29 -0.1117200935045418E-27 -0.2258975552750537E-27 -0.1630278996782182E-27
 0.2779254239691643E-01  0.8177786626979357E-02 -0.3094548429491653E+00 -0.2541188944841415E+00  0.6884349104077716E-25  0.5920820867862674E-24  0.9767877133077910E-24  0.1177185385621248E-23
-0.1065362860705973E+00  0.9332027248658766E+00  0.5687023311720430E-01  0.2873366163144790E+00  0.7247324319406046E-25  0.3344350174454964E-25 -0.2369842886823278E-24  0.3362953651140743E-24
-0.3884629158910451E-04  0.1215477197971434E-13
 0.5985566274642500E-04 -0.2753082439576893E-14
-0.9475628530511819E-04  0.1144719239051961E-14
 0.1550947770957380E-03 -0.6181582308651558E-15
-0.2607122483976144E-03  0.3815077939141714E-15
 0.4194737329869381E-03 -0.2580813096786235E-15
-0.1960977810810335E-02  0.1966035112558225E-15
-0.9585558261587557E-01 -0.1557262862173693E-15
-0.1004489100278473E+01  0.1590613637498962E-15
-0.1969958953834718E+01 -0.2337609905025399E-16
-0.6270688293991796E+00  0.9216823311714744E-16
-0.3041496092125673E-01 -0.9541549905305267E-16
-0.2114353761915911E-02  0.8273172145479596E-16
 0.8432861568203642E-03 -0.7778642477319932E-16
-0.4323109382715005E-03  0.7078342739709067E-16
 0.2435004965288589E-03 -0.6711644243692202E-16
-0.1490075957581458E-03  0.7045008765106252E-16
 0.9771435668203643E-04 -0.7609354273303613E-16
-0.6789225898201508E-04  0.7671844396869591E-16
 0.4954180186256619E-04 -0.8302671147998205E-16
-0.3771249194970621E-04  0.8667572336205575E-16
 0.2979311182637738E-04 -0.9306355874762708E-16
-0.2432980596452943E-04  0.1111851982250878E-15
 0.2047542901489257E-04 -0.1257621880763660E-15
-0.1766575799248520E-04  0.1485209725363669E-15
 0.1555147944799009E-04 -0.1757893859038678E-15
-0.1394899651906790E-04  0.2171961454696826E-15
 0.1273416235917700E-04 -0.2818594434841797E-15
-0.1182207351072055E-04  0.3692158820306245E-15
 0.1115454848325220E-04 -0.5079247630309693E-15
-0.1069233069674029E-04  0.7401553511712876E-15
 0.1041024562386132E-04 -0.1151577622574624E-14
-0.1029428766076589E-04  0.1973259670609977E-14
 0.1034003163968450E-04 -0.3845478176493829E-14
-0.1055195459632693E-04  0.9208793625820701E-14
 0.1094309536294859E-04 -0.3124750619666731E-13
-0.1153267855365174E-04  0.1964194847562211E-12
 0.1231661869769578E-04 -0.3013479669475551E-11
