 0.9886700395572876E+00 -0.6979065548930576E-04
 0.0000000000000000E+00  0.0000000000000000E+00
 0.1355777228497900E-01  0.6770334437531948E-04
 0.0000000000000000E+00  0.0000000000000000E+00
 0.2133120920838009E-01 -0.6316590957031117E-05
-0.1355777228497892E-01 -0.6770334437531831E-04
 0.0000000000000000E+00  0.0000000000000000E+00
-0.2133120920838003E-01  0.6316590957039352E-05
 0.0000000000000000E+00  0.0000000000000000E+00
-0.8106364895535732E-01  0.8084370897101432E-05
 0.0000000000000000E+00  0.0000000000000000E+00
-0.2921220028950548E-01  0.1207133190789282E-04
 0.2921220028950548E-01 -0.1207133190789454E-04
 0.0000000000000000E+00  0.0000000000000000E+00
-0.1080539547075568E+00  0.7352790853584777E-05
 0.0000000000000000E+00  0.0000000000000000E+00
 0.5229126002519618E-03 -0.3644243804156316E-05
 0.0000000000000000E+00  0.0000000000000000E+00
 0.1040161318256515E-02  0.4813724756895280E-05
 0.0000000000000000E+00  0.0000000000000000E+00
 0.0000000000000000E+00  0.0000000000000000E+00
 0.0000000000000000E+00  0.0000000000000000E+00
 0.0000000000000000E+00  0.0000000000000000E+00
 0.1427730708496286E-02 -0.2403738362314656E-06
 0.0000000000000000E+00  0.0000000000000000E+00
 0.3347181961760967E-02  0.7954380482294715E-06
 0.0000000000000000E+00  0.0000000000000000E+00
 0.1602577743363219E-02 -0.6152186184832077E-06
-0.3030308451859560E-02  0.8555924547143692E-06
 0.0000000000000000E+00  0.0000000000000000E+00
 0.1750219204837749E-02  0.4687572265375005E-06
 0.0000000000000000E+00  0.0000000000000000E+00
-0.1359236788332046E-03 -0.3959804271821618E-06
 0.0000000000000000E+00  0.0000000000000000E+00
 0.6514583168997133E-04  0.6867744866331449E-06
-0.5229126002524050E-03  0.3644243804156122E-05
 0.0000000000000000E+00  0.0000000000000000E+00
-0.1040161318256497E-02 -0.4813724756895074E-05
 0.0000000000000000E+00  0.0000000000000000E+00
-0.3347181961760922E-02 -0.7954380482293095E-06
 0.0000000000000000E+00  0.0000000000000000E+00
-0.3030308451859601E-02  0.8555924547143500E-06
 0.1602577743363220E-02 -0.6152186184829191E-06
 0.0000000000000000E+00  0.0000000000000000E+00
-0.1750219204837693E-02 -0.4687572265375834E-06
 0.0000000000000000E+00  0.0000000000000000E+00
 0.1427730708496274E-02 -0.2403738362311087E-06
 0.0000000000000000E+00  0.0000000000000000E+00
 0.0000000000000000E+00  0.0000000000000000E+00
 0.0000000000000000E+00  0.0000000000000000E+00
 0.0000000000000000E+00  0.0000000000000000E+00
 0.1359236788331780E-03  0.3959804271820959E-06
 0.0000000000000000E+00  0.0000000000000000E+00
-0.6514583169009752E-04 -0.6867744866331490E-06
 0.0000000000000000E+00  0.0000000000000000E+00
-0.4103258025754926E-02  0.9282008014705349E-06
 0.0000000000000000E+00  0.0000000000000000E+00
 0.3331239465558820E-03 -0.2415626544109287E-07
-0.3331239465558845E-03  0.2415626544115444E-07
 0.0000000000000000E+00  0.0000000000000000E+00
-0.1101585984586182E-03  0.2855100395630285E-06
 0.0000000000000000E+00  0.0000000000000000E+00
-0.3129848750670475E-03  0.9747635537091570E-07
 0.0000000000000000E+00  0.0000000000000000E+00
 0.2302796290025186E-03 -0.2490046236285244E-07
 0.3129848750670518E-03 -0.9747635537100290E-07
 0.0000000000000000E+00  0.0000000000000000E+00
-0.2302796290025064E-03  0.2490046236285075E-07
 0.0000000000000000E+00  0.0000000000000000E+00
 0.5159021778421317E-03 -0.1088658695269014E-06
-0.1052818076862660E-01  0.4117407571636734E-02
 0.0000000000000000E+00  0.0000000000000000E+00
-0.1871027105904411E-01  0.1335240052577224E-01
 0.0000000000000000E+00  0.0000000000000000E+00
 0.1826912502476532E-02 -0.1081878632011854E-02
 0.1871027105904392E-01 -0.1335240052577214E-01
 0.0000000000000000E+00  0.0000000000000000E+00
-0.1826912502476572E-02  0.1081878632011953E-02
 0.0000000000000000E+00  0.0000000000000000E+00
-0.8064927187389746E-03  0.8719630492686906E-03
 0.0000000000000000E+00  0.0000000000000000E+00
-0.2247156198405735E-02  0.1718014960219232E-02
 0.2247156198405707E-02 -0.1718014960219233E-02
 0.0000000000000000E+00  0.0000000000000000E+00
 0.1595678658608596E-02 -0.7415828238772395E-03
 0.0000000000000000E+00  0.0000000000000000E+00
 0.8549849222539744E-03 -0.6558836564561088E-03
 0.0000000000000000E+00  0.0000000000000000E+00
-0.1517225027493478E-02  0.1088434103691818E-02
 0.0000000000000000E+00  0.0000000000000000E+00
 0.0000000000000000E+00  0.0000000000000000E+00
 0.0000000000000000E+00  0.0000000000000000E+00
 0.0000000000000000E+00  0.0000000000000000E+00
-0.1443664951650195E-03  0.1003990221332144E-03
 0.0000000000000000E+00  0.0000000000000000E+00
-0.1602220908243749E-03  0.1069247064877996E-03
 0.0000000000000000E+00  0.0000000000000000E+00
 0.1282216013921072E-03 -0.9697616080417366E-04
 0.1614489377290518E-04 -0.3422861329039051E-05
 0.0000000000000000E+00  0.0000000000000000E+00
-0.5184672649678735E-04  0.3027039434492132E-04
 0.0000000000000000E+00  0.0000000000000000E+00
 0.1368999312282379E-03 -0.9791232079045492E-04
 0.0000000000000000E+00  0.0000000000000000E+00
-0.1712393607619684E-03  0.1253416020068594E-03
-0.8549849222539757E-03  0.6558836564561160E-03
 0.0000000000000000E+00  0.0000000000000000E+00
 0.1517225027493494E-02 -0.1088434103691826E-02
 0.0000000000000000E+00  0.0000000000000000E+00
 0.1602220908243882E-03 -0.1069247064877945E-03
 0.0000000000000000E+00  0.0000000000000000E+00
 0.1614489377290566E-04 -0.3422861329039562E-05
 0.1282216013921060E-03 -0.9697616080417363E-04
 0.0000000000000000E+00  0.0000000000000000E+00
 0.5184672649678765E-04 -0.3027039434492200E-04
 0.0000000000000000E+00  0.0000000000000000E+00
-0.1443664951650152E-03  0.1003990221332117E-03
 0.0000000000000000E+00  0.0000000000000000E+00
 0.0000000000000000E+00  0.0000000000000000E+00
 0.0000000000000000E+00  0.0000000000000000E+00
 0.0000000000000000E+00  0.0000000000000000E+00
-0.1368999312282293E-03  0.9791232079045603E-04
 0.0000000000000000E+00  0.0000000000000000E+00
 0.1712393607619708E-03 -0.1253416020068603E-03
 0.0000000000000000E+00  0.0000000000000000E+00
 0.5410578308917967E-05  0.7528048229609760E-05
 0.0000000000000000E+00  0.0000000000000000E+00
-0.3718052861672694E-04  0.2624854071649186E-04
 0.3718052861671239E-04 -0.2624854071648690E-04
 0.0000000000000000E+00  0.0000000000000000E+00
 0.1620057692824924E-05 -0.9179594754172363E-06
 0.0000000000000000E+00  0.0000000000000000E+00
-0.9687672741305397E-05  0.6679594253119405E-05
 0.0000000000000000E+00  0.0000000000000000E+00
 0.7279898166389989E-06 -0.1464188358141566E-05
 0.9687672741302624E-05 -0.6679594253119250E-05
 0.0000000000000000E+00  0.0000000000000000E+00
-0.7279898166373715E-06  0.1464188358140059E-05
 0.0000000000000000E+00  0.0000000000000000E+00
-0.1201360823493506E-04  0.6895708580040014E-05
-0.8345937366320260E-02 -0.2740223616575448E-02  0.1305296734181584E+00 -0.9200526724930537E-01 -0.3148548489303784E-07  0.2269050975261780E-06 -0.5864610177036103E-04  0.1982799744222166E-04
 0.3690139838575086E-01  0.6722773809472804E-01 -0.1566810813507997E+00 -0.7433501819393593E-01  0.5265229978013901E-07 -0.3395518431252417E-07  0.1349815568286389E-03 -0.8109819291707954E-04
 0.4754212776703082E-01  0.4245946225667848E-01 -0.1827796062589792E-01 -0.9611528002856218E-01 -0.1742014077076533E-08 -0.2543532570907982E-06  0.2645839898227798E-04 -0.3738161445332348E-05
-0.1059762463189930E+00 -0.3395197507688843E-01 -0.6603263817364713E-01  0.1560839754155373E+00 -0.1289884275193725E-06 -0.8593840435270875E-06 -0.4007219145545173E-04 -0.8202506107896056E-05
-0.1524752506420199E+00  0.1779878256369620E-01 -0.1651332516218833E+00  0.6899031255790668E-01 -0.1718765765892755E-06  0.7166309659691366E-06  0.8049182147644759E-04 -0.9211926477048199E-04
-0.1619411010184735E-14 -0.2650267588195056E-15 -0.1424319925122797E-14  0.1060562719869393E-14 -0.1093746256042451E-20  0.9878029019881242E-20  0.1497497389316717E-19 -0.7105920726433817E-18
-0.3467436395827795E-15  0.5088652902356556E-15 -0.3688569222538907E-16  0.4380779009333889E-15  0.5778542779961300E-21 -0.1348162527934776E-20  0.2403824618478772E-18  0.1875732239771271E-18
-0.1672898188152467E+00  0.1522570731094301E-01 -0.1428174608229049E+00 -0.2356550228200923E+00  0.1795321136469805E-06  0.3420551122659768E-05  0.9823729004247516E-04 -0.7179540116377906E-04
-0.5993350800758212E-01  0.4366182122073728E-01  0.1484204212620099E+00 -0.2538178937027668E+00 -0.6157330741026351E-07 -0.2345780913486405E-05  0.4258784717074687E-05 -0.1219973439870910E-04
 0.5590933397968763E-15 -0.3342591087170282E-15 -0.4099617833707982E-15  0.3257096886883376E-15 -0.5740983529541017E-21 -0.1740511564499182E-20 -0.1393149194349221E-18 -0.7394099242371846E-20
 0.4341379010646710E-15 -0.1114421022929161E-15  0.9364774131147882E-15  0.9523589116445536E-16 -0.6073030374498071E-21  0.4848835261967250E-21 -0.3469363909339150E-19 -0.7527994843509055E-20
 0.6695346827692727E-15 -0.4965428762809078E-15 -0.2021321695820112E-14  0.5248473942681848E-15 -0.1293479717963583E-20 -0.2321049411352496E-19  0.3216999181964139E-18  0.2423670881151757E-20
 0.1045279638204600E-14  0.1402506141098225E-14 -0.1903439870403560E-14 -0.4372028449967493E-15  0.3596573483659990E-21  0.2776717202553078E-20  0.1363255606540376E-17 -0.9950753248655734E-18
 0.3300952718944258E-01  0.1332871409263895E+00 -0.3056893090987162E+00 -0.2977369451035248E+00 -0.2944701557669637E-07  0.1366774152704934E-07 -0.3663243040735608E-05 -0.9728617389228995E-05
 0.8685900853432901E-02 -0.3799438661341197E-01 -0.2494818910539036E-01  0.1424498938324997E+00 -0.1678886757362902E-07 -0.1384518241999794E-06 -0.8135376700376815E-06  0.5851449504366463E-05
 0.4291509283970591E-15  0.3903187416383204E-16  0.8605543099393594E-15 -0.4528565756603319E-15  0.5334736487185143E-21  0.1508763555781249E-19 -0.1261455225568419E-18 -0.1676778127009000E-18
 0.3441663434995470E-15 -0.1111253583972668E-15  0.1317148693233200E-14  0.2087858470985660E-16  0.4136194292913653E-21  0.1071845942603624E-19  0.2503688140673555E-18  0.4195320046450845E-18
-0.1327148168492660E-01  0.1040751682101159E+00 -0.2911596604329542E+00  0.2812619846813082E-02  0.1229798233031253E-07 -0.3490180246382949E-06 -0.5273644730658350E-04  0.2010742519695523E-04
-0.3395000236285194E-15  0.7847700161600787E-15  0.1520757159318431E-14  0.2478074483361640E-14  0.2296573430663440E-20  0.2092249272075929E-19  0.1244487898842622E-17 -0.6196404944871095E-18
 0.1250522679150882E-14 -0.3695017105613592E-15  0.1402234285662782E-14 -0.2691810273510607E-14 -0.8198552932652109E-21 -0.3313324795261582E-19 -0.6214492822628965E-18 -0.7154749543207417E-18
-0.2169572569303447E-01  0.8792861937519899E-02 -0.5084945551248985E+00  0.2469394776137720E+00 -0.2247126944483876E-07 -0.1259040786524995E-06  0.3045893643641339E-04 -0.6623014192253546E-05
 0.5186584009924426E-01  0.2403369944444241E+00  0.4156799120770239E+00 -0.5379384638634065E+00 -0.9767120710395233E-07  0.3794616029272904E-06  0.3297459341441375E-04 -0.2440749851945641E-04
 0.9526539282795051E+00  0.7508054173199182E-01 -0.1878762681722018E-01  0.9894169743661654E-01 -0.4827863789306426E-08  0.5365843973294724E-06  0.2342038917799360E-04 -0.2818266643460536E-04
-0.5771359129660271E-14  0.1088387414164050E-15 -0.3028724503855752E-15  0.2623173170467862E-15 -0.2151759326633824E-21 -0.2474265497360887E-19  0.7000729350007839E-19 -0.1757256072166039E-18
 0.7803731368437996E-13  0.3844851929761161E-14  0.1517396761180671E-13 -0.3167765521327762E-15 -0.3767831538938263E-20  0.6455072297270014E-19 -0.1328702608422763E-17 -0.8356879743915601E-17
 0.6591446225984673E-16  0.2734917803493592E-15  0.3933421618895571E-14 -0.3312528920265665E-14 -0.1927782446492297E-21 -0.7507912261010429E-21 -0.5778166454142335E-18 -0.7014945876271032E-18
 0.1093196002116184E-13 -0.5729325085835607E-15  0.2033171689247319E-14 -0.7332171043702308E-15  0.2629468725827820E-21  0.1764151402990703E-19  0.7599087065450180E-18 -0.1181294634459310E-17
-0.7795210653283614E-01 -0.1598299385964164E+00  0.4251995753193731E+00  0.4577279952317429E+00  0.3226212516982462E-07  0.5664575399703368E-06  0.7830560309436406E-04 -0.5588087117289917E-04
-0.1250915524578540E-14 -0.1291628466563545E-14  0.1086168772676986E-14 -0.1745089131440671E-14  0.1320895907424064E-20  0.2485752834963714E-19 -0.3648764166639053E-18  0.2364284746173089E-18
 0.2341077789258276E-16  0.3553370872247939E-15 -0.3237774249508565E-14  0.2949143574559638E-14 -0.3877660506212292E-21 -0.3166413941779060E-19  0.8615086943640579E-18 -0.1949919372637740E-18
 0.2778319460232058E-01  0.8525266627187522E-02 -0.2987463553776307E+00 -0.2587857859949885E+00  0.8267857274946215E-08 -0.9504135181263034E-06 -0.2038577103457081E-04  0.2318514592218033E-04
-0.1065405216865266E+00  0.9332347871164361E+00  0.5855172343236127E-01  0.2865553184334798E+00  0.2772475379905315E-07  0.2046735359488191E-07 -0.6610955979625912E-05  0.7505532098487809E-05
-0.3698084287371388E-04  0.2267826243133044E-03  0.4864317280232087E-05 -0.1452330282372636E-03
 0.5697769055849679E-04 -0.4230226814123343E-03 -0.7297130430505478E-05  0.2175378340547246E-03
-0.9009251473765727E-04  0.7756258743479367E-03  0.1134091648059890E-04 -0.2992565975352349E-03
 0.1468104709266665E-03 -0.1371455765087482E-02 -0.1883875063530239E-04  0.3559018632699276E-03
-0.2441625958791647E-03  0.2258521938057351E-02  0.3499426813841524E-04 -0.3777799160447312E-03
 0.3837342380435111E-03 -0.3272753152243431E-02 -0.7709348567271814E-04  0.6974146310794931E-03
-0.1722106740817076E-02  0.4804149256372492E-02 -0.4577327795913815E-03  0.6899736932923619E-02
-0.9486033773324778E-01  0.2116297582550344E+00 -0.1473422136411289E-01  0.3171859244058506E+00
-0.1002983379539836E+01  0.1352666488355510E+01 -0.2275867913352848E-01  0.1117320866014196E+01
-0.1967863607428809E+01 -0.3320347025203254E+00  0.2679022108313630E-01 -0.3634795228524504E+00
-0.6333523641944696E+00 -0.1149557694559203E+01 -0.4469050022723126E-01 -0.6986609829358972E+00
-0.3012667968608288E-01 -0.9923295488995058E-01 -0.1052761757006889E-01 -0.8638874615865968E-01
-0.2274416707841790E-02 -0.1145583377820869E-01  0.1774722820173198E-03  0.2227844853829710E-02
 0.9424727315058247E-03  0.5326126442362445E-02 -0.1644588382939774E-03 -0.3016515273040787E-02
-0.4828958451485341E-03 -0.2713201431316504E-02  0.8753621786549116E-04  0.2210246179191367E-02
 0.2698017223248283E-03  0.1392175919092921E-02 -0.5256998009278432E-04 -0.1545719459457894E-02
-0.1631679829224051E-03 -0.7377226592344061E-03  0.3380150383646103E-04  0.1068097829038841E-02
 0.1056879980960482E-03  0.4088603583562945E-03 -0.2287062632936962E-04 -0.7469683793314606E-03
-0.7260610059063020E-04 -0.2382689346123064E-03  0.1617524224958517E-04  0.5353666846658141E-03
 0.5246847960831317E-04  0.1462426381433640E-03 -0.1191036529061864E-04 -0.3953583905097075E-03
-0.3961895972928659E-04 -0.9456471856515808E-04  0.9100796081583564E-05  0.3012916628996994E-03
 0.3109479631248922E-04  0.6444248916861882E-04 -0.7195277426417339E-05 -0.2368673184134444E-03
-0.2526104732623771E-04 -0.4632089750346633E-04  0.5871100987362970E-05  0.1919012590799565E-03
 0.2117400677042790E-04  0.3516947477512589E-04 -0.4933547999203189E-05 -0.1600129150534362E-03
-0.1820751063403036E-04 -0.2782925193270973E-04  0.4248623363075137E-05  0.1366651763680909E-03
 0.1597846899456961E-04  0.2259277994437502E-04 -0.3731874724032682E-05 -0.1189717900066094E-03
-0.1429024132717000E-04 -0.1879979593428630E-04  0.3339162114143773E-05  0.1054411127335526E-03
 0.1300999740821240E-04  0.1602460441683684E-04 -0.3040493309654035E-05 -0.9504681778860011E-04
-0.1204694971852544E-04 -0.1398923751974242E-04  0.2815265558990004E-05  0.8707498605279355E-04
 0.1133882623460796E-04  0.1251069428698940E-04 -0.2649300394088383E-05 -0.8102513906101203E-04
-0.1084343860393447E-04 -0.1146948156029227E-04  0.2532987541377602E-05  0.7654653333390363E-04
 0.1053342660164716E-04  0.1079113512300045E-04 -0.2460128655602116E-05 -0.7339677893299739E-04
-0.1039306275367294E-04 -0.1043625549988540E-04  0.2427243584120374E-05  0.7141476457826778E-04
 0.1041645475754420E-04  0.1039717416464855E-04 -0.2433199957955727E-05 -0.7050272749758786E-04
-0.1060669554437174E-04 -0.1070186474364587E-04  0.2479072116207686E-05  0.7061360920416614E-04
 0.1097538283375301E-04  0.1143086840121931E-04 -0.2568092586363041E-05 -0.7173938279244858E-04
-0.1154028947415369E-04 -0.1277638615926012E-04  0.2705065456652055E-05  0.7389099447985919E-04
 0.1229830187789120E-04  0.1543919597960847E-04 -0.2888051264989455E-05 -0.7701657261525667E-04
