 0.9886321913087039E+00 -0.7063202168100624E-04
 0.0000000000000000E+00  0.0000000000000000E+00
 0.2324890529369415E-01  0.6308816218891973E-04
 0.0000000000000000E+00  0.0000000000000000E+00
 0.1124641236595265E-01 -0.4645628542942718E-04
-0.2324890529369405E-01 -0.6308816218892343E-04
 0.0000000000000000E+00  0.0000000000000000E+00
-0.1124641236595202E-01  0.4645628542942616E-04
 0.0000000000000000E+00  0.0000000000000000E+00
-0.1148051075874859E+00  0.2096616820958666E-04
 0.0000000000000000E+00  0.0000000000000000E+00
-0.2509528664196201E-01  0.5107250535737054E-05
 0.2509528664196213E-01 -0.5107250535735937E-05
 0.0000000000000000E+00  0.0000000000000000E+00
-0.7444434865465374E-01 -0.4223826583512261E-05
 0.0000000000000000E+00  0.0000000000000000E+00
 0.1046199810934398E-02 -0.6021713219003085E-06
 0.0000000000000000E+00  0.0000000000000000E+00
 0.6487608326529153E-03  0.6973327995066192E-05
 0.0000000000000000E+00  0.0000000000000000E+00
 0.0000000000000000E+00  0.0000000000000000E+00
 0.0000000000000000E+00  0.0000000000000000E+00
 0.0000000000000000E+00  0.0000000000000000E+00
 0.1418121637422330E-02 -0.1107142127173149E-06
 0.0000000000000000E+00  0.0000000000000000E+00
 0.4970127015501558E-02  0.5745727784852095E-07
 0.0000000000000000E+00  0.0000000000000000E+00
-0.3892155095262893E-03 -0.4724783363905466E-06
-0.1028906127896023E-02  0.5831925491078796E-06
 0.0000000000000000E+00  0.0000000000000000E+00
 0.1233573846221696E-03  0.1255542958522619E-05
 0.0000000000000000E+00  0.0000000000000000E+00
-0.1524780610059309E-03 -0.8029145011833759E-06
 0.0000000000000000E+00  0.0000000000000000E+00
-0.2070578948966869E-04  0.4176242439126483E-06
-0.1046199810934721E-02  0.6021713219001995E-06
 0.0000000000000000E+00  0.0000000000000000E+00
-0.6487608326529661E-03 -0.6973327995066140E-05
 0.0000000000000000E+00  0.0000000000000000E+00
-0.4970127015501556E-02 -0.5745727784853715E-07
 0.0000000000000000E+00  0.0000000000000000E+00
-0.1028906127896013E-02  0.5831925491078987E-06
-0.3892155095262842E-03 -0.4724783363906128E-06
 0.0000000000000000E+00  0.0000000000000000E+00
-0.1233573846221726E-03 -0.1255542958522650E-05
 0.0000000000000000E+00  0.0000000000000000E+00
 0.1418121637422292E-02 -0.1107142127173361E-06
 0.0000000000000000E+00  0.0000000000000000E+00
 0.0000000000000000E+00  0.0000000000000000E+00
 0.0000000000000000E+00  0.0000000000000000E+00
 0.0000000000000000E+00  0.0000000000000000E+00
 0.1524780610059787E-03  0.8029145011834364E-06
 0.0000000000000000E+00  0.0000000000000000E+00
 0.2070578948955619E-04 -0.4176242439126307E-06
 0.0000000000000000E+00  0.0000000000000000E+00
-0.2695695183037928E-02  0.7491779406715825E-06
 0.0000000000000000E+00  0.0000000000000000E+00
 0.1922169750582813E-02 -0.2873440272465244E-06
-0.1922169750582794E-02  0.2873440272465028E-06
 0.0000000000000000E+00  0.0000000000000000E+00
-0.1494023162963934E-02  0.4407720500742174E-06
 0.0000000000000000E+00  0.0000000000000000E+00
-0.3865700960043288E-03  0.9791443432880618E-07
 0.0000000000000000E+00  0.0000000000000000E+00
 0.3099568110979965E-04  0.2768358029389119E-07
 0.3865700960043361E-03 -0.9791443432878126E-07
 0.0000000000000000E+00  0.0000000000000000E+00
-0.3099568110980041E-04 -0.2768358029387436E-07
 0.0000000000000000E+00  0.0000000000000000E+00
 0.5126115931319002E-03 -0.1006440650054892E-06
-0.1391858173920913E-01  0.3988910101125564E-02
 0.0000000000000000E+00  0.0000000000000000E+00
-0.1542541670743938E-01  0.8794847297318643E-02
 0.0000000000000000E+00  0.0000000000000000E+00
 0.1154203989194442E-01 -0.6341469651319038E-02
 0.1542541670743954E-01 -0.8794847297318647E-02
 0.0000000000000000E+00  0.0000000000000000E+00
-0.1154203989194450E-01  0.6341469651319162E-02
 0.0000000000000000E+00  0.0000000000000000E+00
-0.1875192735638553E-02  0.1537702772877883E-02
 0.0000000000000000E+00  0.0000000000000000E+00
 0.1774674764049089E-03  0.7499600234576126E-05
-0.1774674764049424E-03 -0.7499600234575587E-05
 0.0000000000000000E+00  0.0000000000000000E+00
 0.3212792586294152E-02 -0.1511260002874972E-02
 0.0000000000000000E+00  0.0000000000000000E+00
-0.7543353573118318E-04  0.8167699748105146E-05
 0.0000000000000000E+00  0.0000000000000000E+00
-0.1760688202729403E-02  0.1019442489030508E-02
 0.0000000000000000E+00  0.0000000000000000E+00
 0.0000000000000000E+00  0.0000000000000000E+00
 0.0000000000000000E+00  0.0000000000000000E+00
 0.0000000000000000E+00  0.0000000000000000E+00
-0.1560370175795733E-03  0.8466048331142180E-04
 0.0000000000000000E+00  0.0000000000000000E+00
-0.9663821694546020E-04  0.3865447774420693E-04
 0.0000000000000000E+00  0.0000000000000000E+00
 0.1533728364777532E-03 -0.8764973924481539E-04
 0.2664181101821945E-05  0.2989255933393360E-05
 0.0000000000000000E+00  0.0000000000000000E+00
-0.1371483601932117E-03  0.7644804854808445E-04
 0.0000000000000000E+00  0.0000000000000000E+00
 0.2079757293843478E-03 -0.1188711540304352E-03
 0.0000000000000000E+00  0.0000000000000000E+00
-0.7461596359585753E-04  0.4449757332913427E-04
 0.7543353573119467E-04 -0.8167699748109687E-05
 0.0000000000000000E+00  0.0000000000000000E+00
 0.1760688202729394E-02 -0.1019442489030511E-02
 0.0000000000000000E+00  0.0000000000000000E+00
 0.9663821694544927E-04 -0.3865447774420443E-04
 0.0000000000000000E+00  0.0000000000000000E+00
 0.2664181101814495E-05  0.2989255933392879E-05
 0.1533728364777612E-03 -0.8764973924481274E-04
 0.0000000000000000E+00  0.0000000000000000E+00
 0.1371483601932146E-03 -0.7644804854808539E-04
 0.0000000000000000E+00  0.0000000000000000E+00
-0.1560370175795799E-03  0.8466048331141924E-04
 0.0000000000000000E+00  0.0000000000000000E+00
 0.0000000000000000E+00  0.0000000000000000E+00
 0.0000000000000000E+00  0.0000000000000000E+00
 0.0000000000000000E+00  0.0000000000000000E+00
-0.2079757293843500E-03  0.1188711540304347E-03
 0.0000000000000000E+00  0.0000000000000000E+00
 0.7461596359585638E-04 -0.4449757332913460E-04
 0.0000000000000000E+00  0.0000000000000000E+00
-0.2081317474425661E-04  0.2112913187132234E-04
 0.0000000000000000E+00  0.0000000000000000E+00
-0.2469232198599348E-04  0.7842129246798397E-05
 0.2469232198599771E-04 -0.7842129246800835E-05
 0.0000000000000000E+00  0.0000000000000000E+00
 0.4054500036648984E-04 -0.1853202119159726E-04
 0.0000000000000000E+00  0.0000000000000000E+00
-0.7264060710449603E-05  0.4636926351703422E-05
 0.0000000000000000E+00  0.0000000000000000E+00
-0.4520949517429789E-05  0.1662724900695761E-05
 0.7264060710450723E-05 -0.4636926351702609E-05
 0.0000000000000000E+00  0.0000000000000000E+00
 0.4520949517430113E-05 -0.1662724900695214E-05
 0.0000000000000000E+00  0.0000000000000000E+00
-0.1372857863090549E-04  0.5827364200440877E-05
-0.8426881672622146E-02 -0.2812292457949739E-02  0.6285425939689764E-01 -0.1477543508677544E+00 -0.3033501640078198E-07  0.2231878868880200E-06 -0.3812922871785024E-04  0.4594672326160653E-04
 0.3699900259119424E-01  0.6745154273635341E-01 -0.1722413749763980E+00  0.1893537700131353E-01  0.5318049276050486E-07 -0.4009262562913073E-07  0.6957975099969236E-04 -0.1349639907600817E-03
 0.4756783134903315E-01  0.4251791091048379E-01 -0.6616852009656383E-01 -0.7206047962995585E-01 -0.2579669039668614E-08 -0.2517871897567882E-06  0.1984898709053800E-04 -0.1659761826964231E-04
-0.1060079331329556E+00 -0.3396491020981905E-01  0.2603978961761980E-01  0.1672338304261282E+00 -0.1194949099205780E-06 -0.8063636047562038E-06 -0.3713464178639586E-04  0.1369462264797766E-04
-0.1524846145827929E+00  0.1797948228121234E-01 -0.1036741850008424E+00  0.1441491028275622E+00 -0.1557213847036424E-06  0.7017983029549797E-06  0.1894986965824687E-04 -0.1158149299466672E-03
-0.1619119946790893E-14 -0.2630964797979100E-15 -0.6514669790829828E-15  0.1642668627308877E-14 -0.9517045060886013E-21  0.9826306256884472E-20 -0.3498867812635863E-18 -0.5875972003300599E-18
-0.3467375931699687E-15  0.5089449787049439E-15  0.1789288911074379E-15  0.4381684205390212E-15  0.5408839965109842E-21 -0.1604386097471959E-20  0.3024704990319793E-18  0.3435326047884630E-19
-0.1670890330114811E+00  0.1548242178066273E-01 -0.2453329907845482E+00 -0.1251904623591805E+00  0.1733222495408515E-06  0.3277684243015044E-05  0.4369991733371084E-04 -0.1074632027592882E-03
-0.5985861374964986E-01  0.4363539773171814E-01 -0.7308053062712093E-02 -0.2937299537926028E+00 -0.5970579596648582E-07 -0.2238795462213333E-05 -0.2590406409351185E-05 -0.1182536010374246E-04
 0.5590338205379323E-15 -0.3344329943866367E-15 -0.1786632357346366E-15  0.4921434006810395E-15 -0.5572060800730542E-21 -0.1627841219498643E-20 -0.1174601006869388E-18  0.6692386983594091E-19
 0.4340960213713443E-15 -0.1124182457594571E-15  0.8461896096345434E-15 -0.4108080657904658E-15 -0.5872263671099794E-21  0.5120169343361527E-21 -0.3431200100915761E-19  0.1696804399673315E-19
 0.6689176916207954E-15 -0.4944754019774530E-15 -0.1469164338685584E-14  0.1565133594614583E-14 -0.1268167854926528E-20 -0.2283452132745067E-19  0.2855645493799120E-18 -0.1625353837216876E-18
 0.1042921995558686E-14  0.1406333407613159E-14 -0.1844786751403404E-14  0.6186094512820394E-15  0.3800002012857228E-21  0.2620306199838784E-20  0.6224884296174654E-18 -0.1526139662973171E-17
 0.3284383814135295E-01  0.1337688106052943E+00 -0.4156461836740270E+00 -0.9449276764230290E-01 -0.2599972760727058E-07  0.3648822919584207E-07 -0.7782739229431689E-05 -0.7385019036713775E-05
 0.8648244212081517E-02 -0.3801712114056939E-01  0.5367214555850945E-01  0.1342075569414209E+00 -0.1552019928225581E-07 -0.1278802765285137E-06  0.2451436731648376E-05  0.4866401887761168E-05
 0.4290699464100717E-15  0.3787604427053049E-16  0.5135825255089838E-15 -0.8837349725636446E-15  0.5348584422245984E-21  0.1495487759630867E-19 -0.2024005439454446E-18 -0.7556214869709072E-19
 0.3442993036070948E-15 -0.1127022626833512E-15  0.1123688423634826E-14 -0.6622749808174316E-15  0.3483521888218721E-21  0.1000833365381987E-19  0.4181644441759378E-18  0.2248764191201373E-18
-0.1323023063885435E-01  0.1042969331842926E+00 -0.2465139656912995E+00  0.1560558909920556E+00  0.1334307315872591E-07 -0.3273077908699715E-06 -0.3300584181797846E-04  0.4378229154500868E-04
-0.3397840626097151E-15  0.7837879958994685E-15  0.2611665435132907E-14  0.1285661609304678E-14  0.2200563667494140E-20  0.1989385035965474E-19  0.7039562369237276E-18 -0.1143461758585239E-17
 0.1250617697443473E-14 -0.3652082137789604E-15 -0.1554146041491895E-15 -0.3150512414538791E-14 -0.7229990612900756E-21 -0.3148181343561449E-19 -0.8919971005581939E-18 -0.2830832655527239E-18
-0.2175936572191716E-01  0.9182266915253466E-02 -0.3028647317538695E+00  0.4770475925978340E+00 -0.1757257695070769E-07 -0.1182027367796118E-06  0.2194349864730085E-04 -0.2138787483630475E-04
 0.5193738570148794E-01  0.2401696280962057E+00  0.7124576891675284E-01 -0.6764617430476061E+00 -0.9525064201887681E-07  0.3603609378731404E-06  0.1419505811279245E-04 -0.3555303127945829E-04
 0.9526725553403370E+00  0.7512177625217213E-01  0.3621497574715599E-01  0.9400376106465932E-01 -0.2494344791615534E-08  0.5187867060149686E-06  0.4756163183741895E-05 -0.3460293359666594E-04
-0.5770999868434870E-14  0.1097386486455674E-15 -0.1199297770115114E-15  0.3829726608149961E-15 -0.2005775709438693E-21 -0.2359610973645550E-19 -0.3069955477136504E-19 -0.1818996667552373E-18
 0.7803837209315877E-13  0.3853117013842950E-14  0.1282613191450733E-13 -0.8326381114378794E-14 -0.3007857201738862E-20  0.6315160877397492E-19 -0.5350207083837657E-17 -0.6140188142679097E-17
 0.6604406088506567E-16  0.2740452494583409E-15  0.1712116060308376E-14 -0.5102975191599282E-14 -0.1491821822543492E-21 -0.3701216948723985E-21 -0.8645917709389381E-18 -0.2950202761015130E-18
 0.1093125660776446E-13 -0.5722301615097383E-15  0.1374092244702995E-14 -0.1737817112442537E-14  0.3066626506941700E-21  0.1680126097791403E-19  0.1877726182878523E-19 -0.1357212646758645E-17
-0.7797913698346162E-01 -0.1603533845631065E+00  0.6022792210681369E+00  0.1654537261847939E+00  0.3163949235535103E-07  0.5365159353921956E-06  0.3557938467103287E-04 -0.8499965477295297E-04
-0.1250535376754384E-14 -0.1290324175954198E-14  0.2684462353925198E-16 -0.2086910792660486E-14  0.1264379057832439E-20  0.2418810940566262E-19 -0.1810671022708475E-18  0.3730316187378384E-18
 0.2326764043256414E-16  0.3555837747584414E-15 -0.1285083103105081E-14  0.4377805873623852E-14 -0.3897903686833665E-21 -0.3146150790816529E-19  0.6249507413629836E-18 -0.5927512153773543E-18
 0.2783504594349659E-01  0.8784904896810077E-02 -0.3905963289019166E+00 -0.6207834349727473E-01  0.6351656010627929E-08 -0.9451031746181500E-06 -0.4986467304174355E-05  0.2956246764698386E-04
-0.1066127599217341E+00  0.9330580383280922E+00  0.2012560717446238E+00  0.2130423073975527E+00  0.2615500995771227E-07  0.1602501356051685E-07 -0.1566555581913611E-05  0.9370107100764821E-05
-0.3782879735715251E-04  0.2433620644896867E-03  0.4320643679660456E-05 -0.1000893112957237E-03
 0.5862891060910554E-04 -0.4409309801049746E-03 -0.6631219214233448E-05  0.1457561695286170E-03
-0.9377085714951283E-04  0.7896488756255265E-03  0.1067092047027206E-04 -0.1957246027647016E-03
 0.1561799954649013E-03 -0.1389314447773471E-02 -0.1848703830514655E-04  0.2275505315856061E-03
-0.2706446120004552E-03  0.2347718422039220E-02  0.3555973253135760E-04 -0.2327902205972707E-03
 0.4658858426077010E-03 -0.3602801447700064E-02 -0.7888297308902706E-04  0.4641637903247878E-03
-0.1409223585006983E-02  0.5395259279764393E-02 -0.2145667394113568E-03  0.4089716644814165E-02
-0.7579370459752000E-01  0.2087727312624077E+00 -0.1239910379518485E-01  0.2617436816120457E+00
-0.9517906275138597E+00  0.1488104397858432E+01 -0.2359853495066722E-01  0.1002361242689697E+01
-0.2003146145153881E+01 -0.3595324866354662E+00  0.2465396751758555E-01 -0.3256776383946572E+00
-0.6041485691085076E+00 -0.1192938876290042E+01 -0.4407576644966379E-01 -0.5411418155012587E+00
-0.2206139255439206E-01 -0.8194731449030584E-01 -0.8791399449894030E-02 -0.5949824939849956E-01
-0.2408666451669664E-02 -0.1140461041360893E-01  0.2887728885703779E-03  0.4067513052977004E-02
 0.1021652231443741E-02  0.5247399913389228E-02 -0.1768174434599506E-03 -0.3468142718519660E-02
-0.5120014695487398E-03 -0.2601600315750636E-02  0.9426668588800960E-04  0.2373456497401422E-02
 0.2827266518975167E-03  0.1328422423352091E-02 -0.5629672880998828E-04 -0.1601357761197675E-02
-0.1698830730480040E-03 -0.7099176028238615E-03  0.3604329826907636E-04  0.1090593753985630E-02
 0.1096264552178832E-03  0.3994392656091600E-03 -0.2434351950221241E-04 -0.7604794123771677E-03
-0.7513935399580800E-04 -0.2369682798747979E-03  0.1721540690120936E-04  0.5465705698991653E-03
 0.5422046438502575E-04  0.1481692820369759E-03 -0.1268637710224881E-04 -0.4057767017482906E-03
-0.4090499225928169E-04 -0.9757893730437477E-04  0.9704962713392514E-05  0.3111463939305367E-03
 0.3208802029235414E-04  0.6766717700472440E-04 -0.7682426101019522E-05 -0.2461436979599464E-03
-0.2606315356300213E-04 -0.4943166485735735E-04  0.6276018599395066E-05  0.2005938013812850E-03
 0.2184824363404817E-04  0.3807668640381116E-04 -0.5279500613474676E-05 -0.1681575333863778E-03
-0.1879265346470649E-04 -0.3051786543064466E-04  0.4551032191341090E-05  0.1443447100342482E-03
 0.1649892383190278E-04  0.2506422451281023E-04 -0.4001190662353048E-05 -0.1262861708603650E-03
-0.1476379472938917E-04 -0.2107226328208665E-04  0.3583252583496427E-05  0.1124816296115250E-03
 0.1345022709497130E-04  0.1812282387164875E-04 -0.3265461107433174E-05 -0.1018996932428446E-03
-0.1246475170119434E-04 -0.1593937329647798E-04  0.3026003598850754E-05  0.9382411174669462E-04
 0.1174346450940807E-04  0.1433808333016860E-04 -0.2849882434141410E-05 -0.8775501894889923E-04
-0.1124333612567664E-04 -0.1319779899073990E-04  0.2726958691253908E-05  0.8334575625642559E-04
 0.1093684008175700E-04  0.1244224621668204E-04 -0.2650738099387641E-05 -0.8036234413298009E-04
-0.1080875499871884E-04 -0.1203035231707765E-04  0.2617651059537372E-05  0.7865773636557200E-04
 0.1085448377650549E-04  0.1195292316449594E-04 -0.2626684211079185E-05 -0.7815596071721051E-04
-0.1107948638736369E-04 -0.1223621015133236E-04  0.2679274165365430E-05  0.7884267948895028E-04
 0.1149937782840728E-04  0.1295752119333280E-04 -0.2779346427146294E-05 -0.8075823331635047E-04
-0.1213889093363268E-04 -0.1429856130910830E-04  0.2932949841045708E-05  0.8398235870341786E-04
 0.1300985548722559E-04  0.1689347337073221E-04 -0.3141107480008441E-05 -0.8852640620947355E-04
