 0.9898124084951603E+00 -0.3770879591921177E-05
 0.0000000000000000E+00  0.0000000000000000E+00
 0.3324141043281779E-01  0.1019671834295343E-04
-0.3324141043281718E-01 -0.1019671834295085E-04
 0.0000000000000000E+00  0.0000000000000000E+00
-0.1332285261485755E+00  0.3002463196876302E-05
 0.0000000000000000E+00  0.0000000000000000E+00
 0.1606100025325017E-02  0.1478439583672269E-06
 0.0000000000000000E+00  0.0000000000000000E+00
 0.4560605969308400E-02 -0.5802387761603380E-06
-0.1606100025325133E-02 -0.1478439583671318E-06
 0.0000000000000000E+00  0.0000000000000000E+00
-0.4560605969308335E-02  0.5802387761603057E-06
 0.0000000000000000E+00  0.0000000000000000E+00
-0.1027436158061008E-02  0.1142773633254864E-05
-0.3987025591840788E-02  0.7810588591381091E-03
 0.0000000000000000E+00  0.0000000000000000E+00
-0.1032032350047517E-01  0.3631897449301348E-02
 0.1032032350047530E-01 -0.3631897449301333E-02
 0.0000000000000000E+00  0.0000000000000000E+00
-0.2269310196030102E-02  0.8471520807146261E-03
 0.0000000000000000E+00  0.0000000000000000E+00
-0.9547186399634208E-03  0.2854748169105107E-03
 0.0000000000000000E+00  0.0000000000000000E+00
 0.1185121531169217E-04 -0.4039778635642187E-05
 0.9547186399634155E-03 -0.2854748169105096E-03
 0.0000000000000000E+00  0.0000000000000000E+00
-0.1185121531169674E-04  0.4039778635642998E-05
 0.0000000000000000E+00  0.0000000000000000E+00
-0.4189764778936101E-04  0.1374205342809796E-04
-0.8530528342007619E-02 -0.2337057354567334E-02  0.4962774620225913E-04  0.8873949713536526E-08 -0.5422542939635074E-06  0.7815321864499043E-05
 0.3709071779435507E-01  0.6829442772345334E-01 -0.1464855829581822E+00  0.9067833627967255E-07  0.9398274061487743E-06 -0.8779837725448308E-05
 0.4753649880941509E-01  0.4195777826413524E-01 -0.8982748769037800E-01 -0.2150280744531960E-07 -0.6038058983269149E-06  0.2537613379748785E-04
-0.1059844774106079E+00 -0.3436327609086767E-01  0.8890091215928442E-01  0.2759532045132533E-07 -0.1328142464595349E-06 -0.6892013494870299E-04
-0.1523438972151877E+00  0.2142408123276785E-01 -0.2926332307921994E-01  0.1786663348663668E-06  0.1895422876511592E-05 -0.9055175707325151E-04
-0.1619029493813723E-14 -0.2496827348164258E-15  0.6869195123183041E-16  0.2023359412704267E-20  0.2279758049946157E-19 -0.1130603271860986E-17
-0.3476420606521497E-15  0.4889253434343463E-15  0.2951806250365671E-15 -0.3113118287179399E-21  0.2522514313551238E-21  0.2770832854115955E-18
-0.1669322164766829E+00  0.1543357304433016E-01 -0.2699001108889986E+00  0.1119552254059196E-06  0.3413303257865689E-05  0.9992808176979986E-05
-0.5979866082091037E-01  0.4324474489504578E-01 -0.1286147518361582E+00 -0.9960472426946896E-07 -0.1333474943724021E-05  0.4344511266650854E-04
 0.5595263996654246E-15 -0.3201092939812046E-15  0.6464277460188529E-16  0.1968643724810306E-21 -0.1096714153699850E-20 -0.2471311125061445E-18
 0.4339184586489279E-15 -0.1075805204276559E-15  0.6230791743166719E-15 -0.2390413730645275E-21 -0.1097177433294518E-20  0.1053446828835287E-18
 0.6671788085085577E-15 -0.4952054627904128E-15 -0.7229067608419445E-15 -0.9483883596082639E-22 -0.1357813913804678E-19 -0.3421267051150196E-18
 0.1038014847685462E-14  0.1417120485774371E-14 -0.1409837009690810E-14  0.2092748578462698E-20  0.2270983213228597E-19 -0.4197747388588863E-18
 0.3293625465600113E-01  0.1374561736898705E+00 -0.4046590237620101E+00  0.1168049575113096E-06  0.1722866274330583E-05 -0.2589605314039515E-04
 0.8709786796686171E-02 -0.3653813827433668E-01  0.1053186044753845E+00  0.5181082201986576E-07  0.9183683157484253E-06 -0.1759483808633090E-04
 0.4307147796352072E-15  0.5598077976967016E-16  0.1656350663695030E-15  0.3937368871434840E-21  0.1144825230790828E-19  0.5464538466139489E-19
 0.3415939118606566E-15 -0.1268425858186805E-15  0.7294051436309198E-15 -0.4999512829259993E-21  0.1475413244148070E-20  0.7653975548430590E-18
-0.1327450415057941E-01  0.1031860691197174E+00 -0.1681547838989277E+00  0.7209435276260956E-07  0.8841408221482800E-07 -0.8340385294509011E-04
-0.3380116287202614E-15  0.7591811414769909E-15  0.2873309774722335E-14  0.1981897554762758E-20  0.3386082497487573E-19  0.1237542987172729E-18
 0.1246199700479206E-14 -0.4330782013688052E-15 -0.1451140664876253E-14 -0.1409973287879291E-20 -0.4265412325231004E-19 -0.4961033296366475E-18
-0.2164504855851928E-01  0.1238013867993088E-01 -0.7843722429546215E-01  0.2671706396737740E-06  0.3375500870594397E-05 -0.1173371309156869E-03
 0.5192707567794508E-01  0.2410639296709760E+00 -0.2078616309199445E+00 -0.2267468401999971E-06 -0.2893306823524860E-05  0.1220018034666355E-03
 0.9527270554368070E+00  0.7567515582426766E-01  0.7238140330099690E-01  0.6348145892820755E-07  0.1068198239926823E-05 -0.2818927608617521E-04
-0.5765227390248542E-14  0.1218568192120904E-15 -0.3001619625932702E-16  0.2956897324031227E-21  0.5706114989764316E-20 -0.3879299990128254E-19
 0.7804431968069653E-13  0.3914101594178846E-14  0.8218405598250715E-14 -0.7821240151043027E-21 -0.1744439355327220E-18 -0.6912761552237086E-17
 0.6494279269499517E-16  0.2530098142930362E-15 -0.4579397006978005E-15 -0.1606312183486029E-21 -0.1580442038785657E-20 -0.3773317971173625E-19
 0.1092621773776866E-13 -0.5840301115707987E-15  0.5550989842299416E-15 -0.3938744541254168E-21 -0.2688342662063211E-19 -0.4157545877579859E-18
-0.7799652021862807E-01 -0.1599026530101422E+00  0.6186988889662303E+00  0.7980802126826392E-08  0.4893453726308378E-07  0.1430459183378678E-04
-0.1246297240609113E-14 -0.1295948706464614E-14 -0.8435927616605073E-15  0.2198875446032655E-20  0.3908332662046915E-19  0.3264703791430037E-18
 0.2358020144424959E-16  0.3365391051997087E-15  0.4921852744338942E-15 -0.7881794697314832E-21 -0.2811188976046085E-19 -0.2448648464430626E-18
 0.2751988953194087E-01  0.1095067018962150E-02 -0.4006488578413253E+00 -0.9665923831439086E-07 -0.2437668236708003E-05 -0.1318139986244442E-04
-0.1066617557316238E+00  0.9324072887012912E+00  0.2670256366317066E+00  0.2216802222701077E-07  0.3113372605567854E-06 -0.1600130307022154E-04
-0.4143729564924382E-04  0.2863984653203483E-03  0.3621351957959670E-06 -0.6154462205797361E-04
 0.6456696710885284E-04 -0.4871941171374816E-03 -0.5342925143523955E-06  0.8704019440618631E-04
-0.1038745134185557E-03  0.8239973224046116E-03  0.8258906673591637E-06 -0.1206747519894450E-03
 0.1743152723915766E-03 -0.1393161016783422E-02 -0.1379060155225347E-05  0.1615617915961757E-03
-0.3059191792966261E-03  0.2322091821525837E-02  0.2565978127650048E-05 -0.2168232759712535E-03
 0.5429518643754892E-03 -0.3535191055833070E-02 -0.5543252255360707E-05  0.4263453001583094E-03
-0.1637926518116882E-02  0.9091341644362785E-02 -0.7500432245953390E-04  0.3142100516137654E-02
-0.7291889492407407E-01  0.3123427506773352E+00 -0.2004211710183417E-02  0.1933701233236523E+00
-0.9376875427123372E+00  0.1730043288226264E+01 -0.2491548163466116E-02  0.6999890262905221E+00
-0.2011664321133438E+01 -0.4718250232449122E+00  0.2861497406851660E-02 -0.3077152210434220E+00
-0.6009645050189568E+00 -0.1159289920612068E+01 -0.5466837405671554E-02 -0.8621587678695393E-01
-0.2212503952585341E-01 -0.7808637974184984E-01 -0.1012974688693138E-02  0.9275640875909250E-02
-0.2231254383238672E-02 -0.4299479870604994E-02  0.7584861113187454E-04  0.7330579997650236E-02
 0.9265935767759218E-03  0.7266193316469647E-03 -0.3739295091022637E-04 -0.4132391962281210E-02
-0.4637642855989644E-03  0.1652309261624093E-03  0.1864138601723710E-04  0.2387196217243909E-02
 0.2576160991448908E-03 -0.3655541207026222E-03 -0.1026729060829092E-04 -0.1410772609994507E-02
-0.1562875273928023E-03  0.3578997876844651E-03  0.6131337174344427E-05  0.8718688428651484E-03
 0.1019244820550612E-03 -0.3011602632007597E-03 -0.3924187673785908E-05 -0.5667480286835263E-03
-0.7056962553863026E-04  0.2423254561435407E-03  0.2667516146435404E-05  0.3872984541932280E-03
 0.5138509026788581E-04 -0.1929436702789177E-03 -0.1911586564960839E-05 -0.2774530667574617E-03
-0.3906951758397134E-04  0.1540158766672328E-03  0.1435359427277028E-05  0.2076510838680505E-03
 0.3085115400907863E-04 -0.1238424700550396E-03 -0.1123730573907273E-05 -0.1618245453482455E-03
-0.2519701692515613E-04  0.1003865140900602E-03  0.9136625076362080E-06  0.1309357409967934E-03
 0.2121851353402947E-04 -0.8189346700317110E-04 -0.7691118526208975E-06 -0.1097326029147933E-03
-0.1832450953324249E-04  0.6752014077168603E-04  0.6654695901186737E-06  0.9457536851204175E-04
 0.1614998857076572E-04 -0.5655557292361593E-04 -0.5878137329294597E-06 -0.8323897230987857E-04
-0.1450510371867100E-04  0.4803246170978098E-04  0.5292905922106893E-06  0.7470649102294622E-04
 0.1326179537467396E-04 -0.4128929501561383E-04 -0.4852871022995745E-06 -0.6829237927845542E-04
-0.1233275359581112E-04  0.3586078652116233E-04  0.4526677330884312E-06  0.6353029131751309E-04
 0.1165844862491215E-04 -0.3141017090086733E-04 -0.4293040598358213E-06 -0.6010282833070109E-04
-0.1119910279994827E-04  0.2768531108340416E-04  0.4137840947601959E-06  0.5779784599748386E-04
 0.1092976304607783E-04 -0.2448866720389571E-04 -0.4052341868688455E-06 -0.5648140386417235E-04
-0.1083742577762822E-04  0.2165490402496464E-04  0.4032149951586629E-06  0.5608155600581102E-04
 0.1091962148775367E-04 -0.1903148078035238E-04 -0.4076691788548766E-06 -0.5657955108864546E-04
-0.1118410115418304E-04  0.1645719824774076E-04  0.4189056514169089E-06  0.5800615490578028E-04
 0.1164919282938247E-04 -0.1372915586605294E-04 -0.4375979368327158E-06 -0.6044039661140446E-04
-0.1234284679865203E-04  0.1052315949344244E-04  0.4646952741251449E-06  0.6400172527315115E-04
 0.1327743985234438E-04 -0.5940221190375245E-05 -0.5001319875722190E-06 -0.6875305641406958E-04
