 0.1000000000207738E+01 -0.6974809785503741E-18
-0.8568247758318407E-02 -0.5637860790993211E-02  0.9219014821787279E-33 -0.1024332927239428E-32
 0.3677042977296154E-01  0.6269095188749686E-01 -0.7276760549076232E-33 -0.1460836734391595E-32
 0.4740334870003526E-01  0.3909713593943211E-01 -0.1998136926220961E-32 -0.1155369150512880E-32
-0.1057298089813586E+00 -0.2647924717163538E-01  0.2625027036341873E-32  0.1459566231822968E-32
-0.1525252692865386E+00  0.1939791098807195E-01  0.3291833028174923E-32  0.8387458749934608E-33
-0.1617504500816846E-14 -0.2497884629623576E-15  0.2396273113913115E-46  0.1164061303312288E-46
-0.3466225776110214E-15  0.4893661672497713E-15 -0.4699448938027372E-48 -0.4629009306735182E-47
-0.1675970639339716E+00  0.1504042370320089E-02  0.2288767222671604E-32 -0.3434498372298113E-33
-0.6009733447293351E-01  0.3982594953610611E-01 -0.2744786500812235E-32 -0.2683015267014458E-32
 0.5592214695354273E-15 -0.3104127576347326E-15  0.3276621371387220E-47  0.3641177981843856E-47
 0.4344724547157261E-15 -0.1054313052757578E-15  0.3372981240035832E-47 -0.1581782513679109E-47
 0.6689185436044295E-15 -0.4722914870720661E-15  0.9141711689238022E-47  0.8475553606486889E-48
 0.1038737774942006E-14  0.1309210271010821E-14  0.3429792006364853E-46 -0.1465686357711187E-46
 0.3178208865808918E-01  0.1186239833168673E+00  0.1914768437869557E-32 -0.1252898829778598E-32
 0.8724676705366358E-02 -0.3587844616043789E-01 -0.5615177486952225E-34  0.6394244768953568E-33
 0.4276155064409051E-15  0.2281678027673218E-16 -0.1372440464382645E-47  0.1550859071012887E-47
 0.3455427828418419E-15 -0.1321889190813589E-15  0.4539077318880315E-47 -0.3355921595790611E-47
-0.1321266254177648E-01  0.1055533769299117E+00  0.6019368557114731E-33 -0.4905270067351197E-34
-0.3423835839358781E-15  0.7747028814043327E-15 -0.4893304977499439E-47  0.5600433403024105E-47
 0.1251368204514262E-14 -0.3566139740510908E-15  0.7307260694829413E-47 -0.2367155657700147E-47
-0.2212040444293741E-01  0.4237071181496021E-02  0.5152086583562927E-33  0.1163162723280565E-32
 0.5192468384855490E-01  0.2410294055245809E+00 -0.5415570335311955E-33 -0.3012754365306133E-32
 0.9527158192021925E+00  0.7477718721222042E-01  0.1050521456123029E-32  0.7146883463054897E-33
-0.5776921593164940E-14  0.9928631170905678E-16 -0.2470659501822739E-46 -0.1986091191249986E-47
 0.7804882332854273E-13  0.3914342798858323E-14  0.9345903482106652E-46  0.4909090488412499E-46
 0.6562030565947967E-16  0.2895573891925594E-15  0.1286294166285781E-47 -0.1628007394203508E-47
 0.1093099760190562E-13 -0.5535048801585187E-15  0.3381453541727494E-46  0.8235133883845104E-48
-0.7728712818414826E-01 -0.1532295545935649E+00 -0.7639182697619326E-33  0.1706086435709767E-32
-0.1260786731398654E-14 -0.1346827875848693E-14 -0.2282195974907579E-46 -0.1929363945096775E-46
 0.2518355902376004E-16  0.3835954067169267E-15  0.4133637584527364E-47  0.6947128951689084E-48
 0.2824566524145863E-01  0.2178110217696986E-01  0.1604020171089252E-32 -0.3004618921144558E-33
-0.1062986208869763E+00  0.9368483227389852E+00 -0.1607269874472661E-33  0.1484371750226478E-32
-0.4113837739157459E-04 -0.7781703683972510E-16
 0.6392779417720615E-04  0.1567198151226813E-16
-0.1023944575459666E-03 -0.6222509365080601E-17
 0.1706249828687772E-03  0.5406896742470031E-17
-0.2957689971831767E-03  0.1239392856219271E-17
 0.5106585539297926E-03 -0.1423016063316043E-17
-0.1568553328012380E-02 -0.5153496146954847E-17
-0.7765074213374190E-01  0.1873451385395366E-17
-0.9665487771172580E+00  0.3671072350955819E-16
-0.2004242865027068E+01  0.6706401483931399E-16
-0.5791614082340940E+00 -0.6913910985509323E-18
-0.2005816463664370E-01 -0.5315734429704752E-17
-0.2227720207236850E-02  0.2687958349502002E-17
 0.9271823462344074E-03 -0.1016707605205435E-17
-0.4636761976566545E-03  0.3148410385098989E-18
 0.2577387801768398E-03  0.1022942067876870E-17
-0.1564802396128252E-03 -0.1798557738156849E-17
 0.1020993914582470E-03 -0.1578432595585095E-17
-0.7070157674649976E-04 -0.7180754309618728E-18
 0.5147353439559199E-04  0.1623805834845485E-17
-0.3912059500502076E-04  0.6877799955256217E-19
 0.3087134139722596E-04  0.2298016200756570E-17
-0.2519128045760826E-04  0.5335813224664972E-18
 0.2118996227522688E-04 -0.1503539450039493E-17
-0.1827693989701907E-04 -0.3612063074165891E-18
 0.1608754062968443E-04  0.5188324660060304E-17
-0.1443013361944750E-04 -0.1801253622659126E-17
 0.1317544125081883E-04 -0.8523123604705354E-19
-0.1223524598843253E-04 -0.8323053110036451E-19
 0.1154926449256257E-04 -0.9703269076541718E-18
-0.1107700954707175E-04 -0.4898581724766905E-17
 0.1079277035875141E-04  0.1209374006240006E-17
-0.1068264214999860E-04 -0.5260126360174895E-17
 0.1074299138270707E-04  0.3122310984681207E-16
-0.1097997045108716E-04 -0.7787495172994681E-16
 0.1140960347911763E-04  0.3840356280773013E-15
-0.1205637425883242E-04 -0.1380522030423321E-14
 0.1292725017105317E-04  0.2252847859748360E-13
