 0.9898161563632669E+00 -0.3937819533305610E-05
 0.0000000000000000E+00  0.0000000000000000E+00
 0.3320199283914647E-01  0.1026368699098063E-04
-0.3320199283914647E-01 -0.1026368699097905E-04
 0.0000000000000000E+00  0.0000000000000000E+00
-0.1332113017248570E+00  0.3067807900488846E-05
 0.0000000000000000E+00  0.0000000000000000E+00
 0.1600472750558711E-02  0.1523574293094507E-06
 0.0000000000000000E+00  0.0000000000000000E+00
 0.4562603961357056E-02 -0.5899137165629264E-06
-0.1600472750558624E-02 -0.1523574293093211E-06
 0.0000000000000000E+00  0.0000000000000000E+00
-0.4562603961357071E-02  0.5899137165629294E-06
 0.0000000000000000E+00  0.0000000000000000E+00
-0.1028351517890718E-02  0.1159996769288974E-05
-0.3840367353809993E-02  0.8045763034669198E-03
 0.0000000000000000E+00  0.0000000000000000E+00
-0.1032448508823450E-01  0.3840319518964083E-02
 0.1032448508823463E-01 -0.3840319518964051E-02
 0.0000000000000000E+00  0.0000000000000000E+00
-0.2290975797651074E-02  0.9003795030274134E-03
 0.0000000000000000E+00  0.0000000000000000E+00
-0.9580886266484593E-03  0.3051549986918614E-03
 0.0000000000000000E+00  0.0000000000000000E+00
 0.1237328417619112E-04 -0.4438183776146290E-05
 0.9580886266484618E-03 -0.3051549986918620E-03
 0.0000000000000000E+00  0.0000000000000000E+00
-0.1237328417619278E-04  0.4438183776145661E-05
 0.0000000000000000E+00  0.0000000000000000E+00
-0.4218989952158601E-04  0.1467011690341795E-04
-0.8517952708809923E-02 -0.2328611883425005E-02  0.1308977587043714E-03  0.9111868339228932E-08 -0.5498519395936013E-06  0.7919629265097203E-05
 0.3707632902234579E-01  0.6826798473521017E-01 -0.1465130221641805E+00  0.9190852692132205E-07  0.9526427951790157E-06 -0.8904294975132742E-05
 0.4753298871238532E-01  0.4195103888056640E-01 -0.8980789031025124E-01 -0.2164019343206024E-07 -0.6116609727541466E-06  0.2573739378945717E-04
-0.1059802467799557E+00 -0.3435846081390580E-01  0.8885264271920573E-01  0.2754483776101610E-07 -0.1360230348132158E-06 -0.6990248960275598E-04
-0.1523426059122402E+00  0.2140606692749120E-01 -0.2929470839327182E-01  0.1806672599492804E-06  0.1920036910468198E-05 -0.9185359390137882E-04
-0.1619072345899704E-14 -0.2498663443970188E-15  0.6834894981842349E-16  0.2045704319331718E-20  0.2309755285661627E-19 -0.1146879077873711E-17
-0.3476407462149784E-15  0.4890140210398450E-15  0.2953278543347802E-15 -0.3141533787135903E-21  0.2623744786945366E-21  0.2810443761457303E-18
-0.1669614734372530E+00  0.1540068792181679E-01 -0.2699220785335728E+00  0.1135183905033320E-06  0.3460903957050429E-05  0.1013299888589060E-04
-0.5980864535206981E-01  0.4325419294183423E-01 -0.1285220038818102E+00 -0.1007934547965255E-06 -0.1351907637817038E-05  0.4406736616637103E-04
 0.5595313602735088E-15 -0.3201669618493191E-15  0.6447762571051781E-16  0.1982356037687043E-21 -0.1118053109507502E-20 -0.2506379374770522E-18
 0.4339216763062389E-15 -0.1074895403313104E-15  0.6232910544215595E-15 -0.2417596707563289E-21 -0.1110323413414359E-20  0.1069153687527169E-18
 0.6672744070854271E-15 -0.4954279358313201E-15 -0.7232605880754839E-15 -0.9811492334706468E-22 -0.1377402417434818E-19 -0.3470878183964394E-18
 0.1038372289164478E-14  0.1416629066329002E-14 -0.1410024822765428E-14  0.2120894400649476E-20  0.2302708739605928E-19 -0.4260454360238410E-18
 0.3296322006075655E-01  0.1374042096329982E+00 -0.4046765605029345E+00  0.1182738670735424E-06  0.1746355852586452E-05 -0.2632337549180654E-04
 0.8714936837414021E-02 -0.3653611860018331E-01  0.1052943022729796E+00  0.5243912457855291E-07  0.9304363738178501E-06 -0.1784825469895967E-04
 0.4307229768357500E-15  0.5602440658017846E-16  0.1657852969050089E-15  0.3997183175549072E-21  0.1160922262926368E-19  0.5540417774864676E-19
 0.3415723183682740E-15 -0.1266556048765411E-15  0.7299898714541787E-15 -0.5025076564636194E-21  0.1515315697515934E-20  0.7764494302428737E-18
-0.1328064434299598E-01  0.1031677635665999E+00 -0.1682072719895139E+00  0.7266345800978907E-07  0.8868668950670692E-07 -0.8458620564927092E-04
-0.3379797742306266E-15  0.7592094912227797E-15  0.2872774614047696E-14  0.2011481124040944E-20  0.3434225166731843E-19  0.1258033189056253E-18
 0.1246211356622988E-14 -0.4334218279338243E-15 -0.1451792522350458E-14 -0.1433204480318529E-20 -0.4325761340421846E-19 -0.5031985361302186E-18
-0.2163614138966261E-01  0.1233768732753565E-01 -0.7854920107885362E-01  0.2702817899621762E-06  0.3419662065521301E-05 -0.1190280350010961E-03
 0.5191834592518001E-01  0.2410883208991050E+00 -0.2076998998984391E+00 -0.2292161258842578E-06 -0.2929864812137615E-05  0.1237412903998405E-03
 0.9527237306219599E+00  0.7566850212620924E-01  0.7234574719234969E-01  0.6419892460625010E-07  0.1082255160737840E-05 -0.2858521607606950E-04
-0.5765273969888818E-14  0.1217234399064268E-15 -0.3037277109223126E-16  0.2994206012809816E-21  0.5776944104896733E-20 -0.3945759297954214E-19
 0.7804416272893374E-13  0.3912737184245586E-14  0.8216076697717942E-14 -0.8343238480584986E-21 -0.1770488683475389E-18 -0.7010504495169011E-17
 0.6494277413901764E-16  0.2529545500428772E-15 -0.4580827848798130E-15 -0.1630928027088858E-21 -0.1599279574265857E-20 -0.3829495972066157E-19
 0.1092631669221490E-13 -0.5841511408984701E-15  0.5545945661084699E-15 -0.4018246763086574E-21 -0.2726244432229096E-19 -0.4214310899237435E-18
-0.7799485671763014E-01 -0.1598519276424206E+00  0.6187519755375378E+00  0.8246847169831031E-08  0.4956024727769332E-07  0.1454650546010804E-04
-0.1246339330238542E-14 -0.1296066348829317E-14 -0.8437462440170743E-15  0.2231453689948895E-20  0.3962433680995669E-19  0.3310410188654558E-18
 0.2357570852649654E-16  0.3363614561022306E-15  0.4917371520854181E-15 -0.8002971863947886E-21 -0.2849310027848104E-19 -0.2481744387571091E-18
 0.2751308266531804E-01  0.1070437727269826E-02 -0.4006936763864673E+00 -0.9805636803289491E-07 -0.2469103446047061E-05 -0.1336933354142353E-04
-0.1066531963028828E+00  0.9324235325943272E+00  0.2669144836774853E+00  0.2243071945053898E-07  0.3153895510226080E-06 -0.1623276961392616E-04
 0.4112316735564072E-04 -0.2821608393685795E-03 -0.3901318321207329E-06  0.6641200460418799E-04
-0.6400583878621419E-04  0.4802308261843366E-03  0.5742833584154151E-06 -0.9460614997802431E-04
 0.1028018203397201E-03 -0.8124780535901683E-03 -0.8844604463781554E-06  0.1322349001381153E-03
-0.1720620943860323E-03  0.1372987646590164E-02  0.1468643561013583E-05 -0.1788371794577783E-03
 0.3005831066982155E-03 -0.2282633358444332E-02 -0.2713246872904072E-05  0.2424382609146881E-03
-0.5282135547596253E-03  0.3447974022695717E-02  0.5854036112028395E-05 -0.4710435449376064E-03
 0.1664400502495793E-02 -0.9173097780233603E-02  0.8316117398708376E-04 -0.3485109317833874E-02
 0.7557584427194014E-01 -0.3144651550770658E+00  0.2133886042714027E-02 -0.2031937246903670E+00
 0.9454053720903184E+00 -0.1709635560366693E+01  0.2598483621961025E-02 -0.7266126382527218E+00
 0.2006387948484729E+01  0.4646647182834007E+00 -0.3049922705137220E-02  0.3161331205560674E+00
 0.6061107600677155E+00  0.1168905724503724E+01  0.5790915718218138E-02  0.1130919361637531E+00
 0.2333283158595647E-01  0.8257815977570031E-01  0.1094712180619332E-02 -0.7592342740329385E-02
 0.2214733006327913E-02  0.4608899442064332E-02 -0.7499772230665942E-04 -0.7281452739443289E-02
-0.9166556822450309E-03 -0.8529077227378818E-03  0.3775581372826564E-04  0.4145812910007091E-02
 0.4601047828593319E-03 -0.1003536117377451E-03 -0.1881801884350837E-04 -0.2409084901399636E-02
-0.2559640681893430E-03  0.3320259723385458E-03  0.1036417374579962E-04  0.1426950189050009E-02
 0.1554186099124094E-03 -0.3393608689445697E-03 -0.6188175003698834E-05 -0.8821951042813586E-03
-0.1014108343548006E-03  0.2900343562715123E-03  0.3959657747636374E-05  0.5731534227578479E-03
 0.7023687969128283E-04 -0.2351124872123610E-03 -0.2691005611645502E-05 -0.3913194244299276E-03
-0.5115303467869673E-04  0.1879495619277917E-03  0.1928024016730783E-05  0.2800522893188283E-03
 0.3889751032559383E-04 -0.1503679982808518E-03 -0.1447448835509287E-05 -0.2093973764349166E-03
-0.3071690564901360E-04  0.1210616620272282E-03  0.1133024063649077E-05  0.1630521665219090E-03
 0.2508745393718674E-04 -0.9819369214445403E-04 -0.9210916853078132E-06 -0.1318443444391809E-03
-0.2112549850600359E-04  0.8011758663732722E-04  0.7752602940804784E-06  0.1104449724368575E-03
 0.1824301548759721E-04 -0.6604960792890872E-04 -0.6706979715678116E-06 -0.9515878574169237E-04
-0.1607681916564587E-04  0.5531260586113544E-04  0.5923517325054467E-06  0.8372844449553848E-04
 0.1443791966927374E-04 -0.4696203719844406E-04 -0.5333026947975570E-06 -0.7512634247428702E-04
-0.1319879910682836E-04  0.4035151149710779E-04  0.4888942442479303E-06  0.6865980177817541E-04
 0.1227248873731774E-04 -0.3502599795137483E-04 -0.4559609756068837E-06 -0.6385762677096486E-04
-0.1159966173319952E-04  0.3065582175472306E-04  0.4323534522580413E-06  0.6039901142423506E-04
 0.1114063836224127E-04 -0.2699382098510433E-04 -0.4166445022104833E-06 -0.5806930242877101E-04
-0.1087047277539453E-04  0.2384597592396651E-04  0.4079490864113394E-06  0.5673257119905564E-04
 0.1077607695852575E-04 -0.2104943790454824E-04 -0.4058187652766939E-06 -0.5631510585743417E-04
-0.1085478827665933E-04  0.1845338753957083E-04  0.4101880326313452E-06  0.5679631941488166E-04
 0.1111401646099541E-04 -0.1589774223146864E-04 -0.4213569044350761E-06 -0.5820470739332490E-04
-0.1157152157917473E-04  0.1318016675503696E-04  0.4399862694468872E-06  0.6061603695685900E-04
 0.1225428984002629E-04 -0.9976268956085509E-05 -0.4669998622892960E-06 -0.6414452882314844E-04
-0.1317272415867852E-04  0.5383770590060588E-05  0.5022076881479116E-06  0.6884295939981040E-04
