 0.9898324434264637E+00 -0.1106999486562423E-14
 0.0000000000000000E+00  0.0000000000000000E+00
 0.3378096921067231E-01  0.1115322806266252E-13
-0.3378096921067218E-01 -0.1115322806266213E-13
 0.0000000000000000E+00  0.0000000000000000E+00
-0.1338002225602320E+00 -0.2568016385392148E-14
 0.0000000000000000E+00  0.0000000000000000E+00
 0.1616221261991370E-02  0.8492165511732993E-15
 0.0000000000000000E+00  0.0000000000000000E+00
 0.4516448362026255E-02  0.1249929352153503E-15
-0.1616221261991912E-02 -0.8492165511732895E-15
 0.0000000000000000E+00  0.0000000000000000E+00
-0.4516448362026282E-02 -0.1249929352153664E-15
 0.0000000000000000E+00  0.0000000000000000E+00
-0.9516689068952072E-03  0.2435261911862059E-16
-0.8555661880085627E-02 -0.2378711672021858E-02 -0.3126794651220901E-02  0.3798848051368020E-17  0.4271232023867583E-15  0.1063120479374399E-14
 0.3710901540583797E-01  0.6826757110030857E-01 -0.1437217005040377E+00  0.1159491045523963E-15  0.8878200512085175E-15  0.2111286272498905E-14
 0.4753883030884352E-01  0.4196853704385377E-01 -0.9056440409034257E-01  0.6596596802078438E-16  0.4828937904869903E-15  0.9795617121392505E-15
-0.1059921192466874E+00 -0.3454404132148625E-01  0.9153203826066093E-01 -0.1115461017968596E-15 -0.1591910174590603E-14 -0.3405723208440678E-14
-0.1523515428706333E+00  0.2118834334116411E-01 -0.2487546509556793E-01  0.2908663086247000E-18 -0.1171883389272553E-15  0.3692954039477246E-15
-0.1619093955534107E-14 -0.2520379952302379E-15  0.1163645556816298E-15 -0.4497778214946348E-30 -0.3554095010900123E-29 -0.1927094931699989E-29
-0.3476251136070066E-15  0.4891145037977162E-15  0.2831761856847169E-15 -0.1193177078386312E-30  0.4080346139001827E-31 -0.2291541581453065E-30
-0.1668690313300265E+00  0.1577515385055238E-01 -0.2683224308972678E+00  0.1623052306332840E-15  0.2343597065500168E-14  0.6147182612488783E-14
-0.5978420447907466E-01  0.4302460478978079E-01 -0.1342111772355073E+00  0.3127618623871113E-16  0.1174559198656351E-15  0.5597621455446053E-15
 0.5594988555718357E-15 -0.3204421040349314E-15  0.7694443864243475E-16  0.1536499583448749E-31 -0.4117417884976502E-30 -0.4102440848911953E-29
 0.4339335510557909E-15 -0.1076614277961868E-15  0.6085481577100947E-15 -0.7969581868430135E-31  0.1699026599736157E-29  0.3790690151329714E-30
 0.6668528861233049E-15 -0.4962391126927977E-15 -0.7013794981405371E-15  0.1105093339615060E-30 -0.2527997000366017E-29 -0.1357643098799526E-28
 0.1037030434424339E-14  0.1415914066719425E-14 -0.1378795158541745E-14  0.2334857533781758E-29  0.1234617885013294E-28  0.3780658855465009E-28
 0.3288131426419054E-01  0.1375875585075745E+00 -0.4020244522370119E+00  0.3591949155910625E-15  0.3201260898491160E-14  0.7381355541901877E-14
 0.8699081381186340E-02 -0.3658689975779082E-01  0.1071746866274965E+00 -0.3460623844530598E-16  0.5079230679109301E-16  0.1944191654590009E-15
 0.4307695973323437E-15  0.5656210622531069E-16  0.1622553014415405E-15  0.2560423321123989E-30  0.5468250060297431E-29  0.1475721282885860E-28
 0.3415190515789667E-15 -0.1265118527050113E-15  0.6952171158947123E-15  0.1536649009537343E-30  0.2724440748927801E-29  0.5294148058596544E-29
-0.1328217905093667E-01  0.1028059828023356E+00 -0.1637206861857879E+00  0.4182196688863362E-16 -0.1137633575235701E-14 -0.2172596469315309E-14
-0.3379819529052053E-15  0.7581776046822750E-15  0.2884454172451326E-14 -0.9216788108444687E-30 -0.6185247594666355E-29 -0.1546773584305909E-29
 0.1246064928413203E-14 -0.4321511932598629E-15 -0.1459290189628373E-14  0.1316373335612727E-30 -0.1246136269390700E-28 -0.3732294587486713E-28
-0.2168270579975557E-01  0.1209263467983670E-01 -0.6718174013765328E-01  0.1160170946681868E-15  0.1235546423077872E-14  0.3751428971834125E-14
 0.5195330280196220E-01  0.2410871043008296E+00 -0.2209695071970476E+00  0.8655532645926766E-16 -0.4868950660731406E-15 -0.2114467150106505E-14
 0.9527357116342563E+00  0.7565126324212046E-01  0.7422462777597170E-01  0.2498062511820627E-15  0.1602376691184589E-14  0.5725332859519099E-15
-0.5764978584977778E-14  0.1229835386010549E-15 -0.8830448097657738E-17 -0.1311409074452200E-29 -0.4889684531645632E-29  0.1122969435769751E-28
 0.7804479186871528E-13  0.3912972142851248E-14  0.8145602825852305E-14  0.1887524181457277E-28  0.1154825867253879E-27 -0.3405223213987518E-28
 0.6499820464153979E-16  0.2537293151123544E-15 -0.4878810201785857E-15 -0.1250197733556906E-30 -0.7851061963647234E-29 -0.1441915608649984E-28
 0.1092569821503016E-13 -0.5856582011443976E-15  0.5397119622755968E-15  0.2043271678448445E-29  0.2698495440926909E-29 -0.2529082782979286E-28
-0.7799246349629027E-01 -0.1599258639703512E+00  0.6173355554122726E+00 -0.3463462781179380E-15 -0.1019658233390649E-14 -0.1064765411675746E-14
-0.1246026058123536E-14 -0.1296697194619486E-14 -0.8660250933658193E-15  0.1350031510105644E-29  0.1861007985729884E-28  0.3727310239460222E-28
 0.2361862438825601E-16  0.3381103988606936E-15  0.5329964039923498E-15 -0.1098927424956490E-29 -0.2571450964553143E-28 -0.5026081776672976E-28
 0.2752004782714861E-01  0.9398485641848908E-03 -0.3997861502565582E+00 -0.3018851517464931E-16 -0.4573525576104984E-14 -0.1212827122360274E-13
-0.1066628539508275E+00  0.9324284441225851E+00  0.2691264006484691E+00  0.7305620976017088E-16 -0.8246331286185983E-15 -0.2166201333063107E-15
-0.4287999457289964E-04 -0.3246385852148695E-16
 0.6682308082318212E-04  0.6503823054858417E-17
-0.1074978829410401E-03 -0.5203334723104618E-18
 0.1804149822490930E-03 -0.3519038846772245E-18
-0.3169169573645177E-03 -0.1157401108059286E-17
 0.5646974027648771E-03  0.1605009000095454E-17
-0.1630494451429131E-02 -0.6592697548865629E-19
-0.7154088419737711E-01 -0.2482212232614424E-17
-0.9367773682023897E+00  0.1550730666734275E-16
-0.2013710785682029E+01  0.8487466395779037E-16
-0.5957377176644222E+00 -0.1486880439428194E-16
-0.2147290255878718E-01 -0.1295925600760747E-16
-0.2234615840943887E-02  0.3644092234199574E-17
 0.9340714126001683E-03 -0.6964953947926882E-19
-0.4693794143125549E-03 -0.2196474880703912E-17
 0.2617225782823421E-03 -0.5731354794644891E-18
-0.1592667282018450E-03  0.2218840267987873E-17
 0.1041112119818974E-03  0.7299829538766439E-18
-0.7220888665985944E-04 -0.5385572521139803E-17
 0.5264443253175271E-04  0.4017069046338936E-17
-0.4006141934225949E-04 -0.2223855000194718E-18
 0.3165132545248656E-04 -0.4035336931305120E-17
-0.2585700326233971E-04 -0.2770167409160515E-17
 0.2177388480291456E-04  0.4577692805760580E-18
-0.1880075869842220E-04  0.2061683713698450E-17
 0.1656595863905607E-04 -0.1866589656852657E-17
-0.1487467052269699E-04 -0.6214082864099121E-17
 0.1359543570186446E-04  0.4041850373332643E-17
-0.1263858084462219E-04 -0.1539483899414594E-17
 0.1194291751824111E-04 -0.9466405881832620E-18
-0.1146750450002197E-04  0.7565395980559415E-17
 0.1118658623805910E-04 -0.1415629069409811E-16
-0.1108663243244836E-04  0.2181721126603418E-16
 0.1116486939290160E-04 -0.1610807525287342E-15
-0.1142893216008441E-04  0.2181706132721226E-15
 0.1189718111856594E-04 -0.1020346599595290E-15
-0.1259755596696692E-04  0.3091749331249582E-14
 0.1353956013607527E-04  0.1008320228046698E-13
