 0.9890929724494537E+00  0.7883810001653174E-16
 0.0000000000000000E+00  0.0000000000000000E+00
 0.2524093373489181E-01 -0.7258146138331887E-15
 0.0000000000000000E+00  0.0000000000000000E+00
 0.7810885884720458E-02 -0.2984100431053919E-15
-0.2524093373489172E-01  0.7258146138331864E-15
 0.0000000000000000E+00  0.0000000000000000E+00
-0.7810885884721004E-02  0.2984100431053898E-15
 0.0000000000000000E+00  0.0000000000000000E+00
-0.1231169089332315E+00  0.1451497372272181E-15
 0.0000000000000000E+00  0.0000000000000000E+00
-0.1591328793544989E-01  0.8609350913121539E-16
 0.1591328793544983E-01 -0.8609350913121503E-16
 0.0000000000000000E+00  0.0000000000000000E+00
-0.6752171682491424E-01 -0.3628837762327556E-17
 0.0000000000000000E+00  0.0000000000000000E+00
 0.1151137753091939E-02 -0.7212142351276442E-16
 0.0000000000000000E+00  0.0000000000000000E+00
 0.4595956672134420E-03 -0.7085988510035718E-18
 0.0000000000000000E+00  0.0000000000000000E+00
 0.0000000000000000E+00  0.0000000000000000E+00
 0.0000000000000000E+00  0.0000000000000000E+00
 0.0000000000000000E+00  0.0000000000000000E+00
 0.1346331675369253E-02 -0.3503573250426458E-17
 0.0000000000000000E+00  0.0000000000000000E+00
 0.4967431847289944E-02 -0.7561089151433620E-17
 0.0000000000000000E+00  0.0000000000000000E+00
-0.1214169840891211E-02 -0.5415907253696513E-18
-0.1321618344779228E-03  0.4045163975797263E-17
 0.0000000000000000E+00  0.0000000000000000E+00
 0.2407483520621747E-03 -0.3550678979913952E-17
 0.0000000000000000E+00  0.0000000000000000E+00
-0.1496248371292820E-03 -0.5871701053233565E-17
 0.0000000000000000E+00  0.0000000000000000E+00
-0.6231349133233110E-04  0.6128124343663076E-17
-0.1151137753092298E-02  0.7212142351276361E-16
 0.0000000000000000E+00  0.0000000000000000E+00
-0.4595956672120058E-03  0.7085988510033190E-18
 0.0000000000000000E+00  0.0000000000000000E+00
-0.4967431847289935E-02  0.7561089151433760E-17
 0.0000000000000000E+00  0.0000000000000000E+00
-0.1321618344780421E-03  0.4045163975797256E-17
-0.1214169840891336E-02 -0.5415907253701174E-18
 0.0000000000000000E+00  0.0000000000000000E+00
-0.2407483520620769E-03  0.3550678979913682E-17
 0.0000000000000000E+00  0.0000000000000000E+00
 0.1346331675369170E-02 -0.3503573250429126E-17
 0.0000000000000000E+00  0.0000000000000000E+00
 0.0000000000000000E+00  0.0000000000000000E+00
 0.0000000000000000E+00  0.0000000000000000E+00
 0.0000000000000000E+00  0.0000000000000000E+00
 0.1496248371291456E-03  0.5871701053233971E-17
 0.0000000000000000E+00  0.0000000000000000E+00
 0.6231349133257549E-04 -0.6128124343662360E-17
 0.0000000000000000E+00  0.0000000000000000E+00
-0.1972191915939278E-02 -0.5430827393515669E-17
 0.0000000000000000E+00  0.0000000000000000E+00
 0.1948187118702032E-02 -0.4879067447568171E-17
-0.1948187118699895E-02  0.4879067447580219E-17
 0.0000000000000000E+00  0.0000000000000000E+00
-0.2064510612203246E-02  0.8974614658997670E-17
 0.0000000000000000E+00  0.0000000000000000E+00
-0.3766349761833776E-03 -0.6697122147410014E-17
 0.0000000000000000E+00  0.0000000000000000E+00
-0.3013860281458579E-04  0.4321162331692066E-18
 0.3766349761869005E-03  0.6697122147416398E-17
 0.0000000000000000E+00  0.0000000000000000E+00
 0.3013860281725290E-04 -0.4321162331514265E-18
 0.0000000000000000E+00  0.0000000000000000E+00
 0.4916102675523087E-03 -0.1560747757141702E-16
-0.8512270634690856E-02 -0.2841045400675616E-02  0.3855664366929866E-01 -0.1645309449090422E+00  0.1107544929595316E-17 -0.4668241314899251E-16 -0.1118790800549439E-15  0.2143878810988364E-17
 0.3706375931145627E-01  0.6744590438942935E-01 -0.1646440250470883E+00  0.4649934690045070E-01 -0.1091214782174754E-16 -0.5446530093401098E-16 -0.1352194279377999E-15 -0.3129255023288838E-16
 0.4756769350279694E-01  0.4248539681204262E-01 -0.7785195108016679E-01 -0.5891091401692450E-01 -0.5137718815567846E-17 -0.3563123684557377E-16 -0.7723415133128175E-16 -0.1248965831570356E-16
-0.1059939341811823E+00 -0.3389475356436000E-01  0.5514051177414220E-01  0.1584863903002452E+00  0.7034878777151271E-17  0.1269913339118785E-15  0.2398077515350645E-15  0.1674533937502734E-15
-0.1524621193420293E+00  0.1806100494973240E-01 -0.7265974674287637E-01  0.1493742693319362E+00 -0.3710147890029552E-17  0.2077414829909071E-16 -0.1921972561125312E-16  0.8248361113165036E-16
 0.3696316491632527E-08  0.8193317513895437E-07 -0.9186050503430457E-06  0.4095175094713549E-05 -0.5639098188223602E-22  0.5025631648183261E-21  0.8171573917248953E-21  0.1036911140062705E-20
-0.1585515938366634E-07 -0.3514585683614771E-06  0.3939862607323089E-05 -0.1756446829912599E-04  0.2418681371158840E-21 -0.2155621602863364E-20 -0.3504954091707252E-20 -0.4447522571527951E-20
-0.1669347368929063E+00  0.1554616147824059E-01 -0.2623819241271187E+00 -0.7885259364393365E-01 -0.1512574370303242E-16 -0.1762744815041088E-15 -0.3928327294441292E-15 -0.3379677686476844E-15
-0.5982142821428393E-01  0.4370592862673910E-01 -0.5830850813146051E-01 -0.2876497829336820E+00 -0.9363320240894277E-18 -0.2051306895893708E-16 -0.1376193416607327E-15  0.2042726691289637E-15
 0.6736617602709461E-08  0.2777880266727051E-06  0.7102774320509489E-06 -0.8004142346741715E-06  0.5149914413375425E-22 -0.4107651929909025E-22  0.7799953587015328E-21 -0.6741898481159679E-20
-0.1526067988320306E-08 -0.6292601765938888E-07 -0.1608495726873655E-06  0.1811474275091230E-06 -0.1166445983935570E-22  0.9269564223060128E-23 -0.1767129908501707E-21  0.1526906974875681E-20
-0.1539075291023567E-07 -0.7050853955417163E-07  0.6082226024675505E-05 -0.2419374609512761E-04  0.3866772853543771E-21 -0.4182333635281509E-20 -0.2289654266099904E-20 -0.3583264087808660E-19
 0.3563331164398112E-08  0.1635525419688744E-07 -0.1407633274141883E-05  0.5599486543217042E-05 -0.8948721606336025E-22  0.9679904492846661E-21  0.5299236472947986E-21  0.8293008991293497E-20
 0.3270883307177352E-01  0.1340249726776300E+00 -0.4206386499162267E+00 -0.3565530286681608E-01 -0.3048791753739060E-16 -0.2245310050276335E-15 -0.4949138274570789E-15 -0.2240809073643960E-15
 0.8633190009198037E-02 -0.3800196299916865E-01  0.7642722812856546E-01  0.1220844133038082E+00  0.2370945252201821E-17  0.2337741137132567E-17 -0.3515484858363375E-17  0.3076003571649696E-16
 0.1855075006233792E-07  0.3228170299362194E-06 -0.3831706870158879E-05  0.1712617751180368E-04 -0.2372250198920683E-21  0.3389296027080483E-20  0.2354877056660181E-20  0.2425368354170089E-19
 0.4788895500598475E-08  0.8333545213629461E-07 -0.9888826117052685E-06  0.4420069439507199E-05 -0.6123266751465670E-22  0.8747957664849685E-21  0.6076944603545304E-21  0.6260418273089647E-20
-0.1318657959529042E-01  0.1042123223875781E+00 -0.2166274202103088E+00  0.2014758105340235E+00 -0.7663752831570196E-17  0.1188965063086321E-15  0.1734789978170253E-15  0.2274134465965859E-15
 0.1151082900605281E-07  0.2514549254543790E-06  0.3656652219115855E-05 -0.1314858155296343E-04  0.1843387295526601E-21 -0.7776127534214975E-21 -0.2012621412836881E-20 -0.2726267662431640E-21
-0.4900088035538990E-07 -0.1070439905576217E-05 -0.1556766789013695E-04  0.5597975764286931E-04 -0.7848050189993025E-21  0.3310696718863637E-20  0.8568578769511487E-20  0.1161066667476270E-20
-0.2177184152711890E-01  0.9151238525566265E-02 -0.2135054866901658E+00  0.5200931708515490E+00 -0.1635409351056204E-16 -0.4094245398545829E-16 -0.1831942645243477E-15  0.5558776978575727E-16
 0.5193305511775567E-01  0.2402319475347698E+00 -0.4759889178080740E-01 -0.6799682663558447E+00 -0.9297080347286360E-18 -0.4132566327664677E-17  0.3331142331935804E-16  0.3320816398078013E-16
 0.9527091296694896E+00  0.7513764742313812E-01  0.5301725801747370E-01  0.8471920171305082E-01 -0.1292235963329553E-16 -0.1018573772866290E-15  0.6934326500665508E-17 -0.7311578996796651E-16
 0.3237192332784167E-11  0.8897076968720806E-10 -0.7076250870154384E-10  0.2589843117596943E-09 -0.6469657470188540E-26 -0.5314337294090500E-26  0.3357006797745934E-24 -0.1284354988772301E-23
-0.1986466383342002E-11 -0.5663581916249395E-10  0.4506013831690412E-10 -0.1648820218980337E-09  0.4118029945641591E-26  0.3374575476866310E-26 -0.2137075157368520E-24  0.8176237083983742E-24
-0.9532259244141662E-08 -0.2628943693866208E-06 -0.2588955240977960E-04  0.1008649969827117E-03 -0.1168215420791331E-20  0.8601231500856738E-20  0.2339215892277413E-19 -0.3747927084526702E-21
 0.2241179141673249E-08  0.6181079656350917E-07  0.6086234028775083E-05 -0.2371148369561766E-04  0.2746292309230733E-21 -0.2021972404201759E-20 -0.5499024177305193E-20  0.8818790983095496E-22
-0.7798286646465538E-01 -0.1604264345664962E+00  0.6240104653252898E+00  0.5283094240484332E-01  0.3114464062197664E-16  0.5032832442546268E-16  0.3893973774550123E-16  0.7058934956525506E-16
 0.4172746033116128E-08  0.4201681720540436E-07  0.4990362296273762E-05 -0.1933402270543402E-04  0.3653401031221501E-21  0.2533081911283122E-20  0.1229368677733340E-20  0.1754988860834899E-19
 0.1775984463089700E-07  0.1788071739171763E-06  0.2124267542195998E-04 -0.8230132518404860E-04  0.1555186202887185E-20  0.1078318952512978E-19  0.5234130782817260E-20  0.7470660462311931E-19
 0.2785319405517465E-01  0.8475964543800318E-02 -0.3998556837385513E+00  0.1691409408216242E-01 -0.2000095318221807E-17  0.3394470192010397E-15  0.8471204264601685E-15  0.2386087612421122E-15
-0.1066056162238140E+00  0.9330030496140378E+00  0.2348203388687235E+00  0.1761517205125832E+00 -0.6254093333192199E-17  0.1074219770344796E-15  0.2781454761113365E-16  0.7019487848424978E-16
 0.4182793151309364E-04 -0.3926294759888723E-13
-0.6502532036699797E-04  0.8877934174572517E-14
 0.1042399483250257E-03 -0.3670679075155759E-14
-0.1739851746256733E-03  0.1974411363912206E-14
 0.3026491703595048E-03 -0.1228195551950293E-14
-0.5274913843831293E-03  0.8489772683337818E-15
 0.1629511063646454E-02 -0.6208517686733182E-15
 0.7663857387073521E-01  0.4801551830706486E-15
 0.9565048471364677E+00 -0.4376101548555708E-15
 0.2004890918560736E+01  0.2573265162252696E-15
 0.5934823852134359E+00 -0.2891015515959864E-15
 0.2195052721689957E-01  0.2545963618923870E-15
 0.2214312188453024E-02 -0.2454192588529633E-15
-0.9215215208502307E-03  0.2377711196926842E-15
 0.4633626085931218E-03 -0.2278233475760790E-15
-0.2583979360650728E-03  0.2181553113329711E-15
 0.1572239584358943E-03 -0.2268724021364281E-15
-0.1027500802405761E-03  0.2308809455339904E-15
 0.7124196283924691E-04 -0.2417462063960712E-15
-0.5192063086137083E-04  0.2602681167820725E-15
 0.3949516353551786E-04 -0.2855805560002789E-15
-0.3119106181401049E-04  0.3156790042581239E-15
 0.2546998480888651E-04 -0.3520943742300580E-15
-0.2143828777424733E-04  0.4080615947746203E-15
 0.1850236444641857E-04 -0.4767407678728073E-15
-0.1629530042866460E-04  0.5843376966088342E-15
 0.1462452371316832E-04 -0.6995574939447865E-15
-0.1336006643763785E-04  0.8831442461706373E-15
 0.1241323257636038E-04 -0.1176834090724651E-14
-0.1172343750270058E-04  0.1612626900382332E-14
 0.1125004857063450E-04 -0.2340324489388334E-14
-0.1096735810386701E-04  0.3635967895929832E-14
 0.1086162059363252E-04 -0.6171675783355494E-14
-0.1092954267977139E-04  0.1184223845166996E-13
 0.1117784286828726E-04 -0.2842395143046992E-13
-0.1162339794201785E-04  0.9849390903054085E-13
 0.1229179372354501E-04 -0.6334489071306519E-12
-0.1318863244967689E-04  0.1113847459683145E-10
