 0.9898354650179180E+00  0.6012160140421433E-15
 0.0000000000000000E+00  0.0000000000000000E+00
 0.3375292036482346E-01 -0.5975287774072104E-14
-0.3375292036482336E-01  0.5975287774072167E-14
 0.0000000000000000E+00  0.0000000000000000E+00
-0.1337922484579454E+00  0.1432432027182495E-14
 0.0000000000000000E+00  0.0000000000000000E+00
 0.1611054848450818E-02 -0.5601991749177644E-16
 0.0000000000000000E+00  0.0000000000000000E+00
 0.4517729508738594E-02 -0.1525770366301403E-15
-0.1611054848450014E-02  0.5601991749178329E-16
 0.0000000000000000E+00  0.0000000000000000E+00
-0.4517729508738418E-02  0.1525770366301374E-15
 0.0000000000000000E+00  0.0000000000000000E+00
-0.9512735313162153E-03 -0.9897525458458193E-16
-0.8542365816634954E-02 -0.2370236266599587E-02 -0.3096704755888721E-02  0.5895351618977136E-17 -0.2138355227678400E-15 -0.5362325574462584E-15
 0.3709385123095287E-01  0.6823964730681689E-01 -0.1437022304296861E+00 -0.2793208068559225E-16 -0.4975687200012521E-15 -0.1143499384834238E-14
 0.4753525704067466E-01  0.4196212568478324E-01 -0.9055714495576002E-01 -0.6140035456748010E-17 -0.2866077123638791E-15 -0.5674489230868396E-15
-0.1059879931415320E+00 -0.3454298586502552E-01  0.9152848832418707E-01  0.1872026537152559E-16  0.8705468430596190E-15  0.1856626140156363E-14
-0.1523506203593226E+00  0.2116483479811114E-01 -0.2482939752856592E-01 -0.2573025992833397E-16  0.1205824764731161E-15 -0.5212415078964331E-16
-0.1619143699399000E-14 -0.2522809248319340E-15  0.1168578686118524E-15  0.1695359411425918E-30  0.2549237616466815E-29  0.9025366934910644E-30
-0.3476238579846286E-15  0.4892125003403778E-15  0.2831189135498724E-15 -0.5087519594703387E-31 -0.1175360939320956E-31  0.9642757272558568E-31
-0.1668998098444404E+00  0.1574757087295634E-01 -0.2683186778737136E+00 -0.4177803692996696E-16 -0.1140090806652077E-14 -0.3092364312397863E-14
-0.5979476541476518E-01  0.4303178385891757E-01 -0.1342118186592312E+00  0.2964493103438447E-16 -0.6795840629908632E-16 -0.3011123561667511E-15
 0.5595037483737432E-15 -0.3205113525993824E-15  0.7698744484043703E-16  0.3120013330958345E-31  0.1249204661999977E-30  0.2002550322236736E-29
 0.4339364454292044E-15 -0.1075681897726135E-15  0.6085187847728451E-15 -0.1626529399472954E-33 -0.1033851027574200E-29 -0.6161297284390826E-30
 0.6669528164609481E-15 -0.4964932718868399E-15 -0.7013941398157591E-15  0.2286251612046256E-30  0.1477850361724379E-29  0.6968908007459619E-29
 0.1037405775249135E-14  0.1415376213081301E-14 -0.1378481251684457E-14 -0.9931352635530269E-30 -0.6876847129908747E-29 -0.2231363809937309E-28
 0.3291019045509296E-01  0.1375367767603504E+00 -0.4019974721023724E+00 -0.1228665169017818E-15 -0.1747268079740309E-14 -0.3946890783348935E-14
 0.8704478154584746E-02 -0.3658620790824237E-01  0.1071818080306144E+00 -0.4006565844200723E-17 -0.2809946085238231E-16 -0.9699255346376506E-16
 0.4307791869405233E-15  0.5661943101413066E-16  0.1623624289721491E-15 -0.1274587834959253E-30 -0.3230081488294051E-29 -0.8129049903794063E-29
 0.3414938875567156E-15 -0.1263072034624531E-15  0.6952343334647256E-15 -0.1813511657380115E-30 -0.1246929070103699E-29 -0.3947012399616331E-29
-0.1328901116305637E-01  0.1027801578647193E+00 -0.1636955506886583E+00 -0.5054216953604673E-17  0.5838443693481236E-15  0.1153804814727241E-14
-0.3379492877236608E-15  0.7581753988500968E-15  0.2884059458613458E-14 -0.3254487776514933E-30  0.3253274515401808E-29  0.3257388694714257E-29
 0.1246076580087621E-14 -0.4324999178561572E-15 -0.1460158977158822E-14  0.3823190170274239E-30  0.7231753526016634E-29  0.2054213695602113E-28
-0.2167352878991737E-01  0.1204218697107823E-01 -0.6710031624786185E-01 -0.6802436081129230E-16 -0.6528775309963103E-15 -0.1938018308609650E-14
 0.5194420041650137E-01  0.2411155070937712E+00 -0.2210284639847472E+00  0.4299407063593077E-17  0.2185214886302981E-15  0.1093659232197917E-14
 0.9527319979030471E+00  0.7564364730331509E-01  0.7422078754251908E-01 -0.1060704077692367E-15 -0.1250922598802208E-14 -0.1184266466958002E-14
-0.5765023614362967E-14  0.1228569897557481E-15 -0.8844468303503385E-17  0.3040547826106260E-30  0.3356802415838365E-29 -0.3254986241235997E-29
 0.7804459918266474E-13  0.3911443563204091E-14  0.8141846891539518E-14 -0.7973392172224188E-29 -0.9278868039391022E-28 -0.5734633922564158E-28
 0.6499926920410748E-16  0.2536840129583424E-15 -0.4885776324190373E-15  0.1520020200749131E-30  0.4303110884998865E-29  0.8358137119644950E-29
 0.1092579457706307E-13 -0.5858154235945939E-15  0.5388728000335289E-15 -0.4584822968736394E-30 -0.3036538368050577E-29  0.9191076737229333E-29
-0.7799104565624333E-01 -0.1598753853541152E+00  0.6173676156427517E+00  0.7181451114396067E-16  0.6694232474503878E-15  0.8286908168748667E-15
-0.1246064720618760E-14 -0.1296832674531829E-14 -0.8666261271687412E-15 -0.4872116117572979E-30 -0.1258299375215056E-28 -0.2402328288064403E-28
 0.2361367500847896E-16  0.3379415032905134E-15  0.5332350545234932E-15  0.5016967557804777E-30  0.1527001537205901E-28  0.3061832162344103E-28
 0.2751285844612932E-01  0.9125011148476474E-03 -0.3998189108746319E+00  0.9814306650095417E-16  0.2609539057307089E-14  0.6822099987784657E-14
-0.1066542929409076E+00  0.9324444823587051E+00  0.2690519647370637E+00 -0.2072324680886392E-15  0.2471649005209431E-15  0.1480816650057373E-15
 0.4247531447079991E-04 -0.3771600874903143E-14
-0.6611266222761435E-04  0.8516062104995131E-15
 0.1061753475727800E-03 -0.3522318452087844E-15
-0.1777308112692768E-03  0.1947596092368210E-15
 0.3108020676215558E-03 -0.1226902022329076E-15
-0.5484601899518876E-03  0.8277153225407775E-16
 0.1653905106502498E-02 -0.6197104628662953E-16
 0.7425512065897456E-01  0.5463900712731847E-16
 0.9445982953470723E+00 -0.8849392050601725E-16
 0.2008356829417116E+01 -0.2829785175078177E-16
 0.6010607632584599E+00 -0.1730319863936125E-16
 0.2268653217833792E-01  0.2081402699538051E-16
 0.2215263523427448E-02 -0.2197086204659932E-16
-0.9229792737291619E-03  0.2028930122463575E-16
 0.4651060581202768E-03 -0.1998501177283862E-16
-0.2597168727303415E-03  0.2087477290128291E-16
 0.1581776150812739E-03 -0.2171787545182256E-16
-0.1034509991190992E-03  0.2063625094398105E-16
 0.7177305286135821E-04 -0.2486248897721498E-16
-0.5233650266865509E-04  0.2384238584559743E-16
 0.3983141394886120E-04 -0.2589299666591407E-16
-0.3147129747260670E-04  0.2815891580228191E-16
 0.2571029223178572E-04 -0.3814615111443607E-16
-0.2164999127242896E-04  0.3314153416676719E-16
 0.1869304519008409E-04 -0.4303393094984042E-16
-0.1647008846587901E-04  0.6815971311254932E-16
 0.1478747463476110E-04 -0.7505946657330917E-16
-0.1351449734705981E-04  0.8155992964020140E-16
 0.1256196961884916E-04 -0.1288904312323912E-15
-0.1186900716485875E-04  0.1798599424847575E-15
 0.1139483753391601E-04 -0.2409399685484243E-15
-0.1111376155302888E-04  0.3296552310002419E-15
 0.1101219767181908E-04 -0.5991363122701913E-15
-0.1108720047688890E-04  0.1221974202926094E-14
 0.1134607876367861E-04 -0.2842704589796384E-14
-0.1180665569709261E-04  0.9375689399555531E-14
 0.1249619716552439E-04 -0.5986626444301853E-13
-0.1342893175866928E-04  0.1068227197117808E-11
