 0.9890983224000170E+00 -0.2015346386817810E-14
 0.0000000000000000E+00  0.0000000000000000E+00
 0.2336410711239991E-01  0.1561423698491732E-13
 0.0000000000000000E+00  0.0000000000000000E+00
 0.1205168156465429E-01  0.1595789772112510E-13
-0.2336410711239882E-01 -0.1561423698491717E-13
 0.0000000000000000E+00  0.0000000000000000E+00
-0.1205168156465412E-01 -0.1595789772112539E-13
 0.0000000000000000E+00  0.0000000000000000E+00
-0.1159449347971810E+00 -0.3325818744006265E-14
 0.0000000000000000E+00  0.0000000000000000E+00
-0.2452642466632959E-01 -0.2564520007393145E-14
 0.2452642466632957E-01  0.2564520007393088E-14
 0.0000000000000000E+00  0.0000000000000000E+00
-0.7470328526589505E-01 -0.1902713163814136E-14
 0.0000000000000000E+00  0.0000000000000000E+00
 0.1038954742227788E-02  0.1096987782779683E-15
 0.0000000000000000E+00  0.0000000000000000E+00
 0.6476134018438260E-03  0.3670084216908117E-15
 0.0000000000000000E+00  0.0000000000000000E+00
 0.0000000000000000E+00  0.0000000000000000E+00
 0.0000000000000000E+00  0.0000000000000000E+00
 0.0000000000000000E+00  0.0000000000000000E+00
 0.1345883716309451E-02  0.2469407955130763E-15
 0.0000000000000000E+00  0.0000000000000000E+00
 0.5008257958947495E-02  0.3843415033913569E-15
 0.0000000000000000E+00  0.0000000000000000E+00
-0.3659388127837809E-03  0.3274718433779327E-16
-0.9799449035256906E-03 -0.2796879798509003E-15
 0.0000000000000000E+00  0.0000000000000000E+00
 0.1989794499123303E-03  0.3061215002595620E-15
 0.0000000000000000E+00  0.0000000000000000E+00
-0.1582251580032324E-03  0.1049472110301635E-15
 0.0000000000000000E+00  0.0000000000000000E+00
-0.3422410355092406E-04 -0.5975052987304123E-16
-0.1038954742227846E-02 -0.1096987782779423E-15
 0.0000000000000000E+00  0.0000000000000000E+00
-0.6476134018438703E-03 -0.3670084216908247E-15
 0.0000000000000000E+00  0.0000000000000000E+00
-0.5008257958947469E-02 -0.3843415033913464E-15
 0.0000000000000000E+00  0.0000000000000000E+00
-0.9799449035256575E-03 -0.2796879798509103E-15
-0.3659388127837641E-03  0.3274718433780805E-16
 0.0000000000000000E+00  0.0000000000000000E+00
-0.1989794499123604E-03 -0.3061215002595606E-15
 0.0000000000000000E+00  0.0000000000000000E+00
 0.1345883716309426E-02  0.2469407955130940E-15
 0.0000000000000000E+00  0.0000000000000000E+00
 0.0000000000000000E+00  0.0000000000000000E+00
 0.0000000000000000E+00  0.0000000000000000E+00
 0.0000000000000000E+00  0.0000000000000000E+00
 0.1582251580032832E-03 -0.1049472110301705E-15
 0.0000000000000000E+00  0.0000000000000000E+00
 0.3422410355095570E-04  0.5975052987304179E-16
 0.0000000000000000E+00  0.0000000000000000E+00
-0.2646243322938775E-02  0.9091878525462293E-16
 0.0000000000000000E+00  0.0000000000000000E+00
 0.1843838610560393E-02  0.7287083705994335E-16
-0.1843838610560314E-02 -0.7287083705994986E-16
 0.0000000000000000E+00  0.0000000000000000E+00
-0.1389002347284679E-02 -0.1371005127661414E-15
 0.0000000000000000E+00  0.0000000000000000E+00
-0.3755834311655551E-03 -0.9833800635561776E-16
 0.0000000000000000E+00  0.0000000000000000E+00
 0.3655923884066338E-04 -0.5748254034695843E-16
 0.3755834311656043E-03  0.9833800635561587E-16
 0.0000000000000000E+00  0.0000000000000000E+00
-0.3655923884064056E-04  0.5748254034695113E-16
 0.0000000000000000E+00  0.0000000000000000E+00
 0.4914347012927988E-03  0.1950909210680575E-16
-0.8526297638548145E-02 -0.2850354450520533E-02  0.6672133605585995E-01 -0.1552576892944924E+00  0.1455283743238047E-16  0.7140359381029625E-15  0.2056033931359444E-14  0.1479793836284226E-15
 0.3707659686626889E-01  0.6745287986876405E-01 -0.1702642153911959E+00  0.1695047175462690E-01  0.1589315138169149E-15  0.1658247738413802E-14  0.3610974355417229E-14  0.1387448233069309E-14
 0.4756946058426067E-01  0.4247837217023539E-01 -0.6636285127939559E-01 -0.7162019214610880E-01  0.1012541572988187E-15  0.1384456056779261E-14  0.1924176228412246E-14  0.1749437254700313E-14
-0.1059960946505377E+00 -0.3388166792458541E-01  0.2658106735776909E-01  0.1656700872020307E+00 -0.1903748865489782E-15 -0.4000766143589681E-14 -0.5541247810320863E-14 -0.7066308599118029E-14
-0.1524632670976712E+00  0.1808134125437618E-01 -0.9768659357114479E-01  0.1342729280054124E+00 -0.2866894565243860E-16 -0.2370139924397658E-14  0.8047838783994798E-15 -0.7322293959428724E-14
 0.6792554411541200E-08  0.1504934567607865E-06 -0.2980312762361440E-05  0.7116724279055934E-05 -0.1917215594145736E-20 -0.2727846167980372E-19 -0.1182009767078502E-18  0.1215661080719794E-18
-0.1584828481175587E-07 -0.3511354202561187E-06  0.6953184178403276E-05 -0.1660373488132298E-04  0.4473172345077027E-20  0.6365230324328477E-19  0.2757941464557717E-18 -0.2836461113933515E-18
-0.1669080090866675E+00  0.1553508852507994E-01 -0.2445293087617636E+00 -0.1235629705248165E+00  0.1495631441648620E-15  0.4605139564668536E-14  0.8416143059779659E-14  0.1222218157099554E-13
-0.5981308516581694E-01  0.4367957935301341E-01 -0.7104982936883802E-02 -0.2933741370678751E+00 -0.3613173837050606E-16 -0.9471560603161101E-15  0.8019676871367238E-15 -0.5198548196730768E-14
 0.6744230158134561E-08  0.2779707275048916E-06  0.8381870418071316E-06 -0.6607362740443613E-06  0.3137386843053742E-20  0.8976228563060840E-19 -0.7275159234707867E-19  0.6529344729547789E-18
-0.2840679755363878E-08 -0.1170792090733426E-06 -0.3529544175590372E-06  0.2781223018767974E-06 -0.1321253349556616E-20 -0.3780369795962446E-19  0.3064889649667949E-19 -0.2749989273187899E-18
-0.1538235689510246E-07 -0.7034973385767994E-07  0.1022278260775512E-04 -0.2275754105390463E-04  0.1971494541767815E-19  0.4931129011152722E-18  0.5839550074407737E-18  0.1483630473881618E-17
 0.6565131788941341E-08  0.3005959013565720E-07 -0.4362055213795260E-05  0.9710784999958872E-05 -0.8412545382566459E-20 -0.2104130447917231E-18 -0.2491890960845268E-18 -0.6330437585852977E-18
 0.3267052479927944E-01  0.1340179984822337E+00 -0.4078980205605177E+00 -0.1088299332344973E+00  0.5153961735423442E-15  0.6194317106519100E-14  0.1275605267218985E-13  0.5788462900365219E-14
 0.8629699595276995E-02 -0.3798719828548971E-01  0.5388435696581127E-01  0.1335751398904906E+00 -0.5862740002465706E-16 -0.2859166690439482E-15  0.5833165108903824E-15 -0.1884869911569270E-14
 0.1845369155124411E-07  0.3210508433901250E-06 -0.6738493691268612E-05  0.1611611774922818E-04 -0.1338068813793059E-19 -0.3375849166694313E-18 -0.5821789134638818E-18 -0.6409497765386002E-18
 0.8430014747178509E-08  0.1466623293306107E-06 -0.3077760235123527E-05  0.7361030011518739E-05 -0.6111777837894145E-20 -0.1542057424141714E-18 -0.2659385291029957E-18 -0.2927579254959693E-18
-0.1318250552902202E-01  0.1042154036587780E+00 -0.2485938966484210E+00  0.1604788441489771E+00  0.9963314888133275E-17 -0.4104498515657002E-14 -0.4936420211728156E-14 -0.8942481863831451E-14
 0.2106285814795661E-07  0.4603295237904660E-06  0.1080484019066818E-04 -0.2253310644835301E-04  0.5332579051569094E-21 -0.8345199806129615E-19 -0.3909378954779490E-18  0.4585003673804720E-18
-0.4891533167475902E-07 -0.1069053748560530E-05 -0.2509430300753927E-04  0.5233386515739444E-04 -0.1238515747409964E-20  0.1938153523497282E-18  0.9079520995965732E-18 -0.1064880614121817E-17
-0.2178274700887297E-01  0.9192479714088188E-02 -0.3012930673543985E+00  0.4746805240007139E+00  0.5939520131312556E-16  0.2112443006433117E-15  0.5928692101872535E-14 -0.4721860190201554E-14
 0.5193834561466502E-01  0.2401706421609021E+00  0.7215824257978956E-01 -0.6778503997636764E+00  0.3621376191350746E-15 -0.7443450854936185E-15 -0.2990849707150058E-14 -0.3076295452618941E-14
 0.9527147675500426E+00  0.7515462803725433E-01  0.3734929504292754E-01  0.9268275648938033E-01  0.5474383420133278E-15  0.8132411618167904E-14  0.4811045793228292E-14  0.4792246574294121E-14
 0.2607223868005083E-11  0.7171686902745915E-10 -0.9270681172070069E-10  0.1955966431421554E-09  0.1423061842343098E-24  0.1528554393532831E-23 -0.5463461803851286E-22  0.1259119069463251E-21
-0.3343961798960315E-11 -0.9391704012970913E-10  0.1214230669114115E-09 -0.2561615050809315E-09 -0.1863223430937971E-24 -0.2001179331977030E-23  0.7155027415402938E-22 -0.1648947514543318E-21
-0.9490632886863167E-08 -0.2626288178273996E-06 -0.4309176727451257E-04  0.9467355843436221E-04 -0.2154589702309361E-19  0.6501322878363723E-19  0.7509584877125188E-19 -0.6217885260621983E-18
 0.4088831988816549E-08  0.1131482460247700E-06  0.1856359521424115E-04 -0.4078441086506686E-04  0.9281791865254201E-20 -0.2800706809328622E-19 -0.3235141713747862E-19  0.2678603417605245E-18
-0.7797196392042773E-01 -0.1603885814675052E+00  0.6051087161434927E+00  0.1612450077005169E+00 -0.3782273027304126E-15 -0.1843685124571717E-14 -0.1265738084497308E-14 -0.4325879678009493E-15
 0.7628315174726115E-08  0.7694924386562637E-07  0.1518939523403310E-04 -0.3325257735801807E-04 -0.2170139912356432E-19 -0.7633197169307288E-18 -0.1197015093511464E-17 -0.1319535009545417E-17
 0.1771361387459041E-07  0.1786689309568410E-06  0.3527424724334667E-04 -0.7722279443444244E-04 -0.5039745984184555E-19 -0.1772665571058701E-17 -0.2779844558722131E-17 -0.3064365764695096E-17
 0.2785264581182317E-01  0.8446312370762663E-02 -0.3966155063197494E+00 -0.5331154677936493E-01 -0.2710734055307392E-15 -0.7573566881755565E-14 -0.1821731775675560E-13 -0.8671959062046313E-14
-0.1066074461237843E+00  0.9330263819951460E+00  0.2003424149882971E+00  0.2144565348550180E+00  0.1614899609552841E-14  0.4172348883541318E-15  0.2697695218997843E-15  0.2264288989346335E-14
-0.4224166799328442E-04  0.2618116717946879E-15
 0.6575091049015602E-04 -0.6018947738419229E-16
-0.1055891066572280E-03  0.2640693087000046E-16
 0.1767187105523807E-03 -0.1061675861232723E-16
-0.3088605611061326E-03  0.6596970996938891E-17
 0.5439235249884492E-03 -0.8934789755446523E-17
-0.1603157152398326E-02  0.6023552804162763E-17
-0.7386537599316718E-01 -0.5575460471547689E-19
-0.9486554970181722E+00  0.4074833068738263E-16
-0.2010273996107062E+01  0.8718010844701886E-16
-0.5882429168238708E+00 -0.1099165735584854E-16
-0.2076272670288738E-01 -0.2918332183235195E-17
-0.2233931294410839E-02  0.1613060425376978E-17
 0.9325247902688645E-03  0.5735056302503615E-17
-0.4676136294984335E-03  0.2559410001330599E-17
 0.2603996980029816E-03 -0.5729784955465605E-17
-0.1583144618461223E-03  0.1112649761985439E-17
 0.1034131057946897E-03 -0.4968609055610022E-19
-0.7168080468363211E-04  0.3322023223227277E-18
 0.5223139163700433E-04 -0.1800757078207543E-17
-0.3972773590106373E-04  0.3290016370851397E-17
 0.3137340141856673E-04 -0.4142957701302010E-17
-0.2561878960968829E-04  0.2894144067509480E-17
 0.2156410034643298E-04 -0.2940156603280065E-17
-0.1861185864678970E-04  0.3113266978558827E-17
 0.1639284181961219E-04 -0.6089574050579407E-17
-0.1471330769833745E-04  0.4435256403651783E-17
 0.1344253379105699E-04 -0.1931109603883299E-17
-0.1249133605343800E-04  0.4145076756396361E-17
 0.1179882488400911E-04 -0.1243199173544335E-16
-0.1132419901435483E-04  0.1550624374729742E-16
 0.1104169571906190E-04 -0.1892739919216528E-16
-0.1093762367879046E-04  0.4703120555248742E-16
 0.1100886693813184E-04 -0.9685969093782312E-16
-0.1126248289312996E-04  0.1982908124097938E-15
 0.1171593088136163E-04 -0.5962860612269922E-15
-0.1239585179794403E-04  0.4287887861127850E-14
 0.1331164239794174E-04 -0.7570947819503456E-13
