 0.2663381938057552E-01   0.1329750589084376E+01
-0.6201805853769971E-01  -0.4800270777283340E+00
-0.5665460439236474E+00   0.2271111999585362E+01
-0.2085223034225243E+00  -0.2793553460622967E+00
 0.4364305953693184E+00   0.1883514620861606E+00
 0.1856054437401590E+01   0.2957327296996513E+01
-0.5373783255880290E-14  -0.2792871290759244E-14
 0.5511123057276424E-14  -0.2000690344459840E-14
 0.4980941002028758E-14   0.6405185287085267E-14
 0.5285334558596312E+00   0.2825780380459762E+01
-0.2388732811999914E-14  -0.1468412613669278E-14
 0.3368786318154954E-14   0.4821383352616660E-15
 0.1102655428879864E-14   0.5447926789393927E-14
-0.3046608104684267E-15   0.2875304161431558E-15
 0.5285334558596290E+00   0.2825780380459762E+01
-0.2834063644591780E+00  -0.8258912551327513E-01
 0.2819986638221194E+00  -0.1345174871583074E+00
 0.2725946158420431E+00   0.3941645735212590E+00
-0.4299049534218283E-14  -0.2510820240021524E-13
-0.2533485008472324E-14  -0.1637581626677405E-13
 0.2828430954890676E+00   0.1291801622021264E+01
 0.4373131812040941E-01  -0.2439754486815388E-01
 0.6122026607647463E-01   0.1416739744532020E+00
-0.1699253540582312E+00  -0.6882110716815218E+00
 0.1139309668271525E-14   0.1016675577748208E-13
 0.2497166089444682E-14   0.4505059806397879E-14
 0.1534006690737251E-01   0.4202437153642760E+00
 0.1685617266514448E+01   0.1253455642082340E+02
-0.1127370570068034E+00  -0.9745429151402346E-01
-0.1751189611352261E-01  -0.2686501665256730E+00
-0.5521940079119583E-01  -0.1417546998313364E+00
-0.4239988067887581E-13  -0.7466970893389920E-14
-0.1340555423432275E-12  -0.2521195281482135E-13
-0.3626288807727102E+00  -0.4924525482817314E-01
 0.3119496359879669E+00   0.2097907270973171E+01
-0.9429068484924532E+00   0.1051418714745772E+01
 0.2162917201036861E-13   0.1718445014182230E-13
 0.2656496063158089E-14   0.5234656115751233E-13
 0.9444091478981502E-14   0.2767495222266581E-13
-0.2778355624720379E-01  -0.5280498109767872E-02
-0.6610398564503983E+00  -0.1256361741963387E+00
 0.7934346685317728E-13   0.1007944823518658E-13
-0.6177443265643721E-13  -0.4172723289427725E-12
 0.3264723030722459E-12   0.2364949936518290E-12
 0.6898627007306846E+00   0.2234064458076793E+01
-0.5084754334159618E-14  -0.4452824962344323E-14
-0.1734372463907496E-14  -0.1299079991460489E-13
-0.2689967040327477E-14  -0.6422536500675551E-14
 0.6610398564503975E+00   0.1256361741963373E+00
-0.2778355624720362E-01  -0.5280498109767859E-02
-0.2693599808043397E-13  -0.4211625827009486E-14
 0.1268364323661075E-13   0.9470474493828808E-13
-0.7399809056821547E-13  -0.5428003651905051E-13
 0.1186117176699143E-15   0.8684459401608881E-16
 0.6898627007306816E+00   0.2234064458076786E+01
 0.3187537908210467E-15   0.4035992921381993E-15
-0.1807730730834840E-15  -0.8376701013771907E-16
-0.1786852683013380E-16  -0.3171411853596708E-15
 0.1607908760326362E+00   0.1059440503225423E-01
-0.2937387135486708E-02  -0.1935425057548760E-03
-0.2640006801755404E-14   0.4376946641230425E-16
-0.2627969730806776E-14   0.1177537463826579E-14
 0.2571915950145432E-13   0.7285522058897053E-15
 0.1216080972161117E-01   0.1196031211756495E-03
-0.5121747629567759E+00  -0.5037304393317673E-02
 0.5590350749257122E+00   0.1829316052912953E+01
 0.6184151584228640E-15   0.4368606396729191E-15
 0.8687836052921140E-15   0.4383230359705197E-15
-0.5518141819176930E-15  -0.1329598697117178E-15
-0.2937387135486706E-02  -0.1935425057548934E-03
-0.1607908760326364E+00  -0.1059440503225227E-01
 0.1634552892191033E-14  -0.4594136194444224E-15
 0.8303274501767790E-15   0.2559582256053315E-14
-0.1047910230360748E-12  -0.2668983312572789E-14
-0.5121747629567784E+00  -0.5037304393318640E-02
-0.1216080972161120E-01  -0.1196031211758274E-03
-0.4849073040617737E-16  -0.9132343954337363E-16
 0.5590350749257132E+00   0.1829316052912957E+01
 0.1193077772421322E-01   0.3279462162424032E+00
-0.1849453373920091E+00  -0.3563023284176514E+00
 0.3612211588773850E-01  -0.1562416651844709E+00
-0.1106075212528414E-15   0.3937655862000388E-15
 0.9116596239473901E-16  -0.3836525446718613E-15
 0.2746333443403658E-02  -0.2857155786333436E-02
-0.2288794630400388E+00   0.2922988696279571E+00
-0.2400821624873140E+00  -0.1545864368512947E+00
 0.4839994637746607E-13   0.3114088796392021E-13
-0.1074528667151951E-13  -0.7207360176493935E-14
 0.6261248743816158E-15   0.8366279425538664E-15
-0.1301399208424042E-14  -0.5452822185291423E-15
-0.6459650872447870E+00   0.1717999778122061E+01
-0.2785589405298567E+00  -0.3300740387521707E+00
-0.1503763641747475E-01   0.5358166246943125E-01
-0.4093899483184031E+00  -0.3597003043635463E+00
 0.4588281832389791E-14   0.4115830475432020E-14
 0.3799317731884255E-14   0.3425538111230642E-14
 0.2847251115217195E+00   0.2694463375185269E+00
-0.2926331081337854E-01   0.1517582971376168E+00
-0.4639875668665809E-01   0.6930459952495446E-02
 0.1043681293924619E-13  -0.1121476071814806E-14
-0.2280276073178497E-14   0.3042510227813568E-15
-0.1873207136790034E-15  -0.2263589621131638E-16
 0.8288543298943043E-15  -0.5171497634981463E-15
-0.9569396456991666E-01  -0.1111602199688166E+00
 0.5951652515575370E+00   0.1357349294402196E+01
-0.1935851599996982E+00  -0.5856858499073025E-01
-0.1338217518564256E+00  -0.3763761385016525E+00
-0.5696884221846936E-01  -0.1307711939040738E+00
-0.4107568720961638E-14  -0.5028753384573944E-14
-0.2410608672367517E-14  -0.2683605852665364E-14
-0.1826121738717055E+00  -0.2809293319999472E+00
-0.4605737076662973E-01  -0.2128296980665381E+01
 0.1546907824845245E+00  -0.3332978652154578E+00
-0.3143847634025865E-13   0.6623416157461737E-13
 0.7936442967505401E-14  -0.1449642130806362E-13
-0.1504839014809605E-16   0.1526791758779117E-15
 0.4527113468108607E-15   0.4142646272782233E-15
 0.2133422689975468E+00   0.8150764460511182E+00
-0.5311558535701014E-01  -0.1169816420438714E+00
-0.6689356268777912E+00   0.1853466033687547E+01
 0.3022679875743343E-15   0.8309886702605426E-16
-0.2318179199855157E-15   0.4593432997292540E-15
 0.3742836270080187E-16  -0.2066910634741331E-15
 0.4412925521325897E-01   0.1816586437241101E-01
-0.2336736059263543E-02  -0.9619203886754831E-03
-0.5111140517325967E-15  -0.1589330111053162E-15
-0.6585166690670766E-15   0.3057075294436273E-14
 0.8608529775218222E-14  -0.8960750984151049E-16
-0.2174513836425197E-02   0.1982762911464246E-03
-0.1995378055179479E+00   0.1819423512456976E-01
-0.3467259158142863E+00   0.7244438439213344E-01
-0.1201412107359135E-01   0.2510212145938935E-02
-0.1651491866733566E-15  -0.6449772042321664E-15
-0.1564191292522199E-15  -0.7686884732231262E-17
 0.1327909134532041E-14  -0.1498972927858361E-15
 0.1902168881883261E+00   0.1585237979077013E+01
 0.1039526341656616E-14   0.2654440155422158E-14
 0.2940302994493444E-15   0.5693433006031212E-15
 0.9720521882906689E-15   0.1393588600099394E-14
 0.2336736059263669E-02   0.9619203886760915E-03
 0.4412925521325953E-01   0.1816586437241097E-01
-0.1376084876551695E-14   0.4772375329347993E-16
-0.3178948075253115E-15  -0.1580119664738644E-14
 0.3925993333269384E-13  -0.4119852756291351E-14
 0.1995378055179478E+00  -0.1819423512457140E-01
-0.2174513836425285E-02   0.1982762911462582E-03
-0.1201412107359126E-01   0.2510212145939114E-02
 0.3467259158142865E+00  -0.7244438439213331E-01
 0.6952687919601602E-15  -0.9971017413276048E-15
-0.8244746329680427E-15   0.8220394441954131E-15
 0.1780382640663399E-16  -0.2222171260140383E-15
-0.2797241605012602E-16  -0.1312426729793703E-15
 0.1902168881883265E+00   0.1585237979077013E+01
 0.6493318732841335E-15  -0.1679676594118710E-15
 0.3362689423084970E-15   0.1106835809974039E-14
 0.3113878631316177E-15   0.1046332853505345E-14
-0.8819176818316791E-03   0.1790025718434755E-02
-0.4064802149387252E-01   0.8250316937328803E-01
 0.1833058681023274E-15  -0.1027363626134394E-14
 0.1994906816310025E-14   0.2556117943193186E-14
 0.2607194320295112E-13   0.1711764816820287E-13
 0.1332777218093735E+00   0.8435212805401562E-01
 0.2707550770146819E-02   0.1713622248157430E-02
-0.6239963278895512E-03  -0.1713063812970901E-03
 0.1820972497440853E+00   0.4999135331984079E-01
-0.1020619072220458E-14  -0.1617599066335674E-14
-0.2334394117373563E-14  -0.6318015909032119E-15
-0.4795503202010470E-15  -0.2164190827376886E-14
-0.3584521165073267E-02  -0.2753745091958306E-02
 0.1148157482601340E+00   0.8820517126013956E-01
-0.1309543325064730E+01   0.7047764333814454E+00
 0.1249964964169955E-15  -0.2598911024852266E-15
-0.1406570827535534E-15  -0.1160214917432745E-15
 0.1729321012489659E-15  -0.2244522675353805E-15
-0.4064802149387242E-01   0.8250316937328793E-01
 0.8819176818325782E-03  -0.1790025718434899E-02
 0.4567004427482748E-15  -0.1537686631178986E-14
-0.1401240981730776E-14  -0.5765539131193366E-15
 0.7025665436061257E-14   0.4095237058763892E-14
 0.2707550770147481E-02   0.1713622248157004E-02
-0.1332777218093741E+00  -0.8435212805401601E-01
-0.1820972497440845E+00  -0.4999135331983977E-01
-0.6239963278886966E-03  -0.1713063812968250E-03
-0.2014864616156750E-15   0.3081912178371533E-15
-0.6313161526363812E-16   0.7736102582593391E-18
 0.1165873541555032E-14   0.2206409730244131E-15
 0.1148157482601346E+00   0.8820517126014046E-01
 0.3584521165072694E-02   0.2753745091957995E-02
 0.1705416136001808E-16   0.2367287680986319E-16
-0.1309543325064732E+01   0.7047764333814471E+00
-0.1168902911461067E+00  -0.2482496689533910E+00
-0.2960690449811263E+00   0.1384558902742350E+00
-0.5758724823119848E-01  -0.2090339937421939E+00
 0.5544049520866913E-14   0.2327565891236496E-14
 0.3093778554114696E-14   0.1638340072304361E-14
 0.2713257327915813E+00   0.1192734657211324E+00
 0.2033547704934863E+00   0.6331676614626491E+00
 0.1301119851135362E+00   0.2163084492024515E+00
-0.2554114034107996E-13  -0.4307521559294204E-13
 0.5389345490445429E-14   0.1001003275079130E-13
 0.9579917541932419E-16   0.2455618687265540E-15
 0.6496599032643574E-16  -0.1302075591425300E-15
 0.3592489258942359E+00  -0.9557170750327300E-01
-0.4113272123451477E+00  -0.3989436861200650E+00
 0.5759247319591353E+00   0.1097803659017630E+00
-0.8037198473050532E-15  -0.1616596095494307E-15
 0.6717790510751479E-15   0.8235465133500018E-15
-0.1568618661868984E-15   0.8339626442232400E-15
 0.5231932373536834E-16   0.1912419564475053E-15
-0.2021636855108870E+00   0.1345537789046649E+01
 0.6371802882661563E-01   0.1203797124745599E+00
 0.3834903884921377E+00  -0.1952824170043004E+00
 0.2420554759244457E-01   0.6678820585562550E-01
-0.6764598419357935E-15   0.4949614141443918E-14
 0.3975035135718317E-15   0.2826712135202445E-14
 0.7424169244119913E-01   0.2807751554550387E+00
-0.1838245618727359E-01  -0.6259880392184473E+00
-0.2914436510485359E+00  -0.2089733824046366E+00
 0.5762719920938714E-13   0.4168689301948180E-13
-0.1169388701057626E-13  -0.9831571669511418E-14
-0.1054973740949391E-15  -0.1139231345691580E-15
-0.1151635179207468E-14  -0.2887187320574458E-15
-0.1434845960947598E+00   0.1202270530213525E+00
-0.3351431547553041E-01  -0.1789389164433609E+00
-0.4899603107128675E+00   0.1486253537224582E+00
 0.1201955380026757E-14  -0.3509783918774082E-16
 0.7818482013495870E-16   0.4614305344174729E-15
 0.8679529929899944E-15  -0.3489305060223064E-15
 0.7721070912278582E-15  -0.3172318074013030E-15
 0.4733029148298902E+00  -0.2760888424140606E+00
-0.1321107611088078E+01   0.6894388629178767E+00
 0.1957297272640507E+00   0.4642326777957436E+00
-0.1726829381988640E+00  -0.3723332932626605E+00
 0.1574547537285791E+00  -0.1216127655108715E+00
-0.1456785076383848E-14   0.2213700252899822E-14
 0.1727062281130249E-14   0.4190476492072456E-15
-0.7740670195295189E-01   0.1958661985495364E+00
-0.4100308464578284E+01   0.5731291959247677E+00
-0.2050520528877791E+00   0.4822731558762873E+00
 0.4100644709569368E-13  -0.9638750721932375E-13
-0.1100623608950965E-13   0.2204563655583650E-13
-0.4299998333788785E-14   0.3538804617070415E-14
 0.1372000451153145E-14   0.9429554345130291E-15
 0.2495264191959235E+00   0.9350646805017560E+00
-0.7706731318382827E-01  -0.5709814024294650E-02
 0.8324440316494530E+00   0.2792765884724953E+00
-0.2133933251344449E-14   0.6072077770940275E-15
-0.3372184592218482E-16   0.8259196136926211E-16
 0.9373116379613994E-15  -0.3115401762410252E-14
-0.5086856494394963E-15   0.2181127879628464E-15
-0.2654658746241481E+00  -0.3884821756674543E+00
 0.4525668416582750E+00   0.3710777175663693E+00
-0.5983897968686669E+01   0.5425344260000259E+01
-0.1038487237891150E-15   0.7472223884004323E-16
 0.1747764771780030E-15  -0.1279852695103884E-15
 0.1604674065475330E-15  -0.1143692578555579E-15
 0.1950156732253170E-15  -0.1396402412374751E-15
-0.2894351247844054E-15   0.2092007585741453E-15
 0.6169772369282464E-16  -0.4698865528894495E-16
 0.2205071101857511E-15  -0.1527252111488132E-15
 0.1596862984922535E-15  -0.1142036248355539E-15
-0.8469024908121576E-16   0.5817532814352001E-16
-0.7480366512195066E-16   0.5089591440399887E-16
-0.4312959551517591E-16   0.3708632906237708E-16
 0.2136797073012816E-15  -0.1535091255711377E-15
-0.5650210996386675E-16   0.4184321533297767E-16
 0.4302128445239085E-16  -0.2984252286445646E-16
 0.5310641627959738E-17  -0.5653516352506853E-17
-0.1248594888502727E-16   0.6162979882822750E-17
 0.4643115336447877E-16  -0.3370858251025616E-16
-0.9857829314702207E-19  -0.1306062108730596E-17
 0.8893057749670360E-17  -0.5810814248168241E-17
-0.1734790198537994E-16   0.1281988971482711E-16
-0.1118944010933435E-15   0.7948698312495712E-16
 0.2716577289389054E-16  -0.1948173612527163E-16
-0.1152011633065704E+01   0.8304683150891733E+00
 0.1787435936657656E-15  -0.1753620990543273E-15
 0.4708401606591623E-15  -0.4556016405834806E-15
 0.5646224584407524E-16  -0.5860870399970580E-16
 0.4948529590593855E-15  -0.5689429201736451E-15
-0.2148213116935477E-15   0.1668217757186890E-15
-0.4503091381684613E-15   0.3082941773191536E-15
-0.1115677094427865E-14   0.4920840887978506E-15
 0.2423058838163572E-16   0.1322884786454919E-15
 0.2730109316543344E-15  -0.1720160341032817E-15
-0.1431272141238822E-15   0.4030566337175897E-15
-0.7833547078989523E-17   0.2831187617752048E-15
 0.1369123322668590E-15  -0.6347634365424609E-16
 0.6984724565545587E-16   0.1551783610640406E-15
-0.9936380760076683E-16   0.4453576921236669E-16
 0.4690738625677743E-15  -0.2792788768759657E-15
 0.1882331112170455E-16   0.2145328543284682E-15
 0.5639576133808634E-16  -0.6677638982990916E-16
-0.1481436752701168E-15   0.8828504584095833E-16
-0.6289737328344942E-17   0.1590459401501786E-15
-0.1987246410069254E-15   0.3146109640801549E-16
 0.2246562111306484E-15   0.9007651144886437E-16
-0.1277176879889511E-14   0.8609999663153603E-15
 0.5840347042159796E-16  -0.4251584539735663E-16
-0.1152011633065702E+01   0.8304683150891716E+00
-0.5326312190692642E-15   0.1000184364900257E-14
 0.5713005843875981E-15  -0.8633804378466222E-15
-0.2546206275712606E-15  -0.1444988279884351E-16
 0.2469887753161756E-02  -0.2798707890354271E-02
 0.1987456936782112E+00  -0.2252050281876978E+00
-0.1905966464821371E-14   0.2552509862242252E-14
-0.2577077573555502E-14   0.5651485288047784E-15
 0.1420281400474567E-13  -0.3255398420483676E-13
 0.7238385259207471E-01  -0.1659422434043485E+00
 0.2141638831284741E-02  -0.4909773927453983E-02
 0.1225622699125282E-04  -0.6068777596083801E-03
 0.2098788939634403E-02  -0.1039233632466533E+00
-0.2302980107406444E-15   0.9366407487422335E-15
-0.8609755885533330E-16   0.1714294311368269E-15
 0.5136979644334317E-15  -0.4700256342435900E-16
-0.1515370496579514E-02  -0.2316709650321466E-02
 0.3741835038741627E-01   0.5720545149670137E-01
 0.7120350559354530E-01   0.1597713416345360E-01
-0.6598124061920274E-03  -0.1480532629474848E-03
 0.6476764835677090E-16  -0.1881123329670548E-15
-0.6727037485546770E-15   0.8070421299709264E-15
-0.3745208776514356E-14   0.3323932534191021E-14
 0.8027408218061792E-16  -0.5692489222289305E-16
 0.6512942337976872E-16  -0.3365834381529353E-16
-0.1245547754310870E+01   0.8627925924347478E+00
 0.2846850476870334E-15  -0.1338108871754051E-15
-0.2203473255205756E-15   0.3320084315223926E-15
-0.4150563795019616E-16  -0.1687131429123909E-16
-0.1987456936782106E+00   0.2252050281876971E+00
 0.2469887753161059E-02  -0.2798707890353870E-02
 0.3346758993298593E-14  -0.3785719122902152E-14
 0.2345393780110538E-15  -0.2834628409021482E-15
-0.3604077010932661E-14   0.8446185209069564E-14
-0.2141638831284451E-02   0.4909773927453661E-02
 0.7238385259207500E-01  -0.1659422434043482E+00
 0.2098788939634180E-02  -0.1039233632466527E+00
-0.1225622699074441E-04   0.6068777596082134E-03
 0.1147947535863969E-15  -0.5828900047323768E-16
-0.2415058868762933E-15   0.1697839600374793E-15
-0.9719491913844444E-16   0.9569613902275127E-16
-0.3741835038741671E-01  -0.5720545149670093E-01
-0.1515370496579832E-02  -0.2316709650321302E-02
-0.6598124061919367E-03  -0.1480532629474770E-03
-0.7120350559354552E-01  -0.1597713416345363E-01
-0.9052120193468125E-16   0.8217839116382282E-16
 0.1294126173750945E-15  -0.1642619576083709E-16
-0.2717304574521836E-16  -0.2064512554199406E-15
-0.1473705209650238E-16   0.1090398693530490E-16
 0.4026239226681272E-15  -0.2209550911884495E-15
-0.1989510986510909E-16   0.2694242398626485E-16
-0.1245547754310868E+01   0.8627925924347463E+00
-0.1221646309933944E+00  -0.1484447851384116E+00
 0.3123740236574398E+00  -0.2286782559975532E+00
-0.5094045234345310E-01   0.4424955110860237E-01
-0.1952445971636961E-14  -0.2304547187582051E-15
-0.8854652071116146E-15  -0.6454979513142398E-16
-0.8525564575499528E-01  -0.2374462252273151E-01
-0.2710128085399740E+00   0.1880887096850206E+00
-0.3071696179224106E-01   0.4323170061124915E-01
 0.5958215717244895E-14  -0.8470196952269308E-14
-0.2282475762818894E-14   0.1905126684178808E-14
 0.5180839604784669E-15  -0.2146775406019049E-15
-0.4933539341763970E-16   0.2285691187270066E-15
 0.8683053249306164E-01  -0.4895036539160083E-01
-0.2555355550137406E-01  -0.1258914147972121E-01
 0.1195659015498804E+00  -0.2733678488582638E+00
-0.2405657238974209E-15   0.3848746841525262E-15
 0.1304814418281431E-16  -0.4376212351207495E-16
 0.3876979894280935E-15   0.7033259226377727E-16
 0.1712060404316063E-15  -0.2855986164427904E-15
 0.8067578346013481E-03   0.2821102616335433E-02
 0.2635450702822598E-01   0.6284067874197788E-01
-0.4555359572235455E+00   0.2883290110181814E-01
-0.1110533037125387E-15   0.7760510220246990E-16
-0.1902650367901790E-15   0.3158623891142587E-17
-0.5024058332337407E-15   0.8786442995785428E-16
 0.6992566593140821E-16  -0.3649153504392516E-16
-0.1324940755002949E+01   0.7936043474208401E+00
-0.1558893418479220E-15  -0.1263606342002046E-15
 0.5894100399894544E-15  -0.1623019222471729E-15
-0.5228664582775593E-15   0.1699777111755969E-15
 0.3454349230209249E-02  -0.2178974553523060E-02
-0.4006704962665569E-01   0.2527395921863691E-01
 0.3672895601907139E-15  -0.2746549007429050E-15
-0.7995346924435306E-15   0.3425951730553841E-17
 0.9904307347410999E-14   0.2213891899464807E-14
 0.5282484346573727E-01   0.1055391245669104E-01
 0.6799121894657418E-02   0.1358401323141687E-02
 0.8645307588780751E-02   0.8133073689212205E-03
 0.8261368467789486E-01   0.7771882935597937E-02
-0.3603937921793302E-15   0.4509696052749537E-15
-0.7895432205640246E-15   0.2133941586240693E-15
 0.1109572098941666E-15   0.2028636759542018E-15
 0.3193253961460531E-02   0.9824157669820317E-02
-0.2284084619944662E-01  -0.7027066343098283E-01
-0.5410272308697639E+00   0.3335794654897444E+00
 0.5849201892836547E-01  -0.3606424094065060E-01
-0.1229034431052529E-15   0.2509314944400330E-16
 0.7915020480947268E-15  -0.1454467262763828E-15
-0.7627056372183761E-15   0.9153719135098764E-15
 0.6381860290754612E-16  -0.4609000597870277E-16
-0.2379306041188485E-15   0.3228166261131839E-16
 0.1616780976761636E+00  -0.7142945248222402E-01
 0.1596529049431052E-01  -0.7053472146935000E-02
 0.5027203679114412E-15   0.8649348216332979E-16
-0.1674295873573626E+01   0.3700507195211265E+00
 0.3127750788682493E-15  -0.6399647855737308E-17
-0.8089529490334748E-16   0.4511060913229546E-16
 0.4692912202561717E-15  -0.4571539228753684E-16
 0.4006704962665547E-01  -0.2527395921863678E-01
 0.3454349230208314E-02  -0.2178974553522760E-02
-0.3938067458744178E-15   0.3851260118293052E-15
 0.1480982763284728E-14  -0.3297921450526037E-15
-0.3691949715476353E-14  -0.7258000867632620E-15
-0.6799121894658280E-02  -0.1358401323141334E-02
 0.5282484346573687E-01   0.1055391245669090E-01
 0.8261368467789466E-01   0.7771882935598044E-02
-0.8645307588781124E-02  -0.8133073689210459E-03
 0.3372543684580050E-15  -0.2218787201091743E-15
-0.5457938414384000E-16   0.3221131548669837E-17
-0.6527750341917312E-15   0.3641909009194229E-15
 0.2284084619944627E-01   0.7027066343098295E-01
 0.3193253961460873E-02   0.9824157669820144E-02
 0.5849201892836545E-01  -0.3606424094065060E-01
 0.5410272308697661E+00  -0.3335794654897448E+00
-0.2869203326170465E-16   0.8241947314883224E-17
-0.4953422550189232E-15   0.1272794664524139E-15
 0.5144897986798051E-16  -0.2999675212139336E-16
 0.7596503624462469E-17  -0.4359267509114976E-17
-0.1360990015975677E-15   0.2161564665839382E-15
-0.1596529049431056E-01   0.7053472146934961E-02
 0.1616780976761636E+00  -0.7142945248222404E-01
-0.2319718778001587E-15   0.8987490987550452E-16
-0.1430875817137744E-15   0.5433208136867983E-16
-0.1674295873573627E+01   0.3700507195211264E+00
 0.5353530103489026E-01   0.9220181620675329E-01
-0.1489018432928474E+00  -0.1340064037124428E-01
 0.4499133430870329E-01  -0.3153563204977385E-01
 0.1028754276830436E-14   0.7893913399830991E-15
 0.1116754311196147E-15   0.3164501560605988E-15
-0.5301436523171454E-02   0.5984854760563643E-01
-0.4199064192123392E+00   0.2880906252729027E+00
-0.3193785471783870E+00   0.1838726790328950E+00
 0.6369216218255509E-13  -0.3677179653718166E-13
-0.1378197514589318E-13   0.8533633846989694E-14
 0.5258950036659379E-15   0.3196584015544610E-15
-0.6463787741473331E-15   0.3188048413057139E-15
-0.1569737059426778E+00   0.2405119362819574E+00
-0.2216166701675909E-01   0.3727910426440578E-02
 0.3202839040137917E+00  -0.1563971125471288E+00
-0.5172300296695285E-15   0.4026971351315684E-15
 0.2272002872054813E-15  -0.8055253048408120E-16
 0.1943762541191475E-15  -0.4413292501926286E-15
 0.1895184229081414E-15  -0.4347289210626254E-16
-0.1080780197594797E+00   0.4982512216968804E-02
 0.2381161381738484E+00  -0.6972921491381866E-01
 0.8237409740099963E-02   0.7650024124734135E+00
-0.3596853081159487E-16   0.2636484259961914E-16
-0.8486009529864688E-16   0.1395848530754328E-15
 0.5429203274801583E-16   0.4556330388747687E-15
 0.8867139223937537E-16  -0.5174563910894987E-16
 0.1155049745975515E+00  -0.2325595837141759E-02
-0.2172103406396963E-16   0.8861531549228686E-16
 0.8754683455728939E-17   0.8175503160926590E-17
-0.1590488279154430E+01   0.3556154448203870E+00
-0.6406185095713401E-01   0.1698820656065647E-01
 0.2107941569839218E+00  -0.1142151333307923E+00
-0.1332259717714559E-01   0.1126839043363734E-01
-0.3406642613013471E-14   0.6938761265594452E-15
-0.2300705045393873E-14   0.1791621893465351E-15
-0.1267195913807258E+00   0.2207393952647575E-01
 0.5261322988975572E-01  -0.1035612294183916E+00
-0.3277096292511335E+00   0.1322040705047230E+00
 0.6442484818983105E-13  -0.2633301644723008E-13
-0.1209554785827635E-13   0.5776573656668928E-14
 0.7455535925238616E-16   0.2087107478802028E-15
-0.2593962023908263E-14   0.4852035615293272E-15
-0.1142447363874299E+00   0.5517182341071982E-01
 0.1964900706920311E-01   0.3956592640572851E-02
-0.1845058649996748E+00   0.1366117893345613E+00
 0.5222149255318027E-15  -0.1972723317872530E-15
-0.4308166599359964E-15   0.1322154057882034E-15
-0.1126983233271466E-17  -0.3772505410913685E-15
 0.1201870403777012E-14  -0.6920044213787133E-16
 0.2405789153661959E+00  -0.1044694929521298E+00
-0.6739240057180279E+00   0.1898732879731672E+00
 0.6539753098234877E+00   0.4293130434605228E+00
 0.3019131156305050E-16  -0.2178996016533067E-16
 0.3796989081345887E-15   0.1131273383997052E-15
 0.1173012623392349E-15   0.3855848832988789E-15
 0.7167794834746061E-15  -0.1250486408331914E-15
-0.1003422299616420E-01   0.8969495960015950E-01
 0.1641856821734292E-15   0.3994794836269553E-16
-0.8078191671629152E-16   0.1579109704923106E-16
-0.7601035882057569E-01  -0.1804141269704893E-01
-0.2125829378177668E+01   0.2608398001880253E+00
-0.2910876349945923E-01   0.1329750589084376E+01
-0.1129185626715277E+00  -0.4800270777283340E+00
 0.2931370970916880E-01   0.2271111999585362E+01
-0.1934515021435812E+00  -0.2793553460622967E+00
 0.3215646842437702E+00   0.1883514620861606E+00
 0.1698909181581513E+01   0.2957327296996513E+01
-0.5357242073931059E-14  -0.2792871290759244E-14
 0.2300761063173371E-14  -0.2000690344459840E-14
 0.4588401828520955E-14   0.6405185287085267E-14
 0.6495115985299414E+00   0.2825780380459762E+01
-0.2796712328055099E-14  -0.1468412613669278E-14
 0.1556499934013126E-14   0.4821383352616660E-15
 0.1404831368577750E-14   0.5447926789393927E-14
-0.1858322523640154E-15   0.2875304161431558E-15
 0.6495115985299416E+00   0.2825780380459762E+01
-0.2907578790926165E+00  -0.8258912551327513E-01
 0.1237428787974026E+00  -0.1345174871583074E+00
 0.2501686287328033E+00   0.3941645735212590E+00
-0.6199801488756969E-14  -0.2510820240021524E-13
-0.4023582081512044E-14  -0.1637581626677405E-13
 0.2745098025638647E+00   0.1291801622021264E+01
-0.1216110902062355E+00  -0.2439754486815388E-01
 0.2255611602442575E+00   0.1416739744532020E+00
-0.2522584790444161E+00  -0.6882110716815218E+00
 0.3231574524666204E-14   0.1016675577748208E-13
 0.2151206181658430E-14   0.4505059806397879E-14
 0.7291396613053762E-01   0.4202437153642760E+00
 0.2839209484612373E+01   0.1253455642082340E+02
-0.1010298155797658E+00  -0.9745429151402346E-01
-0.1259479279940027E+00  -0.2686501665256730E+00
 0.1498619419866718E-01  -0.1417546998313364E+00
-0.2913021935631426E-13  -0.7466970893389920E-14
-0.9272081333103164E-13  -0.2521195281482135E-13
-0.2499257519573566E+00  -0.4924525482817314E-01
 0.5663184722099321E+00   0.2097907270973171E+01
-0.9137720020129334E+00   0.1051418714745772E+01
 0.1909996423131468E-13   0.1718445014182230E-13
 0.2425782229490225E-13   0.5234656115751233E-13
-0.4170652658283254E-14   0.2767495222266581E-13
-0.1914317999742298E-01  -0.5280498109767872E-02
-0.4554638306524992E+00  -0.1256361741963387E+00
 0.5456910565449353E-13   0.1007944823518658E-13
-0.1125129037875055E-12  -0.4172723289427725E-12
 0.3204319499431002E-12   0.2364949936518290E-12
 0.6884788734400898E+00   0.2234064458076793E+01
-0.4557845951454931E-14  -0.4452824962344323E-14
-0.6233050143183965E-14  -0.1299079991460489E-13
 0.5116905205025498E-15  -0.6422536500675551E-14
 0.4554638306524976E+00   0.1256361741963373E+00
-0.1914317999742280E-01  -0.5280498109767859E-02
-0.1858939641804511E-13  -0.4211625827009486E-14
 0.2463644530418382E-13   0.9470474493828808E-13
-0.7263670436720878E-13  -0.5428003651905051E-13
 0.1760744328116460E-15   0.8684459401608881E-16
 0.6884788734400858E+00   0.2234064458076786E+01
 0.8148276279421704E-16   0.4035992921381993E-15
 0.1604204277860911E-15  -0.8376701013771907E-16
 0.6186646231193550E-16  -0.3171411853596708E-15
-0.7819051991064870E-02   0.1059440503225423E-01
 0.1428413309073460E-03  -0.1935425057548760E-03
 0.1471421356781144E-15   0.4376946641230425E-16
-0.1586317148126722E-14   0.1177537463826579E-14
 0.2355344521209229E-13   0.7285522058897053E-15
 0.1104779001181728E-01   0.1196031211756495E-03
-0.4652979003892372E+00  -0.5037304393317673E-02
 0.4985664975539594E+00   0.1829316052912953E+01
 0.5788486220237635E-15   0.4368606396729191E-15
 0.5787671694507591E-15   0.4383230359705197E-15
-0.5879434019360599E-16  -0.1329598697117178E-15
 0.1428413309072392E-03  -0.1935425057548934E-03
 0.7819051991065093E-02  -0.1059440503225227E-01
 0.6975051601016502E-16  -0.4594136194444224E-15
 0.1080552785770347E-14   0.2559582256053315E-14
-0.9534907440167541E-13  -0.2668983312572789E-14
-0.4652979003892395E+00  -0.5037304393318640E-02
-0.1104779001181719E-01  -0.1196031211758274E-03
-0.1075901249602412E-16  -0.9132343954337363E-16
 0.4985664975539604E+00   0.1829316052912957E+01
-0.3073152300539755E-02   0.3279462162424032E+00
-0.1035739015748299E+00  -0.3563023284176514E+00
-0.7561932895152169E-01  -0.1562416651844709E+00
-0.4022041601370260E-15   0.3937655862000388E-15
-0.1879683137386696E-15  -0.3836525446718613E-15
-0.4735089761235535E-01  -0.2857155786333436E-02
-0.1789541553463507E+00   0.2922988696279571E+00
-0.1500455201832681E+00  -0.1545864368512947E+00
 0.3049427289759989E-13   0.3114088796392021E-13
-0.6847294056981247E-14  -0.7207360176493935E-14
 0.3910593268344679E-15   0.8366279425538664E-15
-0.9702695604348836E-15  -0.5452822185291423E-15
-0.7043835425806193E+00   0.1717999778122061E+01
-0.2719753169217075E+00  -0.3300740387521707E+00
 0.8867852504091724E-02   0.5358166246943125E-01
-0.4292330819333014E+00  -0.3597003043635463E+00
 0.4506116569307100E-14   0.4115830475432020E-14
 0.3425366095999902E-14   0.3425538111230642E-14
 0.2817252243882769E+00   0.2694463375185269E+00
-0.1099292206106335E-01   0.1517582971376168E+00
-0.6202710564738850E-01   0.6930459952495446E-02
 0.1334970410556097E-13  -0.1121476071814806E-14
-0.2951525395296391E-14   0.3042510227813568E-15
-0.1588396514023554E-15  -0.2263589621131638E-16
 0.8552263576498056E-15  -0.5171497634981463E-15
-0.8886178124182795E-01  -0.1111602199688166E+00
 0.5397831784871068E+00   0.1357349294402196E+01
-0.9515403054512085E-01  -0.5856858499073025E-01
-0.1598662809611455E+00  -0.3763761385016525E+00
-0.3393656516073581E-01  -0.1307711939040738E+00
-0.3804577277124462E-14  -0.5028753384573944E-14
-0.1698992059813276E-14  -0.2683605852665364E-14
-0.1533648977694470E+00  -0.2809293319999472E+00
-0.2450649813851247E+00  -0.2128296980665381E+01
 0.7519509061500082E-01  -0.3332978652154578E+00
-0.1544162823433892E-13   0.6623416157461737E-13
 0.4154530355138377E-14  -0.1449642130806362E-13
-0.4746741089983829E-15   0.1526791758779117E-15
 0.4088220210237569E-15   0.4142646272782233E-15
 0.2996194504914605E+00   0.8150764460511182E+00
-0.7653101629626924E-01  -0.1169816420438714E+00
-0.6784144954836779E+00   0.1853466033687547E+01
 0.1695392913855641E-15   0.8309886702605426E-16
-0.9750491838271785E-17   0.4593432997292540E-15
 0.1110343345859309E-15  -0.2066910634741331E-15
-0.9633055181788956E-01   0.1816586437241101E-01
 0.5100903537886836E-02  -0.9619203886754831E-03
 0.1716465655945055E-14  -0.1589330111053162E-15
-0.8680510398443544E-16   0.3057075294436273E-14
 0.5273388289588875E-14  -0.8960750984151049E-16
-0.1312947750275975E-02   0.1982762911464246E-03
-0.1204787518301097E+00   0.1819423512456976E-01
-0.3760331802386178E+00   0.7244438439213344E-01
-0.1302962354130493E-01   0.2510212145938935E-02
-0.3555662778368201E-15  -0.6449772042321664E-15
-0.1180310525449667E-15  -0.7686884732231262E-17
 0.1019068758556557E-14  -0.1498972927858361E-15
 0.2110008968567200E-01   0.1585237979077013E+01
 0.1001667256807844E-14   0.2654440155422158E-14
-0.7601961891614347E-16   0.5693433006031212E-15
 0.8188307560908971E-15   0.1393588600099394E-14
-0.5100903537886697E-02   0.9619203886760915E-03
-0.9633055181788901E-01   0.1816586437241097E-01
 0.2933766043934183E-15   0.4772375329347993E-16
-0.2838639854205501E-15  -0.1580119664738644E-14
 0.2341303282679700E-13  -0.4119852756291351E-14
 0.1204787518301102E+00  -0.1819423512457140E-01
-0.1312947750276132E-02   0.1982762911462582E-03
-0.1302962354130494E-01   0.2510212145939114E-02
 0.3760331802386187E+00  -0.7244438439213331E-01
 0.7299513574467104E-15  -0.9971017413276048E-15
-0.1158398622897337E-14   0.8220394441954131E-15
-0.5657426936056426E-16  -0.2222171260140383E-15
-0.2916503843986008E-16  -0.1312426729793703E-15
 0.2110008968567216E-01   0.1585237979077013E+01
 0.5964045584062509E-15  -0.1679676594118710E-15
 0.1921303810837575E-15   0.1106835809974039E-14
 0.4870285280778827E-15   0.1046332853505345E-14
 0.6329232513106844E-03   0.1790025718434755E-02
 0.2917174522428115E-01   0.8250316937328803E-01
-0.5765895267172828E-15  -0.1027363626134394E-14
 0.1750154791527044E-14   0.2556117943193186E-14
 0.2883504962128569E-13   0.1711764816820287E-13
 0.1472597617650111E+00   0.8435212805401562E-01
 0.2991597365002810E-02   0.1713622248157430E-02
-0.6479854936114444E-03  -0.1713063812970901E-03
 0.1890978696297990E+00   0.4999135331984079E-01
-0.9171451473590432E-15  -0.1617599066335674E-14
-0.2248392521669508E-14  -0.6318015909032119E-15
-0.2436839169972091E-15  -0.2164190827376886E-14
-0.2642674496168830E-02  -0.2753745091958306E-02
 0.8464747053024846E-01   0.8820517126013956E-01
-0.1253948233514717E+01   0.7047764333814454E+00
 0.2297410977766480E-16  -0.2598911024852266E-15
 0.1098021916199923E-15  -0.1160214917432745E-15
 0.1901383876155333E-15  -0.2244522675353805E-15
 0.2917174522428113E-01   0.8250316937328793E-01
-0.6329232513096578E-03  -0.1790025718434899E-02
-0.6896541807874158E-15  -0.1537686631178986E-14
-0.1423505653622776E-14  -0.5765539131193366E-15
 0.7559353438556050E-14   0.4095237058763892E-14
 0.2991597365003460E-02   0.1713622248157004E-02
-0.1472597617650114E+00  -0.8435212805401601E-01
-0.1890978696297982E+00  -0.4999135331983977E-01
-0.6479854936106694E-03  -0.1713063812968250E-03
-0.1873958413033683E-15   0.3081912178371533E-15
-0.6563180541133227E-16   0.7736102582593391E-18
 0.9065788826655624E-15   0.2206409730244131E-15
 0.8464747053024897E-01   0.8820517126014046E-01
 0.2642674496168367E-02   0.2753745091957995E-02
 0.3630044398753028E-16   0.2367287680986319E-16
-0.1253948233514718E+01   0.7047764333814471E+00
-0.1061286582332433E+00  -0.2482496689533910E+00
-0.1166978626989042E+00   0.1384558902742350E+00
 0.4795407507423976E-01  -0.2090339937421939E+00
 0.5333711614213223E-14   0.2327565891236496E-14
 0.2775827048015509E-14   0.1638340072304361E-14
 0.2789047304236149E+00   0.1192734657211324E+00
 0.2241432940796030E+00   0.6331676614626491E+00
-0.3288504438174648E-01   0.2163084492024515E+00
 0.6867569047962322E-14  -0.4307521559294204E-13
-0.1843977279337867E-14   0.1001003275079130E-13
 0.1987796436506759E-15   0.2455618687265540E-15
-0.4592607160873040E-15  -0.1302075591425300E-15
 0.4098798380895107E+00  -0.9557170750327300E-01
-0.3988607961475763E+00  -0.3989436861200650E+00
 0.3966095636951439E+00   0.1097803659017630E+00
-0.5566543132126455E-15  -0.1616596095494307E-15
 0.4752855262855322E-15   0.8235465133500018E-15
-0.1325031562118574E-15   0.8339626442232400E-15
 0.5557801041885622E-16   0.1912419564475053E-15
-0.3811767599155580E+00   0.1345537789046649E+01
 0.7619135283216102E-01   0.1203797124745599E+00
 0.9019727967552772E-01  -0.1952824170043004E+00
 0.4328674314501527E-01   0.6678820585562550E-01
 0.6631087063190252E-15   0.4949614141443918E-14
 0.1105846721010841E-14   0.2826712135202445E-14
 0.1273677242750600E+00   0.2807751554550387E+00
-0.2307963770622917E-01  -0.6259880392184473E+00
-0.1409436093615335E+00  -0.2089733824046366E+00
 0.2775295618797445E-13   0.4168689301948180E-13
-0.5223036997592054E-14  -0.9831571669511418E-14
-0.2933756966543512E-15  -0.1139231345691580E-15
-0.5737365166112684E-15  -0.2887187320574458E-15
-0.1075839763134731E+00   0.1202270530213525E+00
-0.2424237872725380E-01  -0.1789389164433609E+00
-0.3258671722107720E+00   0.1486253537224582E+00
 0.9026115743161844E-15  -0.3509783918774082E-16
 0.1391633375212938E-15   0.4614305344174729E-15
 0.7236513630778224E-15  -0.3489305060223064E-15
 0.6620255779331710E-15  -0.3172318074013030E-15
 0.4106146150658607E+00  -0.2760888424140606E+00
-0.1204746301340630E+01   0.6894388629178767E+00
-0.1875524522218545E+00   0.4642326777957436E+00
 0.2769986469202412E+00  -0.3723332932626605E+00
 0.1251182654337052E+00  -0.1216127655108715E+00
 0.3029736116456890E-15   0.2213700252899822E-14
 0.1666533745190537E-14   0.4190476492072456E-15
-0.6797056254695080E-01   0.1958661985495364E+00
-0.2594396055650508E+01   0.5731291959247677E+00
 0.5879105383470624E-01   0.4822731558762873E+00
-0.1144702988919452E-13  -0.9638750721932375E-13
 0.1225531690765610E-14   0.2204563655583650E-13
-0.5111415507242244E-14   0.3538804617070415E-14
 0.1629843762024193E-14   0.9429554345130291E-15
-0.5713477627738640E-01   0.9350646805017560E+00
-0.3704013611456826E-01  -0.5709814024294650E-02
 0.2142837757915007E+00   0.2792765884724953E+00
-0.1501091678869181E-14   0.6072077770940275E-15
-0.3023465787043594E-15   0.8259196136926211E-16
 0.2546254288677256E-14  -0.3115401762410252E-14
-0.8261898435165582E-15   0.2181127879628464E-15
 0.1432574969214090E-01  -0.3884821756674543E+00
 0.1404602833592833E+00   0.3710777175663693E+00
-0.7125655511339640E+01   0.5425344260000259E+01
-0.9692304123082745E-16   0.7472223884004323E-16
 0.1631614710860366E-15  -0.1279852695103884E-15
 0.1499585495468200E-15  -0.1143692578555579E-15
 0.1817989862420811E-15  -0.1396402412374751E-15
-0.2712194312131544E-15   0.2092007585741453E-15
 0.5895422665794120E-16  -0.4698865528894495E-16
 0.2037738644202576E-15  -0.1527252111488132E-15
 0.1490135466118830E-15  -0.1142036248355539E-15
-0.7796310192379507E-16   0.5817532814352001E-16
-0.6869489791254026E-16   0.5089591440399887E-16
-0.4294562944272781E-16   0.3708632906237708E-16
 0.1996722372779279E-15  -0.1535091255711377E-15
-0.5326245003255835E-16   0.4184321533297767E-16
 0.3976113949435061E-16  -0.2984252286445646E-16
 0.5734030574527801E-17  -0.5653516352506853E-17
-0.1045678059895187E-16   0.6162979882822750E-17
 0.4360083594168762E-16  -0.3370858251025616E-16
 0.5510501955489578E-18  -0.1306062108730596E-17
 0.8074364394093675E-17  -0.5810814248168241E-17
-0.1644663855534504E-16   0.1281988971482711E-16
-0.1041330520416956E-15   0.7948698312495712E-16
 0.2541780731180347E-16  -0.1948173612527163E-16
-0.1078184397978538E+01   0.8304683150891733E+00
 0.1288701853199713E-15  -0.1753620990543273E-15
 0.4911142826548215E-15  -0.4556016405834806E-15
 0.9053099165076388E-16  -0.5860870399970580E-16
 0.7852191888580771E-16  -0.5689429201736451E-15
-0.1489519953776167E-15   0.1668217757186890E-15
-0.3957439531391475E-15   0.3082941773191536E-15
-0.7481649904461389E-15   0.4920840887978506E-15
 0.5062090409164879E-16   0.1322884786454919E-15
 0.2666897214436882E-15  -0.1720160341032817E-15
 0.1609377778170004E-17   0.4030566337175897E-15
-0.1994899167260771E-17   0.2831187617752048E-15
 0.1271474041511078E-15  -0.6347634365424609E-16
 0.4879815003250797E-17   0.1551783610640406E-15
-0.8783791840229505E-16   0.4453576921236669E-16
 0.2822307444092572E-15  -0.2792788768759657E-15
-0.2041149395014127E-16   0.2145328543284682E-15
 0.5715286946201417E-16  -0.6677638982990916E-16
-0.1240012077814767E-15   0.8828504584095833E-16
-0.1856356825286552E-15   0.1590459401501786E-15
-0.1747206422171136E-15   0.3146109640801549E-16
 0.1760498456595902E-15   0.9007651144886437E-16
-0.1413600406378019E-14   0.8609999663153603E-15
 0.5486056386026100E-16  -0.4251584539735663E-16
-0.1078184397978536E+01   0.8304683150891716E+00
-0.5893568648282315E-15   0.1000184364900257E-14
 0.4414377093137847E-15  -0.8633804378466222E-15
-0.5029635577187746E-15  -0.1444988279884351E-16
 0.3250509538978260E-03  -0.2798707890354271E-02
 0.2615603775125003E-01  -0.2252050281876978E+00
 0.5206715252107050E-16   0.2552509862242252E-14
-0.1611316764024240E-14   0.5651485288047784E-15
 0.2052404723660207E-14  -0.3255398420483676E-13
 0.1020953147373359E-01  -0.1659422434043485E+00
 0.3020719161855081E-03  -0.4909773927453983E-02
-0.1271167419395955E-04  -0.6068777596083801E-03
-0.2176780931369936E-02  -0.1039233632466533E+00
-0.3787237049191725E-15   0.9366407487422335E-15
-0.1911775714834824E-15   0.1714294311368269E-15
 0.1023893354435277E-15  -0.4700256342435900E-16
-0.8152757271660059E-03  -0.2316709650321466E-02
 0.2013123054085716E-01   0.5720545149670137E-01
-0.5800648437157393E-02   0.1597713416345360E-01
 0.5375212597853119E-04  -0.1480532629474848E-03
 0.5472829909878273E-16  -0.1881123329670548E-15
-0.6471919008927035E-15   0.8070421299709264E-15
-0.4458784057456399E-14   0.3323932534191021E-14
 0.7464146332355276E-16  -0.5692489222289305E-16
 0.4254944346977414E-16  -0.3365834381529353E-16
-0.1135372067211550E+01   0.8627925924347478E+00
 0.2477161572044089E-15  -0.1338108871754051E-15
-0.7040310642022469E-16   0.3320084315223926E-15
-0.1512288813923593E-15  -0.1687131429123909E-16
-0.2615603775124971E-01   0.2252050281876971E+00
 0.3250509538971699E-03  -0.2798707890353870E-02
 0.4444712253467528E-15  -0.3785719122902152E-14
 0.1840316774931991E-15  -0.2834628409021482E-15
-0.4687218727703694E-15   0.8446185209069564E-14
-0.3020719161853360E-03   0.4909773927453661E-02
 0.1020953147373373E-01  -0.1659422434043482E+00
-0.2176780931370213E-02  -0.1039233632466527E+00
 0.1271167419434441E-04   0.6068777596082134E-03
 0.1500058998880687E-15  -0.5828900047323768E-16
-0.2219720157682998E-15   0.1697839600374793E-15
-0.1440317921356127E-15   0.9569613902275127E-16
-0.2013123054085770E-01  -0.5720545149670093E-01
-0.8152757271662348E-03  -0.2316709650321302E-02
 0.5375212597863429E-04  -0.1480532629474770E-03
 0.5800648437157238E-02  -0.1597713416345363E-01
 0.3465841055797450E-16   0.8217839116382282E-16
-0.9355021592725040E-17  -0.1642619576083709E-16
 0.1924631657412884E-16  -0.2064512554199406E-15
-0.1391355576519887E-16   0.1090398693530490E-16
 0.3196521136028830E-15  -0.2209550911884495E-15
-0.1631724269590693E-16   0.2694242398626485E-16
-0.1135372067211549E+01   0.8627925924347463E+00
-0.1110372657275862E+00  -0.1484447851384116E+00
 0.1200882802397967E+00  -0.2286782559975532E+00
 0.4378127570401470E-01   0.4424955110860237E-01
-0.3200714680281998E-15  -0.2304547187582051E-15
-0.6930692360771832E-16  -0.6454979513142398E-16
-0.3190534368716982E-03  -0.2374462252273151E-01
-0.1535286314538021E+00   0.1880887096850206E+00
-0.3279813200265543E-01   0.4323170061124915E-01
 0.6470680093318191E-14  -0.8470196952269308E-14
-0.2421434777868596E-14   0.1905126684178808E-14
 0.4836051762645434E-15  -0.2146775406019049E-15
-0.6270669927479610E-16   0.2285691187270066E-15
 0.1123793574539007E+00  -0.4895036539160083E-01
-0.3566576924640791E-01  -0.1258914147972121E-01
 0.4716929300003343E-01  -0.2733678488582638E+00
-0.2327724230870161E-15   0.3848746841525262E-15
-0.2308492457443857E-16  -0.4376212351207495E-16
 0.4790892065963837E-15   0.7033259226377727E-16
 0.7755305654252305E-16  -0.2855986164427904E-15
-0.1305490092261052E+00   0.2821102616335433E-02
 0.1350815724864101E+00   0.6284067874197788E-01
-0.4238881381863420E+00   0.2883290110181814E-01
-0.1027951645813619E-15   0.7760510220246990E-16
-0.2075127275842425E-15   0.3158623891142587E-17
-0.4481716070838216E-15   0.8786442995785428E-16
 0.5778012699812159E-16  -0.3649153504392516E-16
-0.1268003420688561E+01   0.7936043474208401E+00
-0.2740671678229935E-15  -0.1263606342002046E-15
 0.7327777107575885E-15  -0.1623019222471729E-15
-0.3562317240288287E-15   0.1699777111755969E-15
-0.4025863025290618E-02  -0.2178974553523060E-02
 0.4669604688890749E-01   0.2527395921863691E-01
-0.3967624833766389E-15  -0.2746549007429050E-15
-0.5715312536436401E-15   0.3425951730553841E-17
 0.1428957519886929E-13   0.2213891899464807E-14
 0.7524257603007357E-01   0.1055391245669104E-01
 0.9684523654638682E-02   0.1358401323141687E-02
 0.7648002361040595E-02   0.8133073689212205E-03
 0.7308353681837118E-01   0.7771882935597937E-02
-0.4125816184036409E-15   0.4509696052749537E-15
-0.6695707039173305E-15   0.2133941586240693E-15
 0.4098227800956797E-16   0.2028636759542018E-15
 0.1767939788895687E-03   0.9824157669820317E-02
-0.1264579682527266E-02  -0.7027066343098283E-01
-0.4873051493932068E+00   0.3335794654897444E+00
 0.5268396930109180E-01  -0.3606424094065060E-01
-0.8743413897067276E-16   0.2509314944400330E-16
 0.6826430095103313E-15  -0.1454467262763828E-15
-0.8603891182429357E-15   0.9153719135098764E-15
 0.5980339909336143E-16  -0.4609000597870277E-16
-0.1952073824743027E-15   0.3228166261131839E-16
 0.7779504663938357E-01  -0.7142945248222402E-01
 0.7682057968692367E-02  -0.7053472146935000E-02
 0.5066463117678867E-15   0.8649348216332979E-16
-0.1589989937230749E+01   0.3700507195211265E+00
 0.3900169580013574E-15  -0.6399647855737308E-17
-0.1448318534231977E-15   0.4511060913229546E-16
 0.4732719307330554E-15  -0.4571539228753684E-16
-0.4669604688890767E-01  -0.2527395921863678E-01
-0.4025863025291559E-02  -0.2178974553522760E-02
 0.1120034893487481E-14   0.3851260118293052E-15
 0.1437070696926085E-14  -0.3297921450526037E-15
-0.5271540940140937E-14  -0.7258000867632620E-15
-0.9684523654639444E-02  -0.1358401323141334E-02
 0.7524257603007330E-01   0.1055391245669090E-01
 0.7308353681837100E-01   0.7771882935598044E-02
-0.7648002361040901E-02  -0.8133073689210459E-03
 0.3015604863976554E-15  -0.2218787201091743E-15
-0.7730001884335431E-16   0.3221131548669837E-17
-0.6190430206661473E-15   0.3641909009194229E-15
 0.1264579682526906E-02   0.7027066343098295E-01
 0.1767939788898647E-03   0.9824157669820144E-02
 0.5268396930109179E-01  -0.3606424094065060E-01
 0.4873051493932087E+00  -0.3335794654897448E+00
-0.4004784321145543E-16   0.8241947314883224E-17
-0.4634838354849997E-15   0.1272794664524139E-15
 0.6930585744596560E-16  -0.2999675212139336E-16
 0.6795927336345072E-17  -0.4359267509114976E-17
 0.6080486610576097E-16   0.2161564665839382E-15
-0.7682057968692419E-02   0.7053472146934961E-02
 0.7779504663938366E-01  -0.7142945248222404E-01
-0.2409348708512894E-15   0.8987490987550452E-16
-0.1245612770914284E-15   0.5433208136867983E-16
-0.1589989937230749E+01   0.3700507195211264E+00
 0.2724571453184346E-03   0.9220181620675329E-01
-0.3128092389867980E-01  -0.1340064037124428E-01
 0.8801396036832644E-02  -0.3153563204977385E-01
 0.7899074716745717E-15   0.7893913399830991E-15
-0.1888915157224896E-15   0.3164501560605988E-15
-0.2843827570846157E-01   0.5984854760563643E-01
-0.2915564769699405E+00   0.2880906252729027E+00
-0.2894778444755984E+00   0.1838726790328950E+00
 0.5771353488774487E-13  -0.3677179653718166E-13
-0.1237946567561069E-13   0.8533633846989694E-14
 0.5550552347146675E-15   0.3196584015544610E-15
-0.6279840142041045E-15   0.3188048413057139E-15
-0.2264620225773608E+00   0.2405119362819574E+00
-0.1257647033526873E-01   0.3727910426440578E-02
 0.3123837001537392E+00  -0.1563971125471288E+00
-0.4833682159667684E-15   0.4026971351315684E-15
 0.2447054120009512E-15  -0.8055253048408120E-16
 0.2506661255582087E-15  -0.4413292501926286E-15
 0.2227836778232229E-15  -0.4347289210626254E-16
-0.2830687304710632E-01   0.4982512216968804E-02
 0.1635876494983222E+00  -0.6972921491381866E-01
 0.3793120208137494E-02   0.7650024124734135E+00
-0.3386491714113174E-16   0.2636484259961914E-16
-0.9700426043715854E-16   0.1395848530754328E-15
 0.4707063818399906E-16   0.4556330388747687E-15
 0.1063200023699160E-15  -0.5174563910894987E-16
 0.8745546378267105E-01  -0.2325595837141759E-02
-0.7530496395264818E-16   0.8861531549228686E-16
 0.1370057034869464E-16   0.8175503160926590E-17
-0.1602492795969694E+01   0.3556154448203870E+00
-0.4475694019206218E-01   0.1698820656065647E-01
-0.3210197790289877E-01  -0.1142151333307923E+00
 0.7036163668843171E-01   0.1126839043363734E-01
-0.1389790765081611E-14   0.6938761265594452E-15
-0.1291508260834814E-14   0.1791621893465351E-15
-0.3061717247830903E-01   0.2207393952647575E-01
 0.9206784254791622E-01  -0.1035612294183916E+00
-0.2929481372387518E+00   0.1322040705047230E+00
 0.5765488883095951E-13  -0.2633301644723008E-13
-0.1092911091620987E-13   0.5776573656668928E-14
-0.5626322354890691E-16   0.2087107478802028E-15
-0.2342231104167858E-14   0.4852035615293272E-15
 0.5358246480227330E-02   0.5517182341071982E-01
-0.5629560609627706E-02   0.3956592640572851E-02
-0.1634014798418908E+00   0.1366117893345613E+00
 0.3506840633955893E-15  -0.1972723317872530E-15
-0.4696347081659894E-15   0.1322154057882034E-15
-0.3097677578118814E-16  -0.3772505410913685E-15
 0.9663622094881468E-15  -0.6920044213787133E-16
 0.5997092935477207E-02  -0.1044694929521298E+00
-0.3785505174473255E+00   0.1898732879731672E+00
 0.4880524656872466E+00   0.4293130434605228E+00
 0.2828120964281563E-16  -0.2178996016533067E-16
 0.2971447153488293E-15   0.1131273383997052E-15
 0.1176013218678418E-15   0.3855848832988789E-15
 0.6433934532066049E-15  -0.1250486408331914E-15
-0.4454157852476956E-02   0.8969495960015950E-01
 0.1079935058639108E-15   0.3994794836269553E-16
-0.6898995880835471E-16   0.1579109704923106E-16
-0.8523769230087502E-01  -0.1804141269704893E-01
-0.1938641555842169E+01   0.2608398001880253E+00
-0.1427139606071430E+00   0.1329750589084376E+01
-0.1292848220363226E+00  -0.4800270777283340E+00
 0.1942577098705025E+00   0.2271111999585362E+01
 0.2832996263854064E-01  -0.2793553460622967E+00
 0.3084937058804109E+00   0.1883514620861606E+00
 0.1144145452915247E+01   0.2957327296996513E+01
-0.4936291021498780E-14  -0.2792871290759244E-14
 0.6951497890673831E-15  -0.2000690344459840E-14
 0.4986281249687243E-14   0.6405185287085267E-14
 0.9184723299146518E+00   0.2825780380459762E+01
-0.3062420034617946E-14  -0.1468412613669278E-14
 0.8747349645303739E-15   0.4821383352616660E-15
 0.3400844901720673E-14   0.5447926789393927E-14
-0.9302454639925626E-16   0.2875304161431558E-15
 0.9184723299146503E+00   0.2825780380459762E+01
-0.2752521753485833E+00  -0.8258912551327513E-01
 0.4328748926167393E-01  -0.1345174871583074E+00
 0.2954346141425479E+00   0.3941645735212590E+00
-0.1148527912322343E-13  -0.2510820240021524E-13
-0.7512153014906574E-14  -0.1637581626677405E-13
 0.2228849584119317E+00   0.1291801622021264E+01
 0.1228410939305143E+00  -0.2439754486815388E-01
 0.1565943843212748E-01   0.1416739744532020E+00
-0.3536278917580409E+00  -0.6882110716815218E+00
 0.4511247818509295E-14   0.1016675577748208E-13
 0.1850290986618500E-14   0.4505059806397879E-14
 0.1848720911269131E+00   0.4202437153642760E+00
 0.3609140095506117E+01   0.1253455642082340E+02
-0.3424460948230371E-01  -0.9745429151402346E-01
-0.1625077536339795E+00  -0.2686501665256730E+00
-0.1750631746716315E+00  -0.1417546998313364E+00
-0.2003427181167430E-13  -0.7466970893389920E-14
-0.6226938731910461E-13  -0.2521195281482135E-13
-0.1937315417948746E+00  -0.4924525482817314E-01
 0.6537863831204301E+00   0.2097907270973171E+01
-0.8181307274934870E+00   0.1051418714745772E+01
 0.5545439794960900E-14   0.1718445014182230E-13
 0.3154203813407605E-13   0.5234656115751233E-13
 0.3401110114880754E-13   0.2767495222266581E-13
-0.1281627819116977E-01  -0.5280498109767872E-02
-0.3049311117820577E+00  -0.1256361741963387E+00
 0.4159870528877223E-13   0.1007944823518658E-13
-0.1300737214697370E-12  -0.4172723289427725E-12
 0.2876843742626052E-12   0.2364949936518290E-12
 0.6204444351805628E+00   0.2234064458076793E+01
-0.1522794724222866E-14  -0.4452824962344323E-14
-0.7689509495774749E-14  -0.1299079991460489E-13
-0.8174729413902975E-14  -0.6422536500675551E-14
 0.3049311117820561E+00   0.1256361741963373E+00
-0.1281627819116947E-01  -0.5280498109767859E-02
-0.1366660195742711E-13  -0.4211625827009486E-14
 0.2906529956720581E-13   0.9470474493828808E-13
-0.6515518222804640E-13  -0.5428003651905051E-13
 0.1981921571303503E-15   0.8684459401608881E-16
 0.6204444351805594E+00   0.2234064458076786E+01
-0.2829903239683485E-16   0.4035992921381993E-15
 0.3075391251378226E-15  -0.8376701013771907E-16
-0.1746602699906104E-15  -0.3171411853596708E-15
 0.3575329116326506E-01   0.1059440503225423E-01
-0.6531543337878747E-03  -0.1935425057548760E-03
-0.5163308612202976E-15   0.4376946641230425E-16
 0.1176228233816109E-14   0.1177537463826579E-14
 0.1687537521187320E-13   0.7285522058897053E-15
 0.7627276710381962E-02   0.1196031211756495E-03
-0.3212367211209007E+00  -0.5037304393317673E-02
 0.5303657642823497E+00   0.1829316052912953E+01
 0.3048988260903814E-15   0.4368606396729191E-15
 0.2815157151632956E-15   0.4383230359705197E-15
-0.8265612754921419E-15  -0.1329598697117178E-15
-0.6531543337880617E-03  -0.1935425057548934E-03
-0.3575329116326468E-01  -0.1059440503225227E-01
 0.4014803774474597E-15  -0.4594136194444224E-15
 0.9528614178370339E-15   0.2559582256053315E-14
-0.6658799915832699E-13  -0.2668983312572789E-14
-0.3212367211209022E+00  -0.5037304393318640E-02
-0.7627276710381835E-02  -0.1196031211758274E-03
 0.2277968056698353E-16  -0.9132343954337363E-16
 0.5303657642823508E+00   0.1829316052912957E+01
 0.6674872867861478E-01   0.3279462162424032E+00
-0.8915904576262956E-01  -0.3563023284176514E+00
-0.9180068828796847E-01  -0.1562416651844709E+00
 0.1191601246626010E-15   0.3937655862000388E-15
-0.8479213111936003E-16  -0.3836525446718613E-15
-0.3080074774732108E-01  -0.2857155786333436E-02
 0.4339483422934095E+00   0.2922988696279571E+00
-0.2160402535667886E+00  -0.1545864368512947E+00
 0.4367427030020343E-13   0.3114088796392021E-13
-0.9908011861986052E-14  -0.7207360176493935E-14
 0.2750115684207035E-15   0.8366279425538664E-15
-0.1064134414579886E-14  -0.5452822185291423E-15
-0.3053174687140677E+00   0.1717999778122061E+01
-0.1815285134735669E+00  -0.3300740387521707E+00
 0.1270877154481563E-01   0.5358166246943125E-01
-0.6353156402212516E+00  -0.3597003043635463E+00
 0.4528730278421403E-14   0.4115830475432020E-14
 0.4284608132187247E-14   0.3425538111230642E-14
 0.2845122004317857E+00   0.2694463375185269E+00
-0.2437727250587201E-01   0.1517582971376168E+00
-0.1107703008008170E+00   0.6930459952495446E-02
 0.2243454997885997E-13  -0.1121476071814806E-14
-0.5126363722816476E-14   0.3042510227813568E-15
-0.5603606728423489E-16  -0.2263589621131638E-16
 0.2936693434994156E-16  -0.5171497634981463E-15
-0.7662402851006447E-01  -0.1111602199688166E+00
 0.3039424160430835E+00   0.1357349294402196E+01
 0.1566573740577604E-01  -0.5856858499073025E-01
-0.1045206852621596E+00  -0.3763761385016525E+00
-0.3380181353925871E+00  -0.1307711939040738E+00
-0.3911593432540203E-14  -0.5028753384573944E-14
-0.1128709828806407E-14  -0.2683605852665364E-14
-0.1748682672046985E+00  -0.2809293319999472E+00
-0.5790349771924471E-01  -0.2128296980665381E+01
 0.7608645469766911E-01  -0.3332978652154578E+00
-0.1537814089441908E-13   0.6623416157461737E-13
 0.4237521404222904E-14  -0.1449642130806362E-13
-0.9133885712393353E-15   0.1526791758779117E-15
 0.5873105161194682E-15   0.4142646272782233E-15
 0.3617128062873780E+00   0.8150764460511182E+00
-0.1415567250821440E+00  -0.1169816420438714E+00
-0.7818307912324015E+00   0.1853466033687547E+01
 0.5241659617279946E-16   0.8309886702605426E-16
-0.9362335289484693E-16   0.4593432997292540E-15
 0.2757459864163953E-15  -0.2066910634741331E-15
 0.9290585394680848E-01   0.1816586437241101E-01
-0.4919558646186985E-02  -0.9619203886754831E-03
-0.1298180450723964E-14  -0.1589330111053162E-15
 0.3630552902524892E-15   0.3057075294436273E-14
-0.5212442682405240E-14  -0.8960750984151049E-16
 0.1327982340029242E-02   0.1982762911464246E-03
 0.1218583563172898E+00   0.1819423512456976E-01
-0.1361030433756922E+00   0.7244438439213344E-01
-0.4715997181115305E-02   0.2510212145938935E-02
-0.3576128528414974E-15  -0.6449772042321664E-15
-0.1825009056570563E-16  -0.7686884732231262E-17
 0.9895757393497234E-15  -0.1498972927858361E-15
-0.3670385984698505E-02   0.1585237979077013E+01
 0.7928263499053831E-15   0.2654440155422158E-14
 0.4176471084279040E-16   0.5693433006031212E-15
 0.1425737988763295E-14   0.1393588600099394E-14
 0.4919558646187060E-02   0.9619203886760915E-03
 0.9290585394680870E-01   0.1816586437241097E-01
-0.1710026819393291E-14   0.4772375329347993E-16
-0.1995610218874530E-15  -0.1580119664738644E-14
-0.2433855982667698E-13  -0.4119852756291351E-14
-0.1218583563172899E+00  -0.1819423512457140E-01
 0.1327982340029140E-02   0.1982762911462582E-03
-0.4715997181115351E-02   0.2510212145939114E-02
 0.1361030433756924E+00  -0.7244438439213331E-01
 0.3927823681526439E-15  -0.9971017413276048E-15
-0.6112905973930236E-15   0.8220394441954131E-15
-0.1394801707421307E-15  -0.2222171260140383E-15
-0.1734723475976813E-17  -0.1312426729793703E-15
-0.3670385984698483E-02   0.1585237979077013E+01
 0.3423106475613829E-15  -0.1679676594118710E-15
 0.3571056698233345E-16   0.1106835809974039E-14
 0.1293606017274571E-14   0.1046332853505345E-14
 0.2356977523066619E-02   0.1790025718434755E-02
 0.1086342580399021E+00   0.8250316937328803E-01
-0.1470145476409303E-14  -0.1027363626134394E-14
-0.3961149312627162E-15   0.2556117943193186E-14
 0.2665358208390891E-13   0.1711764816820287E-13
 0.1368642331926977E+00   0.8435212805401562E-01
 0.2780411121646000E-02   0.1713622248157430E-02
-0.5730481565535311E-03  -0.1713063812970901E-03
 0.1672293387242166E+00   0.4999135331984079E-01
-0.1091426219412621E-14  -0.1617599066335674E-14
-0.1861288070171559E-14  -0.6318015909032119E-15
 0.4168795480018311E-15  -0.2164190827376886E-14
-0.1744419395633149E-02  -0.2753745091958306E-02
 0.5587547372871730E-01   0.8820517126013956E-01
-0.1207651671046519E+01   0.7047764333814454E+00
-0.5505507002162448E-16  -0.2598911024852266E-15
 0.2693713750515958E-15  -0.1160214917432745E-15
-0.9350450842123866E-16  -0.2244522675353805E-15
 0.1086342580399025E+00   0.8250316937328793E-01
-0.2356977523065665E-02  -0.1790025718434899E-02
-0.2004953720847814E-14  -0.1537686631178986E-14
-0.1130034413674981E-14  -0.5765539131193366E-15
 0.7063937844005876E-14   0.4095237058763892E-14
 0.2780411121646732E-02   0.1713622248157004E-02
-0.1368642331926976E+00  -0.8435212805401601E-01
-0.1672293387242155E+00  -0.4999135331983977E-01
-0.5730481565527164E-03  -0.1713063812968250E-03
-0.2539538900553051E-15   0.3081912178371533E-15
-0.1086160789102379E-15   0.7736102582593391E-18
 0.6368671667121543E-15   0.2206409730244131E-15
 0.5587547372871780E-01   0.8820517126014046E-01
 0.1744419395632683E-02   0.2753745091957995E-02
 0.4250072516143177E-16   0.2367287680986319E-16
-0.1207651671046521E+01   0.7047764333814471E+00
-0.1119211343381818E+00  -0.2482496689533910E+00
-0.2444841632594497E-01   0.1384558902742350E+00
-0.2069636613997017E-01  -0.2090339937421939E+00
 0.2992544191141532E-14   0.2327565891236496E-14
 0.1468016267908822E-14   0.1638340072304361E-14
 0.1512149396837847E+00   0.1192734657211324E+00
-0.7701087572741730E-01   0.6331676614626491E+00
 0.8113724363555402E-02   0.2163084492024515E+00
-0.1413105302415221E-14  -0.4307521559294204E-13
 0.7177507202460059E-16   0.1001003275079130E-13
 0.3371529155757819E-15   0.2455618687265540E-15
-0.3150121457920888E-15  -0.1302075591425300E-15
 0.1994097701988822E+00  -0.9557170750327300E-01
-0.2943288473850039E+00  -0.3989436861200650E+00
 0.4484403145128543E+00   0.1097803659017630E+00
-0.5349530700531947E-15  -0.1616596095494307E-15
 0.5670462499951481E-15   0.8235465133500018E-15
-0.3693460049641936E-15   0.8339626442232400E-15
 0.2580977569861621E-15   0.1912419564475053E-15
-0.4205201342516794E+00   0.1345537789046649E+01
-0.4696447047500720E-01   0.1203797124745599E+00
-0.1306400397628334E-01  -0.1952824170043004E+00
 0.3408497151617501E+00   0.6678820585562550E-01
 0.1445651102048944E-14   0.4949614141443918E-14
 0.1053458919513737E-14   0.2826712135202445E-14
 0.1506181605832446E+00   0.2807751554550387E+00
 0.2018123245642040E+00  -0.6259880392184473E+00
 0.2404117929638243E-01  -0.2089733824046366E+00
-0.5070479854094463E-14   0.4168689301948180E-13
 0.2007372085052330E-14  -0.9831571669511418E-14
-0.5639910266864987E-15  -0.1139231345691580E-15
-0.1040649310231987E-15  -0.2887187320574458E-15
-0.9988741016803890E-01   0.1202270530213525E+00
 0.1026450251427171E+00  -0.1789389164433609E+00
-0.2657976912838532E+00   0.1486253537224582E+00
 0.6548487076178262E-15  -0.3509783918774082E-16
-0.1293965011065125E-15   0.4614305344174729E-15
 0.5998368177681243E-15  -0.3489305060223064E-15
 0.5754058201861699E-15  -0.3172318074013030E-15
 0.2110401548684849E+00  -0.2760888424140606E+00
-0.1308996075992737E+01   0.6894388629178767E+00
-0.3392045391627007E+00   0.4642326777957436E+00
 0.5250907460791705E+00  -0.3723332932626605E+00
-0.9702747434364278E-01  -0.1216127655108715E+00
 0.3707494380689538E-14   0.2213700252899822E-14
 0.2981311013342513E-14   0.4190476492072456E-15
 0.6318303209485565E-01   0.1958661985495364E+00
 0.1463831721345436E+01   0.5731291959247677E+00
 0.8169504878293623E+00   0.4822731558762873E+00
-0.1620233881608259E-12  -0.9638750721932375E-13
 0.3564432250475714E-13   0.2204563655583650E-13
-0.4847400938152440E-14   0.3538804617070415E-14
 0.2426440800991350E-14   0.9429554345130291E-15
-0.1896553404310403E+00   0.9350646805017560E+00
 0.4084050734532482E-01  -0.5709814024294650E-02
-0.8063023129534180E+00   0.2792765884724953E+00
-0.1499377761368870E-15   0.6072077770940275E-15
-0.8297306763123310E-15   0.8259196136926211E-16
 0.4141886592075583E-14  -0.3115401762410252E-14
-0.1184126204546364E-14   0.2181127879628464E-15
 0.3632900169285972E+00  -0.3884821756674543E+00
-0.2384848573376208E+00   0.3710777175663693E+00
-0.6896770309904801E+01   0.5425344260000259E+01
-0.9048318867395499E-16   0.7472223884004323E-16
 0.1525461204651660E-15  -0.1279852695103884E-15
 0.1401735315640518E-15  -0.1143692578555579E-15
 0.1692918691788223E-15  -0.1396402412374751E-15
-0.2547280126657822E-15   0.2092007585741453E-15
 0.5706914229238706E-16  -0.4698865528894495E-16
 0.1870774540360972E-15  -0.1527252111488132E-15
 0.1390315883834353E-15  -0.1142036248355539E-15
-0.7113139431581781E-16   0.5817532814352001E-16
-0.6242443829944382E-16   0.5089591440399887E-16
-0.4419655807686773E-16   0.3708632906237708E-16
 0.1867160071761510E-15  -0.1535091255711377E-15
-0.5052218837168378E-16   0.4184321533297767E-16
 0.3651274407337058E-16  -0.2984252286445646E-16
 0.6531959367989401E-17  -0.5653516352506853E-17
-0.7998737675527351E-17   0.6162979882822750E-17
 0.4108177600297091E-16  -0.3370858251025616E-16
 0.1478609696299363E-17  -0.1306062108730596E-17
 0.7166621021924460E-17  -0.5810814248168241E-17
-0.1572185864422114E-16   0.1281988971482711E-16
-0.9673826938711193E-16   0.7948698312495712E-16
 0.2381007055004861E-16  -0.1948173612527163E-16
-0.1010701645171710E+01   0.8304683150891733E+00
 0.1455009668769367E-15  -0.1753620990543273E-15
 0.4980897464487494E-15  -0.4556016405834806E-15
 0.2585254820887181E-16  -0.5860870399970580E-16
-0.3179660018959961E-16  -0.5689429201736451E-15
-0.1220970733449262E-15   0.1668217757186890E-15
-0.3446256400440627E-15   0.3082941773191536E-15
 0.3514125707640917E-16   0.4920840887978506E-15
 0.2208206006636169E-15   0.1322884786454919E-15
 0.2688138894381958E-15  -0.1720160341032817E-15
 0.2400436712970660E-15   0.4030566337175897E-15
 0.1929651051905053E-15   0.2831187617752048E-15
 0.1374095565929581E-15  -0.6347634365424609E-16
-0.1365646673628037E-15   0.1551783610640406E-15
-0.6818464710864718E-16   0.4453576921236669E-16
 0.4974513991513749E-16  -0.2792788768759657E-15
 0.1517711384878270E-15   0.2145328543284682E-15
 0.4441285050683669E-16  -0.6677638982990916E-16
-0.1052917674954240E-15   0.8828504584095833E-16
-0.3491568866671365E-15   0.1590459401501786E-15
-0.5917896232682460E-16   0.3146109640801549E-16
 0.1138887772768716E-15   0.9007651144886437E-16
-0.1189448495428393E-14   0.8609999663153603E-15
 0.5172493494960382E-16  -0.4251584539735663E-16
-0.1010701645171709E+01   0.8304683150891716E+00
-0.5629137132044124E-15   0.1000184364900257E-14
 0.5382369719015494E-15  -0.8633804378466222E-15
-0.6318344158624656E-15  -0.1444988279884351E-16
-0.2630524651109910E-03  -0.2798707890354271E-02
-0.2116717433231735E-01  -0.2252050281876978E+00
 0.7303274883867393E-15   0.2552509862242252E-14
 0.8068194154093938E-15   0.5651485288047784E-15
-0.1707603048640321E-13  -0.3255398420483676E-13
-0.8970836830501196E-01  -0.1659422434043485E+00
-0.2654223534299973E-02  -0.4909773927453983E-02
-0.4872129849577014E-03  -0.6068777596083801E-03
-0.8343164865192058E-01  -0.1039233632466533E+00
-0.6581188355182561E-15   0.9366407487422335E-15
 0.4104401913366512E-16   0.1714294311368269E-15
-0.5716157155470624E-15  -0.4700256342435900E-16
-0.3563102967035511E-02  -0.2316709650321466E-02
 0.8798207143922600E-01   0.5720545149670137E-01
-0.7421575128601926E-01   0.1597713416345360E-01
 0.6877255975692294E-03  -0.1480532629474848E-03
 0.2216820058650123E-15  -0.1881123329670548E-15
-0.8118813456263939E-15   0.8070421299709264E-15
-0.4249974269050137E-14   0.3323932534191021E-14
 0.6924769896249594E-16  -0.5692489222289305E-16
 0.1112343274098096E-16  -0.3365834381529353E-16
-0.1011406041298600E+01   0.8627925924347478E+00
 0.2855067039928695E-15  -0.1338108871754051E-15
-0.6244475648568231E-16   0.3320084315223926E-15
-0.1115488760347472E-15  -0.1687131429123909E-16
 0.2116717433231725E-01   0.2252050281876971E+00
-0.2630524651116398E-03  -0.2798707890353870E-02
-0.3340958787170976E-15  -0.3785719122902152E-14
 0.1653477389012709E-15  -0.2834628409021482E-15
 0.4578713609394170E-14   0.8446185209069564E-14
 0.2654223534300075E-02   0.4909773927453661E-02
-0.8970836830501147E-01  -0.1659422434043482E+00
-0.8343164865192063E-01  -0.1039233632466527E+00
 0.4872129849579952E-03   0.6068777596082134E-03
 0.3097574851684492E-15  -0.5828900047323768E-16
-0.2247508187005894E-15   0.1697839600374793E-15
-0.2495612582973508E-15   0.9569613902275127E-16
-0.8798207143922648E-01  -0.5720545149670093E-01
-0.3563102967035686E-02  -0.2316709650321302E-02
 0.6877255975693923E-03  -0.1480532629474770E-03
 0.7421575128601909E-01  -0.1597713416345363E-01
 0.2386586114821217E-16   0.8217839116382282E-16
-0.8028679499944960E-16  -0.1642619576083709E-16
-0.1356700768774240E-16  -0.2064512554199406E-15
-0.1322181865289960E-16   0.1090398693530490E-16
 0.1918269184091869E-15  -0.2209550911884495E-15
-0.2721347452938624E-16   0.2694242398626485E-16
-0.1011406041298598E+01   0.8627925924347463E+00
-0.1130167078471817E+00  -0.1484447851384116E+00
 0.7062246341674674E-01  -0.2286782559975532E+00
 0.8115946410493315E-02   0.4424955110860237E-01
 0.1716461721911067E-15  -0.2304547187582051E-15
 0.2286347255898630E-15  -0.6454979513142398E-16
 0.1384298484774015E-01  -0.2374462252273151E-01
-0.1075723213078144E+00   0.1880887096850206E+00
 0.6851359353854894E-01   0.4323170061124915E-01
-0.1362243446221580E-13  -0.8470196952269308E-14
 0.2159703006614169E-14   0.1905126684178808E-14
 0.6037781803112882E-15  -0.2146775406019049E-15
 0.1441552464971577E-15   0.2285691187270066E-15
-0.1281042832733047E+00  -0.4895036539160083E-01
-0.3409177844774174E-01  -0.1258914147972121E-01
-0.2354590041050052E-01  -0.2733678488582638E+00
-0.1882639802406016E-15   0.3848746841525262E-15
 0.1695256152739053E-15  -0.4376212351207495E-16
 0.6911164006251292E-15   0.7033259226377727E-16
 0.9718028670027212E-16  -0.2855986164427904E-15
-0.5620065104537651E-01   0.2821102616335433E-02
 0.1761351924687732E+00   0.6284067874197788E-01
-0.2659284154527379E+00   0.2883290110181814E-01
-0.9465307934533813E-16   0.7760510220246990E-16
-0.1433797919070478E-15   0.3158623891142587E-17
-0.2183386884431952E-15   0.8786442995785428E-16
-0.2881855667468744E-16  -0.3649153504392516E-16
-0.1095944274201803E+01   0.7936043474208401E+00
-0.3522568323233105E-15  -0.1263606342002046E-15
 0.7683113191025685E-15  -0.1623019222471729E-15
-0.3836410104974866E-15   0.1699777111755969E-15
-0.5776669214032140E-02  -0.2178974553523060E-02
 0.6700367468678702E-01   0.2527395921863691E-01
-0.5687214380305785E-15  -0.2746549007429050E-15
-0.1240343727551968E-16   0.3425951730553841E-17
 0.2101689335210832E-13   0.2213891899464807E-14
 0.1095501331266931E+00   0.1055391245669104E-01
 0.1410027289882065E-01   0.1358401323141687E-02
 0.9975400728001049E-02   0.8133073689212205E-03
 0.9532392015157003E-01   0.7771882935597937E-02
-0.5167167926881999E-15   0.4509696052749537E-15
-0.6553448288393961E-15   0.2133941586240693E-15
-0.5428073376118604E-16   0.2028636759542018E-15
 0.1416771157090683E-02   0.9824157669820317E-02
-0.1013394252053863E-01  -0.7027066343098283E-01
-0.4551717560988151E+00   0.3335794654897444E+00
 0.4920993520157598E-01  -0.3606424094065060E-01
-0.3717628705488383E-16   0.2509314944400330E-16
 0.5642399516711873E-15  -0.1454467262763828E-15
-0.7267606887656231E-15   0.9153719135098764E-15
 0.5616833078708413E-16  -0.4609000597870277E-16
-0.1405529911149395E-15   0.3228166261131839E-16
-0.3165466324461177E-01  -0.7142945248222402E-01
-0.3125815441075012E-02  -0.7053472146935000E-02
 0.5486294591837187E-15   0.8649348216332979E-16
-0.1503451455786020E+01   0.3700507195211265E+00
 0.4587407291018157E-15  -0.6399647855737308E-17
-0.1960915220214106E-15   0.4511060913229546E-16
 0.4514344883319117E-15  -0.4571539228753684E-16
-0.6700367468678713E-01  -0.2527395921863678E-01
-0.5776669214033100E-02  -0.2178974553522760E-02
 0.1467658965352146E-14   0.3851260118293052E-15
 0.1360123979238886E-14  -0.3297921450526037E-15
-0.7718145807686503E-14  -0.7258000867632620E-15
-0.1410027289882139E-01  -0.1358401323141334E-02
 0.1095501331266928E+00   0.1055391245669090E-01
 0.9532392015156983E-01   0.7771882935598044E-02
-0.9975400728001299E-02  -0.8133073689210459E-03
 0.2987677535251010E-15  -0.2218787201091743E-15
-0.9173560828150472E-16   0.3221131548669837E-17
-0.5752345183920079E-15   0.3641909009194229E-15
 0.1013394252053827E-01   0.7027066343098295E-01
 0.1416771157090935E-02   0.9824157669820144E-02
 0.4920993520157597E-01  -0.3606424094065060E-01
 0.4551717560988164E+00  -0.3335794654897448E+00
-0.4641661302323309E-16   0.8241947314883224E-17
-0.4393008607615743E-15   0.1272794664524139E-15
 0.8062795430928578E-16  -0.2999675212139336E-16
 0.5886335336767727E-17  -0.4359267509114976E-17
 0.3200727418242168E-15   0.2161564665839382E-15
 0.3125815441074950E-02   0.7053472146934961E-02
-0.3165466324461162E-01  -0.7142945248222404E-01
-0.2586698357655432E-15   0.8987490987550452E-16
-0.1066177311367933E-15   0.5433208136867983E-16
-0.1503451455786021E+01   0.3700507195211264E+00
-0.3367743664371323E-01   0.9220181620675329E-01
 0.9558754800604986E-02  -0.1340064037124428E-01
 0.4599476931968305E-01  -0.3153563204977385E-01
 0.1192227157343871E-14   0.7893913399830991E-15
-0.2184360020619009E-15   0.3164501560605988E-15
-0.1120494686122199E-01   0.5984854760563643E-01
 0.6096209103590704E-01   0.2880906252729027E+00
-0.2657745906993521E+00   0.1838726790328950E+00
 0.5300450948579958E-13  -0.3677179653718166E-13
-0.1128480070200622E-13   0.8533633846989694E-14
 0.7592976107160928E-15   0.3196584015544610E-15
-0.6950722325575774E-15   0.3188048413057139E-15
-0.1893366220733443E+00   0.2405119362819574E+00
 0.9201418524896575E-02   0.3727910426440578E-02
 0.3153183913274011E+00  -0.1563971125471288E+00
-0.4282149869448931E-15   0.4026971351315684E-15
 0.1480853263469400E-15  -0.8055253048408120E-16
 0.1524128242985310E-15  -0.4413292501926286E-15
 0.2482270556647380E-15  -0.4347289210626254E-16
-0.6861412563126723E-01   0.4982512216968804E-02
 0.1212422598663492E+00  -0.6972921491381866E-01
 0.2007354062211358E+00   0.7650024124734135E+00
-0.3204693625500445E-16   0.2636484259961914E-16
-0.1069842659973733E-15   0.1395848530754328E-15
 0.1133297755339272E-15   0.4556330388747687E-15
 0.1450056866347854E-15  -0.5174563910894987E-16
-0.3556100974508965E-02  -0.2325595837141759E-02
-0.1368666241698240E-15   0.8861531549228686E-16
 0.2416742582414527E-16   0.8175503160926590E-17
-0.1609419978162479E+01   0.3556154448203870E+00
-0.2635886605795550E-01   0.1698820656065647E-01
-0.5150070280485289E-01  -0.1142151333307923E+00
-0.5228761912776484E-01   0.1126839043363734E-01
-0.9978986346420612E-15   0.6938761265594452E-15
-0.8763676223522570E-15   0.1791621893465351E-15
-0.2822743820282936E-01   0.2207393952647575E-01
 0.1423965254296689E+00  -0.1035612294183916E+00
-0.1949671922059818E+00   0.1322040705047230E+00
 0.3826916006859467E-13  -0.2633301644723008E-13
-0.6830559390593955E-14   0.5776573656668928E-14
-0.7234868193663772E-16   0.2087107478802028E-15
-0.2000121030246327E-14   0.4852035615293272E-15
-0.1429213870994981E+00   0.5517182341071982E-01
-0.4290668483195226E-01   0.3956592640572851E-02
-0.2102666183789303E+00   0.1366117893345613E+00
 0.3271946239487760E-15  -0.1972723317872530E-15
-0.2244880756471715E-15   0.1322154057882034E-15
 0.2166248112072464E-15  -0.3772505410913685E-15
 0.8209032987397501E-15  -0.6920044213787133E-16
 0.6930339140306452E-01  -0.1044694929521298E+00
-0.1876999404639358E+00   0.1898732879731672E+00
 0.3756799019343919E+00   0.4293130434605228E+00
 0.2654605132389958E-16  -0.2178996016533067E-16
 0.2955580721551532E-15   0.1131273383997052E-15
 0.2508006493826945E-15   0.3855848832988789E-15
 0.5077916461382868E-15  -0.1250486408331914E-15
 0.1251922980195312E+00   0.8969495960015950E-01
 0.8209901662801368E-16   0.3994794836269553E-16
-0.5751285497406829E-16   0.1579109704923106E-16
-0.1403688563574194E+00  -0.1804141269704893E-01
-0.1656032911289224E+01   0.2608398001880253E+00
 0.7111477517545250E-01   0.1329750589084376E+01
-0.1406766637454713E+00  -0.4800270777283340E+00
 0.4438475468801244E+00   0.2271111999585362E+01
-0.1961457395287408E+00  -0.2793553460622967E+00
 0.1827650510779920E+00   0.1883514620861606E+00
 0.1553391078546811E+01   0.2957327296996513E+01
-0.1626429333147621E-14  -0.2792871290759244E-14
-0.1503899788136226E-14  -0.2000690344459840E-14
 0.2738657341922853E-14   0.6405185287085267E-14
 0.1201515763094095E+01   0.2825780380459762E+01
-0.6805249904258075E-15  -0.1468412613669278E-14
-0.1491423452302879E-15   0.4821383352616660E-15
 0.1835041183327387E-14   0.5447926789393927E-14
-0.1051676107310939E-15   0.2875304161431558E-15
 0.1201515763094095E+01   0.2825780380459762E+01
-0.5263827572330304E-01  -0.8258912551327513E-01
-0.9345684385631563E-01  -0.1345174871583074E+00
 0.1581617254222433E+00   0.3941645735212590E+00
-0.2397654305082779E-13  -0.2510820240021524E-13
-0.1529992469283826E-13  -0.1637581626677405E-13
-0.2431599622602048E+00   0.1291801622021264E+01
-0.4162119816858448E-02  -0.2439754486815388E-01
 0.7719616715085147E-01   0.1416739744532020E+00
-0.2276221455418413E+00  -0.6882110716815218E+00
 0.3943556956742028E-14   0.1016675577748208E-13
 0.1627058650834131E-15   0.4505059806397879E-14
 0.1613664629248183E+00   0.4202437153642760E+00
 0.1669476754267051E+01   0.1253455642082340E+02
-0.2065819248293869E+00  -0.9745429151402346E-01
-0.1598976483211552E+00  -0.2686501665256730E+00
 0.3363812198520260E-02  -0.1417546998313364E+00
-0.1917159319687875E-13  -0.7466970893389920E-14
-0.6608830397957199E-13  -0.2521195281482135E-13
-0.6822306368405713E-01  -0.4924525482817314E-01
 0.2890628509545031E+00   0.2097907270973171E+01
-0.8124386399546288E+00   0.1051418714745772E+01
 0.4015996487505697E-13   0.1718445014182230E-13
 0.3129984452589822E-13   0.5234656115751233E-13
-0.1386703740464726E-14   0.2767495222266581E-13
-0.1385944291118637E-01  -0.5280498109767872E-02
-0.3297505931558042E+00  -0.1256361741963387E+00
 0.1687299541240352E-13   0.1007944823518658E-13
-0.5781664174506095E-13  -0.4172723289427725E-12
 0.3199581044590802E-12   0.2364949936518290E-12
 0.7913128852205230E+00   0.2234064458076793E+01
-0.9337034601747169E-14  -0.4452824962344323E-14
-0.7622709345573231E-14  -0.1299079991460489E-13
-0.8419641973381975E-16  -0.6422536500675551E-14
 0.3297505931558029E+00   0.1256361741963373E+00
-0.1385944291118610E-01  -0.5280498109767859E-02
-0.8379280316049110E-14  -0.4211625827009486E-14
 0.1310646578356994E-13   0.9470474493828808E-13
-0.7263724501991561E-13  -0.5428003651905051E-13
 0.9454242944073609E-16   0.8684459401608881E-16
 0.7913128852205198E+00   0.2234064458076786E+01
 0.2732510948485826E-15   0.4035992921381993E-15
-0.1573789657043392E-15  -0.8376701013771907E-16
-0.4035409338449626E-15  -0.3171411853596708E-15
 0.1428711584116505E+00   0.1059440503225423E-01
-0.2610023112662492E-02  -0.1935425057548760E-03
-0.2264337424250535E-14   0.4376946641230425E-16
 0.3036192046164901E-14   0.1177537463826579E-14
 0.3806899296396982E-14   0.7285522058897053E-15
 0.1256913215998722E-02   0.1196031211756495E-03
-0.5293720099223743E-01  -0.5037304393317673E-02
 0.3552601649418134E+00   0.1829316052912953E+01
-0.5830341671929241E-15   0.4368606396729191E-15
-0.1998163175313066E-15   0.4383230359705197E-15
-0.7640549653582230E-15  -0.1329598697117178E-15
-0.2610023112662688E-02  -0.1935425057548934E-03
-0.1428711584116505E+00  -0.1059440503225227E-01
 0.1297884036846980E-14  -0.4594136194444224E-15
 0.3514058037073988E-15   0.2559582256053315E-14
-0.1277097828604215E-13  -0.2668983312572789E-14
-0.5293720099223782E-01  -0.5037304393318640E-02
-0.1256913215998507E-02  -0.1196031211758274E-03
 0.7043544824540496E-16  -0.9132343954337363E-16
 0.3552601649418143E+00   0.1829316052912957E+01
 0.1902720083901320E+00   0.3279462162424032E+00
-0.2185897196782565E+00  -0.3563023284176514E+00
-0.1672134332315026E+00  -0.1562416651844709E+00
-0.6823980490423104E-15   0.3937655862000388E-15
-0.5326396983976685E-15  -0.3836525446718613E-15
-0.8122885517767980E-01  -0.2857155786333436E-02
 0.7814310427659992E+00   0.2922988696279571E+00
-0.1723337767544104E+00  -0.1545864368512947E+00
 0.3486531443337378E-13   0.3114088796392021E-13
-0.7957177257827280E-14  -0.7207360176493935E-14
 0.4783800454851561E-15   0.8366279425538664E-15
-0.8695704179333636E-15  -0.5452822185291423E-15
-0.1241261250081976E+00   0.1717999778122061E+01
-0.1975589932638440E+00  -0.3300740387521707E+00
 0.3967360295119276E-02   0.5358166246943125E-01
-0.3020267945282561E+00  -0.3597003043635463E+00
-0.1656673040891217E-15   0.4115830475432020E-14
 0.6627467945388524E-15   0.3425538111230642E-14
-0.5629599501676251E-02   0.2694463375185269E+00
-0.4368983623379286E-01   0.1517582971376168E+00
 0.1909122625754310E-01   0.6930459952495446E-02
-0.3040876991880674E-14  -0.1121476071814806E-14
 0.7291519633622654E-15   0.3042510227813568E-15
-0.7094033897484550E-16  -0.2263589621131638E-16
-0.3544128912712667E-15  -0.5171497634981463E-15
-0.1126647183961990E+00  -0.1111602199688166E+00
-0.5974863578070949E-01   0.1357349294402196E+01
-0.4556414499431283E-01  -0.5856858499073025E-01
-0.2963787017577616E+00  -0.3763761385016525E+00
-0.2043599284198076E+00  -0.1307711939040738E+00
-0.3989006708348744E-14  -0.5028753384573944E-14
-0.1051295223125031E-14  -0.2683605852665364E-14
-0.1773547123176084E+00  -0.2809293319999472E+00
 0.6848024565751909E+00  -0.2128296980665381E+01
 0.3829853119941982E+00  -0.3332978652154578E+00
-0.7649815740396219E-13   0.6623416157461737E-13
 0.1775890712859844E-13  -0.1449642130806362E-13
-0.9964277522333632E-15   0.1526791758779117E-15
 0.1368575183890440E-14   0.4142646272782233E-15
 0.4981111936401200E+00   0.8150764460511182E+00
-0.1702152755330365E-01  -0.1169816420438714E+00
-0.6680014610936384E+00   0.1853466033687547E+01
 0.1654119276953156E-15   0.8309886702605426E-16
 0.1861268640766700E-15   0.4593432997292540E-15
-0.1979180928256010E-16  -0.2066910634741331E-15
 0.5364494583131475E-01   0.1816586437241101E-01
-0.2840611714733970E-02  -0.9619203886754831E-03
-0.7236245682166319E-15  -0.1589330111053162E-15
-0.3414960649453329E-17   0.3057075294436273E-14
 0.5321353151217508E-14  -0.8960750984151049E-16
-0.1377922529784879E-02   0.1982762911464246E-03
-0.1264409695451871E+00   0.1819423512456976E-01
 0.5784365819649624E-01   0.7244438439213344E-01
 0.2004294115944837E-02   0.2510212145938935E-02
-0.3912160605593836E-15  -0.6449772042321664E-15
-0.7139429310680316E-16  -0.7686884732231262E-17
 0.1075847772074490E-14  -0.1498972927858361E-15
 0.2740739468876044E+00   0.1585237979077013E+01
 0.8167058464041485E-15   0.2654440155422158E-14
-0.8841939583927828E-16   0.5693433006031212E-15
 0.8105788282483263E-15   0.1393588600099394E-14
 0.2840611714734148E-02   0.9619203886760915E-03
 0.5364494583131503E-01   0.1816586437241097E-01
-0.5822223414509382E-15   0.4772375329347993E-16
-0.7567690632046239E-16  -0.1580119664738644E-14
 0.2539607166472973E-13  -0.4119852756291351E-14
 0.1264409695451875E+00  -0.1819423512457140E-01
-0.1377922529784906E-02   0.1982762911462582E-03
 0.2004294115944813E-02   0.2510212145939114E-02
-0.5784365819649659E-01  -0.7244438439213331E-01
 0.5700517701076723E-15  -0.9971017413276048E-15
 0.1035983643067791E-14   0.8220394441954131E-15
-0.5583059210891432E-15  -0.2222171260140383E-15
-0.2038300084272749E-16  -0.1312426729793703E-15
 0.2740739468876049E+00   0.1585237979077013E+01
 0.7628109665350497E-16  -0.1679676594118710E-15
 0.6238482952231220E-15   0.1106835809974039E-14
 0.7770747154026721E-15   0.1046332853505345E-14
 0.2771035075993472E-02   0.1790025718434755E-02
 0.1277183751381087E+00   0.8250316937328803E-01
-0.1302120272640734E-14  -0.1027363626134394E-14
-0.2405606359902092E-14   0.2556117943193186E-14
 0.3686929961114739E-13   0.1711764816820287E-13
 0.1917902357887355E+00   0.8435212805401562E-01
 0.3896238572859020E-02   0.1713622248157430E-02
-0.4553047909137919E-03  -0.1713063812970901E-03
 0.1328689713625267E+00   0.4999135331984079E-01
-0.1421351145721967E-14  -0.1617599066335674E-14
-0.1255052957182917E-14  -0.6318015909032119E-15
 0.2531242850483096E-15  -0.2164190827376886E-14
-0.3179780311716171E-02  -0.2753745091958306E-02
 0.1018514995391463E+00   0.8820517126013956E-01
-0.1134387510087489E+01   0.7047764333814454E+00
-0.2556363592394766E-15  -0.2598911024852266E-15
 0.2685250143903025E-15  -0.1160214917432745E-15
 0.8437062103518953E-17  -0.2244522675353805E-15
 0.1277183751381087E+00   0.8250316937328793E-01
-0.2771035075992504E-02  -0.1790025718434899E-02
-0.2296786222910516E-14  -0.1537686631178986E-14
-0.6196992413729164E-15  -0.5765539131193366E-15
 0.9972073080401420E-14   0.4095237058763892E-14
 0.3896238572859676E-02   0.1713622248157004E-02
-0.1917902357887356E+00  -0.8435212805401601E-01
-0.1328689713625255E+00  -0.4999135331983977E-01
-0.4553047909130520E-03  -0.1713063812968250E-03
-0.1753386592145632E-15   0.3081912178371533E-15
 0.3333868013060901E-16   0.7736102582593391E-18
 0.6513452343391140E-15   0.2206409730244131E-15
 0.1018514995391472E+00   0.8820517126014046E-01
 0.3179780311715594E-02   0.2753745091957995E-02
 0.8636347930204842E-17   0.2367287680986319E-16
-0.1134387510087491E+01   0.7047764333814471E+00
-0.1381627019615071E+00  -0.2482496689533910E+00
-0.5843684806195672E-01   0.1384558902742350E+00
-0.2892309842529856E+00  -0.2090339937421939E+00
-0.2475330911774718E-14   0.2327565891236496E-14
-0.1685570020185816E-14   0.1638340072304361E-14
-0.1767004254038685E+00   0.1192734657211324E+00
-0.4147549230392004E+00   0.6331676614626491E+00
 0.5903183780841963E-01   0.2163084492024515E+00
-0.1163947396971181E-13  -0.4307521559294204E-13
 0.2633361266532803E-14   0.1001003275079130E-13
 0.3093533253742538E-15   0.2455618687265540E-15
-0.2554170982777867E-15  -0.1302075591425300E-15
 0.9817986356488995E-01  -0.9557170750327300E-01
-0.4581803442715195E+00  -0.3989436861200650E+00
 0.6634279198977744E+00   0.1097803659017630E+00
-0.7289971894888325E-15  -0.1616596095494307E-15
 0.1103927998017940E-14   0.8235465133500018E-15
-0.2834588684543404E-15   0.8339626442232400E-15
 0.4661317467447697E-15   0.1912419564475053E-15
-0.3617789212631015E+00   0.1345537789046649E+01
 0.1676039091893603E+00   0.1203797124745599E+00
-0.1141710422283427E+00  -0.1952824170043004E+00
-0.2788442468376436E-01   0.6678820585562550E-01
-0.7286953798375253E-15   0.4949614141443918E-14
 0.3604421237414024E-15   0.2826712135202445E-14
 0.2490422377906514E-01   0.2807751554550387E+00
 0.5069063360481911E+00  -0.6259880392184473E+00
 0.9787085907788638E-01  -0.2089733824046366E+00
-0.1963093922328487E-13   0.4168689301948180E-13
 0.4986790027914972E-14  -0.9831571669511418E-14
-0.6970690332123058E-15  -0.1139231345691580E-15
-0.1835365464516585E-15  -0.2887187320574458E-15
-0.9657869684977564E-01   0.1202270530213525E+00
-0.1361052438731912E+00  -0.1789389164433609E+00
-0.5460099056457750E+00   0.1486253537224582E+00
 0.8527041675774116E-15  -0.3509783918774082E-16
 0.3042533616525355E-15   0.4614305344174729E-15
 0.1223869380831539E-14  -0.3489305060223064E-15
 0.3139018711193244E-15  -0.3172318074013030E-15
-0.1036304892441435E-01  -0.2760888424140606E+00
-0.1107238173548936E+01   0.6894388629178767E+00
 0.1165503296139185E+00   0.4642326777957436E+00
 0.7374317994017404E-01  -0.3723332932626605E+00
-0.2735246718848666E+00  -0.1216127655108715E+00
 0.5154703187907022E-14   0.2213700252899822E-14
 0.4263801519651182E-14   0.4190476492072456E-15
 0.2130431133945607E+00   0.1958661985495364E+00
 0.4347515119182791E+01   0.5731291959247677E+00
 0.1386022681899283E+01   0.4822731558762873E+00
-0.2753535566876109E-12  -0.9638750721932375E-13
 0.6140114781631350E-13   0.2204563655583650E-13
-0.3198057905328957E-14   0.3538804617070415E-14
 0.2964293978482005E-14   0.9429554345130291E-15
 0.1228418068648609E+00   0.9350646805017560E+00
 0.9611127717569856E-01  -0.5709814024294650E-02
-0.1380136853135955E+01   0.2792765884724953E+00
 0.9527037876789385E-15   0.6072077770940275E-15
-0.1031420962009978E-14   0.8259196136926211E-16
 0.3363393846141988E-14  -0.3115401762410252E-14
-0.1213159968794860E-14   0.2181127879628464E-15
 0.4553521639023980E+00  -0.3884821756674543E+00
-0.4103076874735824E+00   0.3710777175663693E+00
-0.4623932732484919E+01   0.5425344260000259E+01
-0.8492301043837240E-16   0.7472223884004323E-16
 0.1433279755084377E-15  -0.1279852695103884E-15
 0.1318172313478167E-15  -0.1143692578555579E-15
 0.1584157113631950E-15  -0.1396402412374751E-15
-0.2407949191912371E-15   0.2092007585741453E-15
 0.5578503630142469E-16  -0.4698865528894495E-16
 0.1722173794481464E-15  -0.1527252111488132E-15
 0.1304272065116382E-15  -0.1142036248355539E-15
-0.6498540168688415E-16   0.5817532814352001E-16
-0.5671078320332821E-16   0.5089591440399887E-16
-0.4590434926706635E-16   0.3708632906237708E-16
 0.1756119287480374E-15  -0.1535091255711377E-15
-0.4828335802476876E-16   0.4184321533297767E-16
 0.3362139182445404E-16  -0.2984252286445646E-16
 0.7404853269883068E-17  -0.5653516352506853E-17
-0.5597385551534216E-17   0.6162979882822750E-17
 0.3897952833320719E-16  -0.3370858251025616E-16
 0.2435610091165741E-17  -0.1306062108730596E-17
 0.6323000469510329E-17  -0.5810814248168241E-17
-0.1516449396895617E-16   0.1281988971482711E-16
-0.9029269997680047E-16   0.7948698312495712E-16
 0.2244355481095412E-16  -0.1948173612527163E-16
-0.9533149129919112E+00   0.8304683150891733E+00
 0.2672754624640866E-15  -0.1753620990543273E-15
 0.3761754649117122E-15  -0.4556016405834806E-15
 0.1271893034957116E-16  -0.5860870399970580E-16
-0.1332493321227248E-15  -0.5689429201736451E-15
-0.9866196615297272E-16   0.1668217757186890E-15
-0.2915404278119186E-15   0.3082941773191536E-15
 0.5039435978849346E-15   0.4920840887978506E-15
 0.3104466151883488E-15   0.1322884786454919E-15
 0.2582437471252399E-15  -0.1720160341032817E-15
 0.3324900853876561E-15   0.4030566337175897E-15
 0.3049952108520853E-15   0.2831187617752048E-15
 0.1388621557712988E-15  -0.6347634365424609E-16
-0.1363191631662721E-15   0.1551783610640406E-15
-0.4338239718851904E-16   0.4453576921236669E-16
-0.1635289012022290E-16  -0.2792788768759657E-15
 0.3127398458188046E-15   0.2145328543284682E-15
 0.3205956775278847E-16  -0.6677638982990916E-16
-0.8943174914142455E-16   0.8828504584095833E-16
-0.4871284577945904E-15   0.1590459401501786E-15
-0.1830121280379637E-16   0.3146109640801549E-16
 0.8725360693588650E-16   0.9007651144886437E-16
-0.5907969942863309E-15   0.8609999663153603E-15
 0.4911115074579969E-16  -0.4251584539735663E-16
-0.9533149129919100E+00   0.8304683150891716E+00
-0.1461780388072402E-15   0.1000184364900257E-14
 0.2299200747557313E-15  -0.8633804378466222E-15
-0.9881987931438590E-15  -0.1444988279884351E-16
-0.7843295172826814E-03  -0.2798707890354271E-02
-0.6311303571804897E-01  -0.2252050281876978E+00
 0.1240656751238603E-14   0.2552509862242252E-14
 0.2460754970418485E-14   0.5651485288047784E-15
-0.2459413397436788E-13  -0.3255398420483676E-13
-0.1296805057655070E+00  -0.1659422434043485E+00
-0.3836888986459354E-02  -0.4909773927453983E-02
-0.7627929495296574E-03  -0.6068777596083801E-03
-0.1306226954620623E+00  -0.1039233632466533E+00
-0.5746569870253217E-15   0.9366407487422335E-15
 0.6087136081331518E-16   0.1714294311368269E-15
-0.9832146600218933E-15  -0.4700256342435900E-16
-0.6116437547993677E-02  -0.2316709650321466E-02
 0.1510303940918269E+00   0.5720545149670137E-01
-0.1325816364879992E+00   0.1597713416345360E-01
 0.1228577271003178E-02  -0.1480532629474848E-03
 0.2063522090526103E-15  -0.1881123329670548E-15
-0.7755578626138674E-15   0.8070421299709264E-15
-0.2801836557645771E-14   0.3323932534191021E-14
 0.6453027027164471E-16  -0.5692489222289305E-16
-0.1023932153884609E-16  -0.3365834381529353E-16
-0.9421161984750929E+00   0.8627925924347478E+00
 0.3199306583395841E-15  -0.1338108871754051E-15
-0.7770233696066101E-16   0.3320084315223926E-15
-0.9629769334067992E-16  -0.1687131429123909E-16
 0.6311303571804876E-01   0.2252050281876971E+00
-0.7843295172833618E-03  -0.2798707890353870E-02
-0.1017604739108914E-14  -0.3785719122902152E-14
 0.1869340354829563E-15  -0.2834628409021482E-15
 0.6590394136876701E-14   0.8446185209069564E-14
 0.3836888986459392E-02   0.4909773927453661E-02
-0.1296805057655066E+00  -0.1659422434043482E+00
-0.1306226954620622E+00  -0.1039233632466527E+00
 0.7627929495298683E-03   0.6068777596082134E-03
 0.3698174386806249E-15  -0.5828900047323768E-16
-0.2402185441209579E-15   0.1697839600374793E-15
-0.4023702921295032E-15   0.9569613902275127E-16
-0.1510303940918274E+00  -0.5720545149670093E-01
-0.6116437547993837E-02  -0.2316709650321302E-02
 0.1228577271003394E-02  -0.1480532629474770E-03
 0.1325816364879988E+00  -0.1597713416345363E-01
 0.3107255606119754E-16   0.8217839116382282E-16
-0.1309433256097382E-15  -0.1642619576083709E-16
-0.1000171430298041E-15  -0.2064512554199406E-15
-0.1268958534362233E-16   0.1090398693530490E-16
 0.1758804530663004E-15  -0.2209550911884495E-15
-0.3984442983884236E-16   0.2694242398626485E-16
-0.9421161984750913E+00   0.8627925924347463E+00
-0.9966720480240965E-01  -0.1484447851384116E+00
 0.1301931178892859E-01  -0.2286782559975532E+00
 0.1590439763819601E-01   0.4424955110860237E-01
 0.4614466734205700E-15  -0.2304547187582051E-15
 0.3417877769696077E-15  -0.6454979513142398E-16
 0.2427528352147684E-01  -0.2374462252273151E-01
-0.1288545589391730E+00   0.1880887096850206E+00
 0.8885677631456161E-01   0.4323170061124915E-01
-0.1763031358113754E-13  -0.8470196952269308E-14
 0.3096481072825082E-14   0.1905126684178808E-14
 0.7280898627321933E-15  -0.2146775406019049E-15
 0.1964491142208280E-15   0.2285691187270066E-15
-0.2219570149943867E+00  -0.4895036539160083E-01
-0.3004196078844068E-01  -0.1258914147972121E-01
 0.2231608543973344E-01  -0.2733678488582638E+00
-0.1728805181195523E-15   0.3848746841525262E-15
 0.2521445405773183E-15  -0.4376212351207495E-16
 0.6504931303910411E-15   0.7033259226377727E-16
 0.1690118052576155E-15  -0.2855986164427904E-15
-0.2760819486768876E-01   0.2821102616335433E-02
 0.1931367230493175E+00   0.6284067874197788E-01
-0.6880576074412850E-01   0.2883290110181814E-01
-0.8743072799393790E-16   0.7760510220246990E-16
-0.1245431371427667E-15   0.3158623891142587E-17
-0.4686868401596149E-16   0.8786442995785428E-16
-0.6663001292465817E-16  -0.3649153504392516E-16
-0.1040846759686471E+01   0.7936043474208401E+00
-0.3064163750064194E-15  -0.1263606342002046E-15
 0.7042429333377366E-15  -0.1623019222471729E-15
-0.4492905751619706E-15   0.1699777111755969E-15
-0.6711980024972104E-02  -0.2178974553523060E-02
 0.7785235910773647E-01   0.2527395921863691E-01
-0.6260597696014001E-15  -0.2746549007429050E-15
 0.3479544146770929E-15   0.3425951730553841E-17
 0.1954843288012270E-13   0.2213891899464807E-14
 0.1016159065564442E+00   0.1055391245669104E-01
 0.1307905314592269E-01   0.1358401323141687E-02
 0.1008068950105098E-01   0.8133073689212205E-03
 0.9633004901483354E-01   0.7771882935597937E-02
-0.5515657025079833E-15   0.4509696052749537E-15
-0.6439153564923609E-15   0.2133941586240693E-15
-0.5824011497145217E-16   0.2028636759542018E-15
 0.2802297470857665E-02   0.9824157669820317E-02
-0.2004439556310173E-01  -0.7027066343098283E-01
-0.4258190659452381E+00   0.3335794654897444E+00
 0.4603653096219721E-01  -0.3606424094065060E-01
-0.2728599017439573E-16   0.2509314944400330E-16
 0.5107912246774947E-15  -0.1454467262763828E-15
-0.3183282593148330E-15   0.9153719135098764E-15
 0.5309778661519558E-16  -0.4609000597870277E-16
-0.9114436054800729E-16   0.3228166261131839E-16
-0.1299180778882165E+00  -0.7142945248222402E-01
-0.1282907136934732E-01  -0.7053472146935000E-02
 0.5556564300873076E-15   0.8649348216332979E-16
-0.1422496452346832E+01   0.3700507195211265E+00
 0.5174980599125471E-15  -0.6399647855737308E-17
-0.2235807386435185E-15   0.4511060913229546E-16
 0.4423695113897422E-15  -0.4571539228753684E-16
-0.7785235910773647E-01  -0.2527395921863678E-01
-0.6711980024973080E-02  -0.2178974553522760E-02
 0.1641873778484161E-14   0.3851260118293052E-15
 0.1280748720431114E-14  -0.3297921450526037E-15
-0.7159515636770195E-14  -0.7258000867632620E-15
-0.1307905314592333E-01  -0.1358401323141334E-02
 0.1016159065564440E+00   0.1055391245669090E-01
 0.9633004901483333E-01   0.7771882935598044E-02
-0.1008068950105119E-01  -0.8133073689210459E-03
 0.2974155880503840E-15  -0.2218787201091743E-15
-0.1006517440805918E-15   0.3221131548669837E-17
-0.5364960132207525E-15   0.3641909009194229E-15
 0.2004439556310129E-01   0.7027066343098295E-01
 0.2802297470857893E-02   0.9824157669820144E-02
 0.4603653096219727E-01  -0.3606424094065060E-01
 0.4258190659452394E+00  -0.3335794654897448E+00
-0.4851180669736264E-16   0.8241947314883224E-17
-0.4256502831215404E-15   0.1272794664524139E-15
 0.6082112607839079E-16  -0.2999675212139336E-16
 0.5033698652296338E-17  -0.4359267509114976E-17
 0.5506466497470178E-15   0.2161564665839382E-15
 0.1282907136934726E-01   0.7053472146934961E-02
-0.1299180778882163E+00  -0.7142945248222404E-01
-0.2713656664244924E-15   0.8987490987550452E-16
-0.7600257229123386E-16   0.5433208136867983E-16
-0.1422496452346832E+01   0.3700507195211264E+00
 0.1001312216442624E-01   0.9220181620675329E-01
 0.1083221025250871E-01  -0.1340064037124428E-01
-0.1624217865505297E-01  -0.3153563204977385E-01
 0.1069337423078212E-14   0.7893913399830991E-15
-0.3246582205077044E-15   0.3164501560605988E-15
-0.1717831944276921E-01   0.5984854760563643E-01
 0.1539606981954136E+00   0.2880906252729027E+00
-0.2875511352173491E+00   0.1838726790328950E+00
 0.5735766913071944E-13  -0.3677179653718166E-13
-0.1228276774739545E-13   0.8533633846989694E-14
 0.1121868189354184E-14   0.3196584015544610E-15
-0.8857259930610680E-15   0.3188048413057139E-15
-0.1987640718391873E+00   0.2405119362819574E+00
-0.3164345165780730E-01   0.3727910426440578E-02
 0.3358717926977434E+00  -0.1563971125471288E+00
-0.4380214182006316E-15   0.4026971351315684E-15
 0.2746639508175776E-15  -0.8055253048408120E-16
 0.1115364518445186E-16  -0.4413292501926286E-15
 0.2781018797859366E-15  -0.4347289210626254E-16
-0.1381570401409961E+00   0.4982512216968804E-02
 0.1979088082202820E+00  -0.6972921491381866E-01
 0.5681971281386747E+00   0.7650024124734135E+00
-0.3055349353099407E-16   0.2636484259961914E-16
-0.1031426918777576E-15   0.1395848530754328E-15
 0.3071672241574524E-15   0.4556330388747687E-15
 0.1779189395387401E-15  -0.5174563910894987E-16
-0.9735005850539336E-01  -0.2325595837141759E-02
-0.2023204207727628E-15   0.8861531549228686E-16
 0.3197555292166884E-16   0.8175503160926590E-17
-0.1642267908558295E+01   0.3556154448203870E+00
-0.3492712037793513E-01   0.1698820656065647E-01
-0.9701201137621687E-01  -0.1142151333307923E+00
 0.2603574623347218E-01   0.1126839043363734E-01
-0.2030992688745492E-15   0.6938761265594452E-15
-0.4946102967723813E-15   0.1791621893465351E-15
 0.8427086958911263E-02   0.2207393952647575E-01
 0.2450191306205349E+00  -0.1035612294183916E+00
-0.1208970588995425E+00   0.1322040705047230E+00
 0.2360018807441314E-13  -0.2633301644723008E-13
-0.3711508149482026E-14   0.5776573656668928E-14
-0.7189716888611716E-17   0.2087107478802028E-15
-0.1630506678075825E-14   0.4852035615293272E-15
-0.1241218128143915E+00   0.5517182341071982E-01
 0.1964556672001319E-01   0.3956592640572851E-02
-0.1051410253493183E+00   0.1366117893345613E+00
 0.1897168207166338E-15  -0.1972723317872530E-15
-0.2851463428573660E-15   0.1322154057882034E-15
-0.4964540019183378E-17  -0.3772505410913685E-15
 0.7724352177256739E-15  -0.6920044213787133E-16
 0.1181196726642295E+00  -0.1044694929521298E+00
-0.1687858850225914E+00   0.1898732879731672E+00
 0.3558253696352235E+00   0.4293130434605228E+00
 0.2507774820150412E-16  -0.2178996016533067E-16
 0.2848888942746144E-15   0.1131273383997052E-15
 0.2977411773516427E-15   0.3855848832988789E-15
 0.4236642698092121E-15  -0.1250486408331914E-15
 0.1740646721552531E+00   0.8969495960015950E-01
 0.5813278650908494E-16   0.3994794836269553E-16
-0.4574909718567082E-16   0.1579109704923106E-16
-0.1834588385030698E+00  -0.1804141269704893E-01
-0.1417951314952320E+01   0.2608398001880253E+00
