-0.5175145096396717E+00   0.2647540821077611E+01
 0.8918136796941339E-15   0.4606139516555128E-15
 0.5407814014830108E+00   0.3135202507006304E+01
-0.5086697564218345E-15  -0.1061359080403425E-14
 0.7396969321782354E-16  -0.1021860547567588E-16
 0.5407814014829879E+00   0.3135202507006206E+01
 0.2643087556912783E+00  -0.5123989267547367E+00
 0.4339081943271918E-15   0.8961071913600656E-15
 0.1208886027586567E-14  -0.1002027808625433E-14
 0.2243254164814357E-02   0.1254894210159279E+01
-0.1516347856982250E+00  -0.1845467615934336E+01
 0.9465376705397874E-15  -0.7002750054644187E-15
 0.2032496552522683E-14   0.7035312782426204E-14
-0.7216946021622907E-02   0.7530201518734042E+00
 0.2488878536848451E+01   0.1454999269597063E+02
-0.1987723664600815E-14  -0.3810679478623456E-15
 0.2964840749051956E-02   0.6603649227995773E-03
 0.7516594835044620E+00   0.1674186233965530E+00
 0.1018027569929575E-14   0.1400400835366307E-14
-0.3599194898406532E-14  -0.1078844496906332E-13
 0.6785478314029375E+00   0.2455260840363075E+01
 0.5822194242956770E-15   0.2410106102072603E-15
 0.7516594835044762E+00   0.1674186233965593E+00
-0.2964840749051752E-02  -0.6603649228000599E-03
 0.1754888754480450E-15  -0.8002204264060043E-15
 0.1765755101564443E-14   0.5644547313687253E-15
-0.1387778780781446E-15   0.1014813233446432E-15
 0.6785478314029422E+00   0.2455260840363075E+01
-0.1565826731281240E+00  -0.6040252318635607E+00
-0.2346386997037537E-15  -0.7404129463322635E-15
 0.2935343226898880E-15   0.7530415535878256E-15
-0.4209343956015617E+00  -0.2224285982951559E+00
-0.3476874982647216E+00  -0.4855139785905377E+00
 0.1515054616894672E-14   0.5002040121920562E-14
-0.7349339013848843E-15  -0.2748616017893808E-15
-0.6844047645794448E+00   0.1249982537740874E+01
-0.2011077479594842E+00  -0.8670194055401294E-01
-0.1539641662272181E-15  -0.1518737295306389E-14
-0.2870976275614020E-14  -0.9824152542474923E-15
 0.1040478803651503E+00  -0.2468318608413447E+00
-0.9275344204386371E+00  -0.3532588198482715E+01
-0.1177664639538883E-14   0.6974744336639226E-14
-0.8463858158077835E-15  -0.9330358690621886E-15
 0.3535468969081083E+00   0.1151102717724695E+01
-0.5821231584076805E-01   0.4009932304745177E+01
-0.1000297637732484E-14   0.2223844260402578E-14
-0.4612778491578307E-01  -0.6485032208997898E-01
-0.1616948258289500E-02  -0.2273241941800464E-02
-0.6098549300632991E-15   0.1839212428496465E-15
 0.3630328896177101E-14  -0.1216099410428156E-14
 0.2034855702276754E-01  -0.1139678479306140E-02
 0.5217116055072449E+00  -0.2921993380343002E-01
 0.9598019247437539E-15   0.3751690445490723E-15
-0.6334112148256025E-15  -0.1021933407905851E-14
 0.1119007825918146E+00   0.1977762890031467E+01
-0.3655046369413575E-15   0.5626672825185620E-15
-0.1616948258289367E-02  -0.2273241941800541E-02
 0.4612778491578163E-01   0.6485032208997872E-01
-0.3369206648903695E-15   0.1420461497758706E-15
 0.2392613785520526E-14   0.3797948674434770E-15
-0.5217116055072447E+00   0.2921993380343457E-01
 0.2034855702276763E-01  -0.1139678479305302E-02
 0.1937966671673858E-14   0.2852830334084194E-14
 0.1808902658348953E-16  -0.2502560261330055E-14
-0.8847089727481716E-16   0.4128641872824801E-15
 0.1119007825918159E+00   0.1977762890031456E+01
-0.2136342073437286E+00   0.1232004512741427E+00
-0.4839529027358563E-15  -0.8193439367387332E-15
-0.2983567371444029E-15  -0.1969892227715651E-15
-0.3162563017980802E+00  -0.4760502939709973E+00
 0.2864801399274247E+00  -0.1039877895864294E+01
 0.1441872307107883E-14   0.1385006854665299E-14
-0.1628085855667842E-15   0.8556427230097490E-16
 0.5755851901049601E+00   0.3746694565803886E+00
 0.3677768050277835E-01   0.3055077307214344E+00
-0.1948734730226438E-15   0.2541735291456235E-15
-0.8601804819756463E-15  -0.1983371150744878E-14
-0.8082534768533967E-01   0.1296348415807230E+01
-0.4793754996169042E-01  -0.1242771011711244E+00
-0.5454234005366992E-17  -0.9203138412866939E-15
-0.6192064635826359E-15   0.4317596016927562E-15
-0.1008500968486289E+00  -0.2957304041442499E-01
-0.3851574702764986E-01   0.1153170865369065E+01
 0.1453041436151751E-15  -0.1782255073886983E-14
-0.3139574919889303E-15  -0.1673467975116164E-16
 0.9094719272505031E-01  -0.9742401996498967E-01
 0.1867137286852336E+00  -0.4782798067133526E+00
 0.9768288925103883E-15   0.5911434570611432E-16
 0.2324869976640020E-14   0.8228464231325644E-15
 0.7092641557560696E+00   0.3131572844790750E+00
-0.2536522250266728E+00   0.1236991923199715E+01
-0.2596527216128435E-15  -0.4105582907713597E-16
-0.8285773076068553E-01  -0.2393827068667131E-01
-0.5713568959751794E-04  -0.1650696429747941E-04
 0.6003527162550703E-15  -0.3395649128047948E-15
 0.1014995145610306E-15  -0.5772809409824378E-15
-0.1134135843261063E-04  -0.3706727373135529E-04
-0.2447438984946204E-02  -0.7999032156179919E-02
-0.2364646415968789E-15  -0.4152930813849324E-15
-0.9863865538573169E-16   0.3487274381253769E-15
 0.3583765289451797E+00  -0.3546951829353040E-01
 0.1231499227368948E-01  -0.1218848915753763E-02
-0.9499375071463782E-15  -0.7938129646998966E-15
 0.2194344915815491E-15   0.5743429419148257E-15
 0.2615819889918987E+00   0.1610400923884911E+01
-0.2540902064694271E-15   0.7908929965212696E-16
-0.5713568959772640E-04  -0.1650696429852662E-04
 0.8285773076068413E-01   0.2393827068667155E-01
 0.1406715118496050E-14   0.1519933267111416E-14
 0.1266730099630934E-14  -0.2471860519733246E-14
 0.2447438984948113E-02   0.7999032156179650E-02
-0.1134135843241649E-04  -0.3706727373168859E-04
-0.3770651070774091E-15  -0.1162300656270892E-14
-0.9124535865821814E-15   0.6908946909951443E-15
-0.1231499227368947E-01   0.1218848915753631E-02
 0.3583765289451777E+00  -0.3546951829353107E-01
-0.2600901833623921E-14   0.6546682470971432E-15
 0.7477622179466749E-15   0.1667854599907336E-14
 0.6605162922689034E-17  -0.3863147865837413E-15
 0.2615819889918989E+00   0.1610400923884910E+01
-0.4991491425391344E+00   0.3819323199714740E+00
-0.6194656861759161E-15   0.1201590979129465E-15
-0.1146916875533529E-14   0.2527140118902372E-14
 0.3854420792669538E+00   0.9365571350057980E-01
 0.6030786672062242E+00   0.5991001242219991E+00
-0.3984133527856421E-15  -0.2275243489166406E-14
-0.8288460164783551E-16  -0.1255963851597855E-14
 0.3969891019622068E+00   0.1148521567044334E+00
 0.4045933140031507E+00  -0.3335350208237645E+00
 0.4471494705808744E-15   0.3021576923687813E-14
-0.1667648742985699E-14   0.6147987060083554E-15
 0.2732111342106346E+00   0.5159574950566850E+00
 0.4190619617137308E-01   0.1170535287331216E+00
 0.1013806515520176E-15   0.7868432393809795E-15
-0.1546932971506485E-14  -0.9722041182981270E-15
-0.3858486382702168E+00   0.1831963504032937E+01
 0.8669583222433788E-15  -0.6048312915212536E-15
-0.2451782342448832E+00   0.1643719590738756E+00
 0.1204362846753169E-01  -0.8074268140738885E-02
-0.2513620224602823E-15  -0.7316226651291872E-15
-0.1542467707984070E-14  -0.1616996759238056E-14
 0.8161541664310038E-03   0.8177516002651901E-02
-0.1806898591269567E-01  -0.1810435179163264E+00
-0.1223153481343663E-14  -0.2270133288636980E-15
-0.1065474904354126E-14   0.7897780875687922E-15
 0.2973636593101338E+00   0.1804646726065618E+00
 0.2507394055210517E-01   0.1521692490329780E-01
-0.4779744004047865E-15  -0.1928986239837404E-14
 0.4932988288394934E-15  -0.2427647118034424E-15
 0.1520365253819491E+00   0.9787570203728294E-01
 0.7573423222588633E-02   0.4875500231764118E-02
-0.3310097520899478E-14  -0.3122668002814464E-14
-0.1314961148542201E+01   0.7457966600040814E+00
 0.3817055028106084E-14  -0.2222148952189245E-14
-0.1204362846753094E-01   0.8074268140738633E-02
-0.2451782342448780E+00   0.1643719590738730E+00
-0.1386752319279543E-14  -0.9636107029974432E-15
-0.3902840853433216E-14  -0.4656059528853328E-14
-0.1806898591269691E-01  -0.1810435179163271E+00
-0.8161541664306591E-03  -0.8177516002652095E-02
-0.3357440266752783E-14  -0.1003536246945891E-14
-0.2068214999440828E-14   0.2816284198175468E-14
 0.2507394055210575E-01   0.1521692490329768E-01
-0.2973636593101333E+00  -0.1804646726065606E+00
-0.3026549228092756E-14  -0.3008241202058870E-14
-0.3389911875491202E-14  -0.1164845745513538E-14
 0.7573423222588721E-02   0.4875500231764545E-02
-0.1520365253819535E+00  -0.9787570203728495E-01
-0.5297786804823672E-14  -0.6444035936031434E-14
-0.3318742849978129E-15   0.2975050761300224E-15
-0.1314961148542201E+01   0.7457966600040815E+00
 0.4460442917656318E+00  -0.3559409475563419E+00
-0.1807779821842819E-14   0.3403493936190321E-15
 0.4070561765953594E-16  -0.2549024317527746E-15
-0.3636203588743683E-01   0.3087175783937450E+00
-0.2221707526094702E+00  -0.4829307918639364E+00
 0.9551821919276870E-15   0.7772948119019491E-15
-0.4411055326838473E-15  -0.1185263398954010E-15
-0.2508861483760902E+00   0.9592105769734040E-01
 0.5996638495908311E-03   0.4123182262554578E+00
 0.1707468455203750E-14  -0.6267968203631112E-15
 0.6616942410072190E-15  -0.1543585574333058E-15
 0.6222018592087272E-01   0.1404882295723580E+00
 0.3553243598083813E+00   0.1969366150940056E+00
 0.2989886243750908E-15  -0.5930375306926188E-15
-0.9626341488523061E-15  -0.1345602885910354E-14
 0.6586020251030884E+00  -0.3245631661774788E+00
-0.1328357352791157E-14   0.8170187053280375E-15
-0.3939859510218244E-14   0.1498219754875064E-14
-0.1439482734909192E+01   0.8754416811234595E+00
-0.2003387156386436E-14   0.7858006103051401E-14
-0.1333403660401989E-14   0.1063396711673596E-14
 0.7835488810787215E-15  -0.5882282601309957E-15
 0.7592305115654124E-15  -0.2418802007431664E-14
 0.2161665755923200E-13  -0.5815924376522226E-14
 0.7930931726063231E-16   0.4248522950489453E-15
-0.2812372409005741E-15   0.1653910574888465E-15
-0.4541479759712903E-14  -0.5371553512619811E-14
-0.7490652240343786E-14  -0.6066793071510092E-14
 0.1990109303049577E-15  -0.5208135289276564E-16
-0.1617955550590431E-15   0.4279528990164782E-15
-0.9943959865838604E-15   0.2570799432372432E-14
 0.1667041102829471E-14  -0.1198894453483168E-14
-0.4946523695491261E-18  -0.1751953735943866E-15
-0.5097197300118684E-15  -0.2879559416886752E-15
-0.1029975334741248E-14   0.4884241898789673E-14
 0.3794636690837032E-15  -0.2819377976087925E-15
 0.1056328751041083E-15   0.8199754282615796E-16
 0.1032538109149009E-16  -0.4049700423823222E-14
-0.1181789163456952E+01   0.8313274496398113E+00
-0.3060514362684580E-15   0.4275495722061889E-15
-0.2977665157470721E-16   0.6749562680139766E-16
-0.4218191727053129E-15   0.2845600138585061E-15
 0.5899202276908177E-15  -0.3952427611944067E-15
-0.4525128814956143E-15  -0.1100146787361630E-15
-0.1035904066399013E-15   0.4805787351895763E-16
-0.1479848231648195E-15  -0.5495630045675666E-16
 0.5853773759481918E-16  -0.3508213558530640E-15
-0.1472675940108326E-15  -0.1138536858643180E-15
 0.5528490449606746E-16  -0.3546035696330117E-16
 0.2487417009445945E-15  -0.3811184668980737E-15
-0.1198233926145894E-15  -0.8780823895998633E-16
-0.4421602786402504E-15   0.8900151258038636E-16
-0.5342565061494584E-16   0.6296281769206381E-16
-0.5955071369773959E-15   0.2336049033524095E-15
-0.8905422001131099E-16  -0.7851513570400773E-16
-0.8403646836751431E-16   0.5085680277297222E-16
 0.7938121459434292E-16  -0.3120789986449275E-16
-0.1104480637546086E-15  -0.1369428629620765E-16
-0.8196568423990411E-16   0.6635317295611295E-16
-0.1181789163456949E+01   0.8313274496398086E+00
 0.1651831797528491E+00  -0.1228467317369043E+01
 0.1609423349896313E-14  -0.1717356433434041E-14
-0.3593579379203925E-14   0.2753829967120528E-14
-0.1445418048110626E+00   0.3904417494453363E+00
-0.3747348008128896E+01   0.1150994541489506E+01
 0.2250898779351332E-14   0.1424136564167725E-14
 0.3905536056102154E-14  -0.1935242750863753E-14
 0.7520211409666131E+00   0.9673126714724865E+00
 0.1242238222376921E+01   0.1027794078753676E+01
 0.4110869122112851E-14  -0.4786802830025396E-14
 0.2622182272039448E-15  -0.5313451887464581E-14
 0.1526149755885670E+00  -0.4980260844704908E+00
-0.3362457448806907E+00   0.1003432682203473E+00
 0.8622722900826685E-15   0.1026590369820788E-15
 0.3653094663451304E-14  -0.8709486025382302E-15
-0.8019205806391540E-01  -0.8377692074044893E+00
 0.7655384687152625E-15   0.2286704653728740E-14
 0.9343485275218118E-15   0.4856118381819940E-14
 0.1697840205797035E+00   0.6028222075459477E+00
 0.3074347208229416E-13  -0.2664942778727278E-13
 0.8078865632118729E-15  -0.6800922976262864E-15
-0.6141706781706092E+01   0.5159903416641819E+01
-0.5701151819421663E-15   0.6358935297580934E-14
 0.6114654535671228E-03  -0.5322694393704767E-03
-0.2398236330280268E+00   0.2087620648965658E+00
 0.1179210226672126E-14  -0.3109262904233867E-14
 0.2061635134368844E-13  -0.5919337885719913E-14
 0.1317653154671104E+00  -0.2486298591770955E+00
-0.8556978111226886E-03   0.1614628443937316E-02
-0.3425373658823439E-14  -0.6519113043325101E-14
-0.5910855206902640E-14  -0.6748072605811487E-14
-0.3130466260301770E-03   0.7519547795791921E-02
 0.9631871590456365E-02  -0.2313627196874017E+00
-0.4681910867721985E-15   0.3180197110250767E-14
 0.1846717546290030E-14   0.3677099390082846E-15
 0.1321885500328022E-03   0.1025116017351042E-03
 0.7106608240011479E-01   0.5511141421949256E-01
 0.5658359594282615E-15   0.5513983225737310E-14
 0.2458723429299576E-02   0.8528294368915583E-04
-0.4757771262351441E-01  -0.1650274015447972E-02
-0.6671526557364403E-15  -0.3212948415716087E-14
 0.7316114678425528E-15  -0.5234753030056469E-15
-0.4486028483337193E-16   0.4593357705016898E-16
 0.2488045354659560E-13  -0.2378234222772592E-13
-0.1253474857098914E+01   0.8799508932992528E+00
-0.9151829093517156E-16  -0.6506347182705371E-15
 0.2398236330280304E+00  -0.2087620648965689E+00
 0.6114654535673106E-03  -0.5322694393705227E-03
 0.5683075589536994E-15  -0.5468028469613787E-15
-0.2060724752659316E-14   0.7038134350589406E-15
-0.8556978111231826E-03   0.1614628443937592E-02
-0.1317653154671098E+00   0.2486298591770939E+00
 0.5221209943500860E-15   0.1558184273291668E-15
 0.9288746398308828E-15  -0.1324612089076079E-16
 0.9631871590457121E-02  -0.2313627196874033E+00
 0.3130466260302508E-03  -0.7519547795791824E-02
 0.3129470618986254E-15  -0.1476105310395911E-15
-0.1252153625145444E-15   0.4040850141376356E-15
 0.7106608240011554E-01   0.5511141421949263E-01
-0.1321885500326193E-03  -0.1025116017354562E-03
 0.2618150910299424E-15  -0.4972667146825053E-16
 0.4757771262351360E-01   0.1650274015448264E-02
 0.2458723429299010E-02   0.8528294368953830E-04
 0.1171500814039142E-15   0.2947412143724862E-15
-0.2972026660413976E-16  -0.1043802472074893E-16
 0.8847685378022864E-16  -0.6286443303274800E-16
-0.2727097485138586E-14   0.1746043079163709E-14
-0.1612911535483268E-15   0.8430669801765781E-16
-0.1253474857098916E+01   0.8799508932992540E+00
-0.2121292673291490E+00   0.4817018541982542E+00
 0.1644937767358014E-14  -0.1004863285908945E-14
-0.1200778358981808E-14   0.5908531214765594E-15
 0.1316208814073084E+00  -0.4453548115223842E-01
 0.1030034733059819E+01  -0.3625491754856057E+00
-0.5554524697585421E-15  -0.9004626488185701E-15
-0.1625646546752087E-14   0.9552213823617096E-15
-0.3530503722456838E+00  -0.1255350828121874E+00
-0.5712917237311562E+00   0.6255942035871484E-01
-0.1313355220630338E-14   0.8009708753673283E-15
 0.4502153501618642E-15  -0.1967995116901973E-15
-0.8133571194430721E-01   0.1785904578249276E+00
 0.1684356734652131E+00  -0.2042588311082426E+00
-0.8065955317257381E-15   0.4119158433521219E-15
-0.7258454162120443E-15   0.9463575613803191E-15
-0.6264285135989386E-01   0.6126272095723396E-01
-0.4618548090189196E-15   0.2981106558842110E-15
-0.2786289822598299E-16  -0.2958171926492942E-15
-0.8930383299216568E-01  -0.1970240985511470E+00
-0.9540986182958529E-14   0.5961782516120946E-14
-0.1958943491479086E-15   0.1593165000912350E-15
 0.1637774221421782E+01  -0.1021429646658818E+01
-0.8178613736611576E-14   0.5821836267028985E-14
 0.9936501737863375E-15  -0.3640689388248634E-15
-0.1812510725779885E+01   0.1044499538803913E+01
-0.5153164668923842E-15   0.6242359828190821E-15
-0.1602224583137364E+00   0.8694852782240146E-01
-0.1037211637734993E-03   0.5628675648245468E-04
 0.2014106008095861E-14  -0.5501802333514902E-15
 0.8605491578834473E-15  -0.8957105675406970E-15
-0.3087239669057701E-04  -0.2619709435915738E-03
-0.6723430797195768E-02  -0.5705237360841358E-01
 0.3196271545342702E-15  -0.4587221541609976E-15
 0.2374040230727489E-17  -0.3324825437897511E-15
 0.1632179267410075E+00   0.2819645231959554E-01
 0.5615599991836103E-02   0.9701140100070104E-03
-0.6889613639082843E-15   0.2666416098598419E-15
 0.4991141318126744E-15  -0.7349117118169985E-15
-0.4030213299728619E-01  -0.8065995640353196E-01
-0.1701013784579010E-05  -0.3404378069039293E-05
-0.1703644216609964E-14   0.1419900873665086E-14
-0.5680013104500528E+00   0.3519514706484013E+00
-0.2826992026751395E-01   0.1751693144049423E-01
-0.6241559487554836E-15   0.1143152134906537E-17
-0.1523751247978348E-15   0.5833308260724159E-16
-0.2909418847108161E-16   0.3010889773851964E-16
-0.1382102916021000E-15  -0.2016091321227829E-14
 0.2622262752181577E-03  -0.2476548965784777E-03
 0.1378479753487412E+00  -0.1301880448484735E+00
 0.6047641503160047E-15   0.1880278792304075E-15
-0.1745155288543992E+01   0.4029542470383716E+00
 0.1560664155579743E-15  -0.3636112956450697E-16
 0.1037211637746243E-03  -0.5628675648276779E-04
-0.1602224583137332E+00   0.8694852782239987E-01
 0.1422900822984989E-15  -0.2669139616634996E-15
 0.5706240382111852E-15  -0.5977003587462676E-15
-0.6723430797196042E-02  -0.5705237360841381E-01
 0.3087239668961695E-04   0.2619709435915434E-03
-0.1127200562529205E-15  -0.3097092741614911E-15
-0.2686055330717932E-15   0.1961530517187147E-15
 0.5615599991836421E-02   0.9701140100069604E-03
-0.1632179267410072E+00  -0.2819645231959537E-01
-0.6784446747269047E-15   0.9565330235632601E-15
-0.5089886581923149E-15   0.7591785752358190E-15
-0.1701013784385736E-05  -0.3404378069318792E-05
 0.4030213299728434E-01   0.8065995640353292E-01
-0.2783157032374293E-14   0.1810805349846240E-14
 0.2826992026751278E-01  -0.1751693144049402E-01
-0.5680013104500544E+00   0.3519514706484012E+00
-0.4082423394924630E-15   0.2395386668309319E-15
 0.5371406339088656E-15  -0.2383530702914360E-15
-0.1038004735929765E-15   0.3141389789927521E-16
-0.1081513236918245E-14   0.2422846588099195E-15
-0.1378479753487410E+00   0.1301880448484731E+00
 0.2622262752181411E-03  -0.2476548965785150E-03
 0.2361948232737679E-15   0.6152947261820338E-15
-0.4180313930879446E-17   0.7522271057595493E-17
-0.1745155288543990E+01   0.4029542470383712E+00
 0.5794116320915111E-01   0.1463475459977714E+00
 0.2035071761656286E-15   0.2042065600066674E-15
 0.4474116703170930E-15  -0.3694444897368283E-15
 0.8342550159146280E-02  -0.8976017004122465E-01
 0.4462968563586723E+00  -0.3744667555799273E+00
-0.7776121364697072E-15  -0.1001772863486463E-15
 0.1746217506798416E-14   0.3197735301358367E-15
 0.2163296195893246E+00  -0.1830129421387585E+00
-0.2360816167822412E+00  -0.3961743700070927E-01
-0.3833257400029692E-15   0.7526876867327840E-15
-0.4187545237550161E-15   0.9058063056426032E-15
-0.2564271797313396E+00   0.2101671847401828E+00
 0.2263594394266580E+00  -0.1834563321162548E+00
 0.1533839784170953E-14   0.3474812392342191E-15
-0.4326643012174948E-15   0.4909739410215728E-15
 0.1272169001521019E+00   0.7501867715907899E-01
 0.1783441825794633E-14  -0.1231607060102500E-14
 0.4272542815109484E-15  -0.1035815341455144E-14
-0.2592438906264977E+00   0.3242497193793344E-01
 0.7771756355995002E-15   0.3934111977125398E-14
 0.7210919854450492E-17   0.9236880876884045E-16
-0.5543612427923030E-02  -0.7305126223113074E+00
-0.2093501795125797E-15   0.4057708626887930E-14
-0.3013583818277619E-15  -0.7147892607312365E-16
 0.9460703086857755E-01   0.1426031811697182E+00
 0.1063289310975455E-15  -0.1078317565488855E-15
-0.2612353290942290E-16  -0.1257653048596072E-15
-0.1637835030900704E+01   0.3558168582159574E+00
 0.2223803206754763E+00  -0.1862268300915143E+00
 0.8385239784525394E-15   0.1696582014532255E-15
 0.3242894377543666E-15  -0.1077636044202958E-15
-0.1404199736993375E+00   0.4702901184541523E-01
 0.1613832418337589E-01  -0.5005500469304911E-01
 0.1216305275695803E-14   0.4405431536865410E-16
-0.1672057527529859E-14  -0.2346694504721682E-15
-0.3263889984339862E+00   0.1817432467989981E+00
-0.5355008162410792E-03   0.6565518811226034E-01
 0.3722935644038056E-15  -0.4509695922575878E-15
 0.4304034812405121E-15  -0.4870448415799754E-15
 0.7828741401780694E-01  -0.2501579500190882E-01
 0.7392883586384204E-01  -0.7668678140781138E-01
 0.6108847044876548E-15  -0.1196132894051425E-15
-0.2808934527424298E-15   0.6861293405297381E-16
 0.2948142597391459E+00  -0.1544265541815447E+00
-0.3150711895806244E-15   0.4074125967655742E-15
-0.1751318166076496E-14   0.9610006411402088E-15
-0.6995699081057458E+00   0.2312829532612161E+00
-0.3215378532692428E-14  -0.2576573000705939E-14
 0.2514975849202841E-16  -0.6943904470087166E-16
 0.6934652060686362E+00   0.3706659188149551E+00
-0.3470615876972955E-14  -0.1784065703546671E-14
 0.4465251055644603E-15   0.1341293077519957E-15
-0.2315040780188153E+00  -0.1831867922277114E+00
 0.5000256752061925E-15   0.1385120556748928E-15
 0.2491101830905166E-15   0.8086706045024785E-16
 0.9925637818632853E-01   0.2804799993903539E-01
-0.2158086531964419E+01   0.2691976839652046E+00
-0.1868648164118324E+00   0.2647540821077611E+01
 0.5194629485419192E-15   0.4606139516555128E-15
 0.6626470612745093E+00   0.3135202507006304E+01
 0.2432110508055064E-15  -0.1061359080403425E-14
 0.2196864651998753E-16  -0.1021860547567588E-16
 0.6626470612744837E+00   0.3135202507006206E+01
 0.1000779544922326E+00  -0.5123989267547367E+00
 0.6964712705607403E-15   0.8961071913600656E-15
 0.5407980085715513E-15  -0.1002027808625433E-14
 0.4681601321776682E-01   0.1254894210159279E+01
-0.2458942192401144E+00  -0.1845467615934336E+01
 0.6163568167996362E-15  -0.7002750054644187E-15
 0.2199015670085201E-14   0.7035312782426204E-14
 0.9651175428794954E-01   0.7530201518734042E+00
 0.3677433083660204E+01   0.1454999269597063E+02
-0.7993693057651451E-15  -0.3810679478623456E-15
 0.2323371802183987E-02   0.6603649227995773E-03
 0.5890314511418100E+00   0.1674186233965530E+00
 0.7200606664549785E-15   0.1400400835366307E-14
-0.4507682869606632E-14  -0.1078844496906332E-13
 0.6864385424234645E+00   0.2455260840363075E+01
 0.1042850677442568E-15   0.2410106102072603E-15
 0.5890314511418220E+00   0.1674186233965593E+00
-0.2323371802183837E-02  -0.6603649228000599E-03
 0.2109020124889486E-15  -0.8002204264060043E-15
 0.1251630982105121E-14   0.5644547313687253E-15
-0.9237402509576498E-16   0.1014813233446432E-15
 0.6864385424234685E+00   0.2455260840363075E+01
-0.1548793947700260E+00  -0.6040252318635607E+00
-0.2961614299770473E-16  -0.7404129463322635E-15
-0.2958892788284876E-15   0.7530415535878256E-15
-0.3869059913392728E+00  -0.2224285982951559E+00
-0.3302944025098318E+00  -0.4855139785905377E+00
 0.1535316147499435E-14   0.5002040121920562E-14
-0.5397719860592279E-15  -0.2748616017893808E-15
-0.7020066470505527E+00   0.1249982537740874E+01
-0.3209672231797742E-01  -0.8670194055401294E-01
-0.9992398863838802E-17  -0.1518737295306389E-14
-0.2203458015998029E-14  -0.9824152542474923E-15
 0.2523664085074966E-01  -0.2468318608413447E+00
-0.1275098291199759E+01  -0.3532588198482715E+01
-0.1455107122515702E-14   0.6974744336639226E-14
-0.4095625495386536E-15  -0.9330358690621886E-15
 0.3694202861732311E+00   0.1151102717724695E+01
-0.1110345298664671E+00   0.4009932304745177E+01
-0.8477709092991983E-15   0.2223844260402578E-14
 0.9023677694816787E-01  -0.6485032208997898E-01
 0.3163130412318247E-02  -0.2273241941800464E-02
-0.7771308468386627E-15   0.1839212428496465E-15
 0.2549313155948085E-14  -0.1216099410428156E-14
 0.1752256283649238E-01  -0.1139678479306140E-02
 0.4492566416281761E+00  -0.2921993380343002E-01
 0.9597031991556390E-15   0.3751690445490723E-15
 0.1533331925203467E-15  -0.1021933407905851E-14
 0.4806217967207829E-01   0.1977762890031467E+01
-0.2421784954798542E-15   0.5626672825185620E-15
 0.3163130412318458E-02  -0.2273241941800541E-02
-0.9023677694816669E-01   0.6485032208997872E-01
-0.2986491232486563E-15   0.1420461497758706E-15
 0.2046969540496191E-14   0.3797948674434770E-15
-0.4492566416281765E+00   0.2921993380343457E-01
 0.1752256283649238E-01  -0.1139678479305302E-02
 0.1845271844278155E-14   0.2852830334084194E-14
 0.2754166160142022E-15  -0.2502560261330055E-14
-0.9020562075079397E-16   0.4128641872824801E-15
 0.4806217967207949E-01   0.1977762890031456E+01
-0.1911924591707599E+00   0.1232004512741427E+00
-0.6142497378021033E-15  -0.8193439367387332E-15
-0.2322165355945235E-16  -0.1969892227715651E-15
-0.3276187849638592E+00  -0.4760502939709973E+00
 0.1635227311335039E+00  -0.1039877895864294E+01
 0.1466488601713439E-14   0.1385006854665299E-14
-0.4870668874831841E-16   0.8556427230097490E-16
 0.5392477435973678E+00   0.3746694565803886E+00
 0.1386439256171319E+00   0.3055077307214344E+00
-0.1629842153597233E-15   0.2541735291456235E-15
-0.7078395197548125E-15  -0.1983371150744878E-14
-0.1325787124822250E+00   0.1296348415807230E+01
-0.7215782603847376E-01  -0.1242771011711244E+00
-0.8645410237192681E-16  -0.9203138412866939E-15
-0.2252073855078580E-15   0.4317596016927562E-15
-0.1010054851814295E+00  -0.2957304041442499E-01
 0.7121573853640570E-01   0.1153170865369065E+01
-0.3389082491643069E-15  -0.1782255073886983E-14
-0.4047127001323851E-15  -0.1673467975116164E-16
 0.1125586071037080E+00  -0.9742401996498967E-01
 0.1034405975206200E+00  -0.4782798067133526E+00
 0.9567200142305893E-15   0.5911434570611432E-16
 0.2369539335334166E-14   0.8228464231325644E-15
 0.7042152932027185E+00   0.3131572844790750E+00
-0.3216155798460530E+00   0.1236991923199715E+01
-0.6566253014771127E-16  -0.4105582907713597E-16
-0.1253603592300459E+00  -0.2393827068667131E-01
-0.8644396252534080E-04  -0.1650696429747941E-04
 0.5714781314681828E-15  -0.3395649128047948E-15
-0.9665866343306612E-16  -0.5772809409824378E-15
 0.2504428788705204E-03  -0.3706727373135529E-04
 0.5404499548186481E-01  -0.7999032156179919E-02
-0.1817296466558384E-15  -0.4152930813849324E-15
-0.1532106750708568E-16   0.3487274381253769E-15
 0.3902570643387387E+00  -0.3546951829353040E-01
 0.1341051197250554E-01  -0.1218848915753763E-02
-0.8684873813296781E-15  -0.7938129646998966E-15
 0.1058180659815690E-15   0.5743429419148257E-15
 0.1441396192403338E+00   0.1610400923884911E+01
-0.1882238006157753E-15   0.7908929965212696E-16
-0.8644396252540772E-04  -0.1650696429852662E-04
 0.1253603592300444E+00   0.2393827068667155E-01
 0.1248728665315929E-14   0.1519933267111416E-14
 0.5364781361832424E-15  -0.2471860519733246E-14
-0.5404499548186319E-01   0.7999032156179650E-02
 0.2504428788707109E-03  -0.3706727373168859E-04
-0.2882427020157974E-15  -0.1162300656270892E-14
-0.2904236268822030E-15   0.6908946909951443E-15
-0.1341051197250552E-01   0.1218848915753631E-02
 0.3902570643387369E+00  -0.3546951829353107E-01
-0.2806413206330081E-14   0.6546682470971432E-15
 0.5103664773066113E-15   0.1667854599907336E-14
 0.5084738782367565E-16  -0.3863147865837413E-15
 0.1441396192403342E+00   0.1610400923884910E+01
-0.2918652591710845E+00   0.3819323199714740E+00
-0.5429044709991544E-15   0.1201590979129465E-15
-0.5852282438230504E-15   0.2527140118902372E-14
 0.3063982066118379E+00   0.9365571350057980E-01
 0.5609559896245550E+00   0.5991001242219991E+00
 0.1548832907330987E-15  -0.2275243489166406E-14
-0.3888352265194330E-15  -0.1255963851597855E-14
 0.2781828211846066E+00   0.1148521567044334E+00
 0.5318589505910701E+00  -0.3335350208237645E+00
 0.2266248556174923E-15   0.3021576923687813E-14
-0.1703942968663184E-14   0.6147987060083554E-15
 0.2052168595609307E+00   0.5159574950566850E+00
 0.1138092745748924E+00   0.1170535287331216E+00
 0.1262442557063911E-15   0.7868432393809795E-15
-0.1722280205771629E-14  -0.9722041182981270E-15
-0.4979384652973968E+00   0.1831963504032937E+01
 0.4411304474059962E-15  -0.6048312915212536E-15
-0.1261732176765310E+00   0.1643719590738756E+00
 0.6197872176252882E-02  -0.8074268140738885E-02
-0.1075362485949037E-15  -0.7316226651291872E-15
-0.1565802995673524E-14  -0.1616996759238056E-14
 0.2525878843135013E-02   0.8177516002651901E-02
-0.5592089229092635E-01  -0.1810435179163264E+00
-0.7696938591555008E-15  -0.2270133288636980E-15
-0.1499196294543913E-14   0.7897780875687922E-15
 0.2950162026210874E+00   0.1804646726065618E+00
 0.2487600113473878E-01   0.1521692490329780E-01
-0.1990003821424238E-15  -0.1928986239837404E-14
 0.1465388179236131E-15  -0.2427647118034424E-15
 0.1376243493546616E+00   0.9787570203728294E-01
 0.6855506864405050E-02   0.4875500231764118E-02
-0.2534216478353091E-14  -0.3122668002814464E-14
-0.1249919640662363E+01   0.7457966600040814E+00
 0.2561430694736818E-14  -0.2222148952189245E-14
-0.6197872176252096E-02   0.8074268140738633E-02
-0.1261732176765281E+00   0.1643719590738730E+00
-0.1068731985682984E-14  -0.9636107029974432E-15
-0.3740018377609168E-14  -0.4656059528853328E-14
-0.5592089229092720E-01  -0.1810435179163271E+00
-0.2525878843134677E-02  -0.8177516002652095E-02
-0.2706535673645609E-14  -0.1003536246945891E-14
-0.2726190276832310E-14   0.2816284198175468E-14
 0.2487600113473930E-01   0.1521692490329768E-01
-0.2950162026210866E+00  -0.1804646726065606E+00
-0.2522153967165662E-14  -0.3008241202058870E-14
-0.3552150047469561E-14  -0.1164845745513538E-14
 0.6855506864405100E-02   0.4875500231764545E-02
-0.1376243493546656E+00  -0.9787570203728495E-01
-0.4326162238362128E-14  -0.6444035936031434E-14
-0.3091060393756173E-15   0.2975050761300224E-15
-0.1249919640662362E+01   0.7457966600040815E+00
 0.1886981733194074E+00  -0.3559409475563419E+00
-0.1523935068267384E-14   0.3403493936190321E-15
-0.5296470404993796E-15  -0.2549024317527746E-15
 0.5918162993713112E-01   0.3087175783937450E+00
-0.1314457371839728E+00  -0.4829307918639364E+00
 0.5262018803175349E-15   0.7772948119019491E-15
-0.1273498578977001E-15  -0.1185263398954010E-15
-0.1710522500705446E+00   0.9592105769734040E-01
-0.4297663404828332E-02   0.4123182262554578E+00
 0.1603503303626615E-14  -0.6267968203631112E-15
 0.5148996772987658E-15  -0.1543585574333058E-15
 0.2574126082126794E-01   0.1404882295723580E+00
 0.3109376503311315E+00   0.1969366150940056E+00
 0.2351343575398554E-15  -0.5930375306926188E-15
-0.7536395218865644E-15  -0.1345602885910354E-14
 0.4870019868724000E+00  -0.3245631661774788E+00
-0.9046696701284731E-15   0.8170187053280375E-15
-0.2952918653204785E-14   0.1498219754875064E-14
-0.1306583792338015E+01   0.8754416811234595E+00
-0.3749870803675309E-14   0.7858006103051401E-14
-0.1235142096969124E-14   0.1063396711673596E-14
 0.4184565739830440E-15  -0.5882282601309957E-15
 0.7244900740353638E-15  -0.2418802007431664E-14
 0.1442341378428007E-13  -0.5815924376522226E-14
 0.2294498583419206E-15   0.4248522950489453E-15
-0.2860226821095177E-15   0.1653910574888465E-15
-0.2768951849266238E-14  -0.5371553512619811E-14
-0.2494994175969978E-14  -0.6066793071510092E-14
 0.1877703761108087E-15  -0.5208135289276564E-16
-0.2101217702530943E-15   0.4279528990164782E-15
-0.4673823172316179E-15   0.2570799432372432E-14
 0.5276889288472879E-15  -0.1198894453483168E-14
 0.1135825139440567E-16  -0.1751953735943866E-15
-0.3911220720738134E-15  -0.2879559416886752E-15
-0.2635106200900750E-14   0.4884241898789673E-14
 0.3762879290168687E-15  -0.2819377976087925E-15
-0.3322597547871134E-16   0.8199754282615796E-16
 0.1711302478994404E-14  -0.4049700423823222E-14
-0.1121686976828519E+01   0.8313274496398113E+00
-0.3352003024103803E-15   0.4275495722061889E-15
-0.7815202579936147E-17   0.6749562680139766E-16
-0.3907229951618481E-15   0.2845600138585061E-15
 0.5582999416268320E-15  -0.3952427611944067E-15
-0.6142653801323329E-15  -0.1100146787361630E-15
-0.9486248920316907E-16   0.4805787351895763E-16
-0.1496426293763016E-15  -0.5495630045675666E-16
 0.9061365439947590E-16  -0.3508213558530640E-15
-0.4668429613691250E-16  -0.1138536858643180E-15
 0.5907059278471646E-16  -0.3546035696330117E-16
 0.2268589411258779E-15  -0.3811184668980737E-15
-0.8688849558055166E-16  -0.8780823895998633E-16
-0.4490164225234777E-15   0.8900151258038636E-16
-0.5525545741696270E-16   0.6296281769206381E-16
-0.5535139206558965E-15   0.2336049033524095E-15
-0.9131595814211277E-16  -0.7851513570400773E-16
-0.7250626017363025E-16   0.5085680277297222E-16
 0.6552243415329748E-16  -0.3120789986449275E-16
-0.6800830690710555E-16  -0.1369428629620765E-16
-0.8760353553682873E-16   0.6635317295611295E-16
-0.1121686976828515E+01   0.8313274496398086E+00
 0.5515901413387516E+00  -0.1228467317369043E+01
 0.1625247673306610E-14  -0.1717356433434041E-14
-0.2730253034097256E-14   0.2753829967120528E-14
-0.1698636526662382E+00   0.3904417494453363E+00
-0.2527055628141810E+01   0.1150994541489506E+01
-0.8042948374057891E-15   0.1424136564167725E-14
 0.4280412831381139E-14  -0.1935242750863753E-14
 0.4503068164767373E+00   0.9673126714724865E+00
 0.3502591411257394E+00   0.1027794078753676E+01
 0.5081475140461981E-14  -0.4786802830025396E-14
 0.1309926524105091E-14  -0.5313451887464581E-14
 0.9098206475230602E-01  -0.4980260844704908E+00
-0.1507201485092481E+00   0.1003432682203473E+00
 0.8939685132198516E-15   0.1026590369820788E-15
 0.3212179966674934E-14  -0.8709486025382302E-15
 0.3040852110592205E+00  -0.8377692074044893E+00
-0.2931257702534552E-15   0.2286704653728740E-14
-0.1063851990024157E-14   0.4856118381819940E-14
-0.1551219393142112E+00   0.6028222075459477E+00
 0.3524789027703674E-13  -0.2664942778727278E-13
 0.8724663649968828E-15  -0.6800922976262864E-15
-0.6838397646161793E+01   0.5159903416641819E+01
-0.3113859960264208E-14   0.6358935297580934E-14
 0.2501461605701163E-03  -0.5322694393704767E-03
-0.9811013960965706E-01   0.2087620648965658E+00
 0.1294365653254435E-14  -0.3109262904233867E-14
 0.1408932248005438E-13  -0.5919337885719913E-14
 0.6596834732993971E-01  -0.2486298591770955E+00
-0.4284053828089078E-03   0.1614628443937316E-02
-0.2041906902410003E-14  -0.6519113043325101E-14
-0.7071507573254927E-15  -0.6748072605811487E-14
-0.9610396117689970E-03   0.7519547795791921E-02
 0.2956942948493336E-01  -0.2313627196874017E+00
-0.4488124556000232E-15   0.3180197110250767E-14
 0.1056193629259552E-14   0.3677099390082846E-15
 0.6910146951348500E-04   0.1025116017351042E-03
 0.3714974349276965E-01   0.5511141421949256E-01
-0.1927934908804111E-14   0.5513983225737310E-14
-0.4626031599042703E-03   0.8528294368915583E-04
 0.8951637235160972E-02  -0.1650274015447972E-02
 0.1207299944532146E-14  -0.3212948415716087E-14
 0.7087367292570514E-15  -0.5234753030056469E-15
-0.2528586025320464E-16   0.4593357705016898E-16
 0.2948976245574597E-13  -0.2378234222772592E-13
-0.1198294379804609E+01   0.8799508932992528E+00
-0.1064104228597901E-15  -0.6506347182705371E-15
 0.9811013960965866E-01  -0.2087620648965689E+00
 0.2501461605702994E-03  -0.5322694393705227E-03
 0.6650506790868382E-15  -0.5468028469613787E-15
-0.1376918764162608E-14   0.7038134350589406E-15
-0.4284053828093916E-03   0.1614628443937592E-02
-0.6596834732993878E-01   0.2486298591770939E+00
 0.2669259532445203E-15   0.1558184273291668E-15
 0.6267261632468636E-15  -0.1324612089076079E-16
 0.2956942948493387E-01  -0.2313627196874033E+00
 0.9610396117690372E-03  -0.7519547795791824E-02
 0.1725470956983571E-15  -0.1476105310395911E-15
 0.3206063667012861E-16   0.4040850141376356E-15
 0.3714974349277018E-01   0.5511141421949263E-01
-0.6910146951328226E-04  -0.1025116017354562E-03
-0.6544059138579073E-16  -0.4972667146825053E-16
-0.8951637235161720E-02   0.1650274015448264E-02
-0.4626031599048462E-03   0.8528294368953830E-04
 0.4981278042510819E-16   0.2947412143724862E-15
-0.3556374397027924E-16  -0.1043802472074893E-16
 0.7495177666597688E-16  -0.6286443303274800E-16
-0.2946834877367995E-14   0.1746043079163709E-14
-0.1467224912580183E-15   0.8430669801765781E-16
-0.1198294379804611E+01   0.8799508932992540E+00
-0.2385197017196548E+00   0.4817018541982542E+00
 0.1319209075509437E-14  -0.1004863285908945E-14
-0.2229176263420420E-15   0.5908531214765594E-15
 0.9809319428322270E-01  -0.4453548115223842E-01
 0.6359966165340590E+00  -0.3625491754856057E+00
-0.1619876458239021E-15  -0.9004626488185701E-15
-0.1656197778414369E-14   0.9552213823617096E-15
-0.2007039840058507E+00  -0.1255350828121874E+00
-0.3726197521863336E+00   0.6255942035871484E-01
-0.1310902123299012E-14   0.8009708753673283E-15
 0.2873146271090850E-15  -0.1967995116901973E-15
-0.3629154726715292E-02   0.1785904578249276E+00
 0.5479014667348397E-01  -0.2042588311082426E+00
-0.8031221936521504E-15   0.4119158433521219E-15
-0.5511913172443018E-15   0.9463575613803191E-15
 0.4343391840292635E-02   0.6126272095723396E-01
-0.8842119947086639E-15   0.2981106558842110E-15
-0.1213610574242281E-15  -0.2958171926492942E-15
-0.3289293870921454E-01  -0.1970240985511470E+00
-0.1044558839470251E-13   0.5961782516120946E-14
-0.2245589650412541E-15   0.1593165000912350E-15
 0.1747170945330388E+01  -0.1021429646658818E+01
-0.8458944545614453E-14   0.5821836267028985E-14
 0.1208879697429619E-14  -0.3640689388248634E-15
-0.1875874967799592E+01   0.1044499538803913E+01
-0.5699048553118460E-15   0.6242359828190821E-15
-0.4895799925666493E-01   0.8694852782240146E-01
-0.3169331386100264E-04   0.5628675648245468E-04
 0.1937491347250938E-14  -0.5501802333514902E-15
 0.6066422926024695E-15  -0.8957105675406970E-15
-0.2298079737505211E-03  -0.2619709435915738E-03
-0.5004788010758172E-01  -0.5705237360841358E-01
 0.3247587024110238E-15  -0.4587221541609976E-15
 0.1622438007009843E-15  -0.3324825437897511E-15
 0.1409225138228319E+00   0.2819645231959554E-01
 0.4848514395901775E-02   0.9701140100070104E-03
-0.7327609946294577E-15   0.2666416098598419E-15
 0.5836993445841704E-15  -0.7349117118169985E-15
-0.1410365915053664E-01  -0.8065995640353196E-01
-0.5952667226792433E-06  -0.3404378069039293E-05
-0.1643165077570408E-14   0.1419900873665086E-14
-0.5062487560435583E+00   0.3519514706484013E+00
-0.2519644181373420E-01   0.1751693144049423E-01
-0.5710096804151636E-15   0.1143152134906537E-17
-0.1424856190872767E-15   0.5833308260724159E-16
-0.1769111017380209E-16   0.3010889773851964E-16
-0.1133248456634545E-15  -0.2016091321227829E-14
 0.1669213670597734E-03  -0.2476548965784777E-03
 0.8774777612385486E-01  -0.1301880448484735E+00
 0.5152384813308052E-15   0.1880278792304075E-15
-0.1667625767900972E+01   0.4029542470383716E+00
-0.9238918537044300E-16  -0.3636112956450697E-16
 0.3169331386209420E-04  -0.5628675648276779E-04
-0.4895799925666354E-01   0.8694852782239987E-01
 0.4506062362418022E-16  -0.2669139616634996E-15
 0.4875181633412500E-15  -0.5977003587462676E-15
-0.5004788010758172E-01  -0.5705237360841381E-01
 0.2298079737495666E-03   0.2619709435915434E-03
-0.5131631711662547E-16  -0.3097092741614911E-15
-0.1649890449630984E-15   0.1961530517187147E-15
 0.4848514395902069E-02   0.9701140100069604E-03
-0.1409225138228317E+00  -0.2819645231959537E-01
-0.7602181235198677E-15   0.9565330235632601E-15
-0.4800744135891722E-15   0.7591785752358190E-15
-0.5952667224773614E-06  -0.3404378069318792E-05
 0.1410365915053505E-01   0.8065995640353292E-01
-0.2533306744566668E-14   0.1810805349846240E-14
 0.2519644181373307E-01  -0.1751693144049402E-01
-0.5062487560435593E+00   0.3519514706484012E+00
-0.3658491358781441E-15   0.2395386668309319E-15
 0.4180024976741437E-15  -0.2383530702914360E-15
-0.1015217842140646E-15   0.3141389789927521E-16
-0.9111336228209654E-15   0.2422846588099195E-15
-0.8774777612385483E-01   0.1301880448484731E+00
 0.1669213670597702E-03  -0.2476548965785150E-03
 0.4062819462514371E-15   0.6152947261820338E-15
-0.6758888236985657E-17   0.7522271057595493E-17
-0.1667625767900971E+01   0.4029542470383712E+00
-0.1457382190542173E-01   0.1463475459977714E+00
 0.2439650321882089E-16   0.2042065600066674E-15
 0.1226213784749590E-15  -0.3694444897368283E-15
 0.2169391403048496E-01  -0.8976017004122465E-01
 0.3450615036209200E+00  -0.3744667555799273E+00
-0.4807669582768935E-15  -0.1001772863486463E-15
 0.1892840578078526E-14   0.3197735301358367E-15
 0.2204503125777976E+00  -0.1830129421387585E+00
-0.1448717333534600E+00  -0.3961743700070927E-01
-0.4516561009695560E-15   0.7526876867327840E-15
-0.5396371091824754E-15   0.9058063056426032E-15
-0.2837744805256731E+00   0.2101671847401828E+00
 0.2491483213961447E+00  -0.1834563321162548E+00
 0.1431525400041664E-14   0.3474812392342191E-15
-0.4654630256207907E-15   0.4909739410215728E-15
 0.3440745557806499E-01   0.7501867715907899E-01
 0.1942271638736502E-14  -0.1231607060102500E-14
 0.8318928465381393E-15  -0.1035815341455144E-14
-0.2117067684980282E+00   0.3242497193793344E-01
 0.8053126939587717E-15   0.3934111977125398E-14
 0.1616522808198945E-16   0.9236880876884045E-16
-0.1581224267575802E-01  -0.7305126223113074E+00
-0.2972891668860387E-15   0.4057708626887930E-14
-0.2114110894748075E-15  -0.7147892607312365E-16
 0.1090877148481156E+00   0.1426031811697182E+00
-0.9357819015413658E-16  -0.1078317565488855E-15
-0.1459373453642046E-15  -0.1257653048596072E-15
-0.1644689130613566E+01   0.3558168582159574E+00
 0.4158731324132909E-01  -0.1862268300915143E+00
 0.1115103957123468E-14   0.1696582014532255E-15
-0.1567162080205939E-15  -0.1077636044202958E-15
-0.6354188401992722E-01   0.4702901184541523E-01
 0.6837008555888822E-01  -0.5005500469304911E-01
 0.1167785311990874E-14   0.4405431536865410E-16
-0.1394774581123506E-14  -0.2346694504721682E-15
-0.2989147574330979E+00   0.1817432467989981E+00
 0.9216156416943007E-01   0.6565518811226034E-01
 0.4660903772595477E-16  -0.4509695922575878E-15
 0.2577582858945503E-15  -0.4870448415799754E-15
 0.1037573133978826E-01  -0.2501579500190882E-01
 0.1069783747023510E+00  -0.7668678140781138E-01
 0.5539060590590128E-15  -0.1196132894051425E-15
-0.3983923045369748E-15   0.6861293405297381E-16
 0.3405921439878159E-01  -0.1544265541815447E+00
 0.5442922404302067E-15   0.4074125967655742E-15
-0.2867562827491314E-15   0.9610006411402088E-15
-0.4949238495797025E+00   0.2312829532612161E+00
-0.2473857310662290E-14  -0.2576573000705939E-14
 0.4326808305343872E-16  -0.6943904470087166E-16
 0.5509598542848617E+00   0.3706659188149551E+00
-0.3116496666060315E-14  -0.1784065703546671E-14
 0.2067068798180264E-15   0.1341293077519957E-15
-0.1000751543372294E+00  -0.1831867922277114E+00
 0.4484131949329228E-15   0.1385120556748928E-15
 0.2730121073928749E-15   0.8086706045024785E-16
 0.8082395865827766E-01   0.2804799993903539E-01
-0.2069970418369899E+01   0.2691976839652046E+00
 0.4528857412641293E-01   0.2647540821077611E+01
 0.5684996960823873E-15   0.4606139516555128E-15
 0.9186124999891518E+00   0.3135202507006304E+01
-0.1045073459481536E-14  -0.1061359080403425E-14
 0.7669375117619337E-16  -0.1021860547567588E-16
 0.9186124999891200E+00   0.3135202507006206E+01
-0.8035533830889843E-01  -0.5123989267547367E+00
 0.6188954721814907E-15   0.8961071913600656E-15
-0.5996646750575490E-16  -0.1002027808625433E-14
 0.3299949254077082E-01   0.1254894210159279E+01
-0.1061452030249283E+01  -0.1845467615934336E+01
-0.5319706970827255E-15  -0.7002750054644187E-15
 0.3339167376143047E-14   0.7035312782426204E-14
 0.3369208755711262E+00   0.7530201518734042E+00
 0.5318254461826646E+01   0.1454999269597063E+02
 0.4175176366393482E-15  -0.3810679478623456E-15
 0.1611750990811574E-02   0.6603649227995773E-03
 0.4086182091495204E+00   0.1674186233965530E+00
 0.4008595290159496E-15   0.1400400835366307E-14
-0.2095296515392548E-14  -0.1078844496906332E-13
 0.6586760995366482E+00   0.2455260840363075E+01
-0.1260253799553132E-15   0.2410106102072603E-15
 0.4086182091495286E+00   0.1674186233965593E+00
-0.1611750990811353E-02  -0.6603649228000599E-03
 0.2563330593611319E-16  -0.8002204264060043E-15
-0.4792354051574648E-15   0.5644547313687253E-15
 0.1387778780781446E-16   0.1014813233446432E-15
 0.6586760995366503E+00   0.2455260840363075E+01
-0.6176944646908659E-01  -0.6040252318635607E+00
-0.9946394230402713E-16  -0.7404129463322635E-15
 0.8313060585945168E-15   0.7530415535878256E-15
-0.3345913014473746E+00  -0.2224285982951559E+00
 0.3674797139194973E-01  -0.4855139785905377E+00
 0.1472381368697299E-14   0.5002040121920562E-14
-0.4552080892078252E-15  -0.2748616017893808E-15
-0.7562138618309022E+00   0.1249982537740874E+01
 0.2560505198047596E+00  -0.8670194055401294E-01
-0.2363599984672248E-15  -0.1518737295306389E-14
-0.1476643366622236E-14  -0.9824152542474923E-15
-0.1022148659197556E+00  -0.2468318608413447E+00
-0.5947555794814781E+00  -0.3532588198482715E+01
-0.1739628759066383E-14   0.6974744336639226E-14
 0.5345185037105118E-15  -0.9330358690621886E-15
 0.2357118777239060E+00   0.1151102717724695E+01
-0.1399838296046364E+00   0.4009932304745177E+01
-0.2691553713098363E-15   0.2223844260402578E-14
-0.5214633613634667E-03  -0.6485032208997898E-01
-0.1827920580755502E-04  -0.2273241941800464E-02
-0.7742410261219477E-15   0.1839212428496465E-15
-0.1382703568888498E-14  -0.1216099410428156E-14
 0.9843167631480704E-02  -0.1139678479306140E-02
 0.2523665330446269E+00  -0.2921993380343002E-01
 0.1201046538487461E-14   0.3751690445490723E-15
 0.1482380411957352E-14  -0.1021933407905851E-14
 0.2121260652650798E+00   0.1977762890031467E+01
-0.6257827575784685E-15   0.5626672825185620E-15
-0.1827920580736980E-04  -0.2273241941800541E-02
 0.5214633613637651E-03   0.6485032208997872E-01
-0.1595813399337612E-15   0.1420461497758706E-15
-0.2439430269924626E-15   0.3797948674434770E-15
-0.2523665330446261E+00   0.2921993380343457E-01
 0.9843167631480760E-02  -0.1139678479305302E-02
 0.2682213576430443E-14   0.2852830334084194E-14
 0.5633126955363962E-15  -0.2502560261330055E-14
 0.5204170427930421E-17   0.4128641872824801E-15
 0.2121260652650796E+00   0.1977762890031456E+01
-0.1257951876766525E+00   0.1232004512741427E+00
-0.2608915360005558E-15  -0.8193439367387332E-15
-0.7273950475087083E-15  -0.1969892227715651E-15
-0.3494767261170380E+00  -0.4760502939709973E+00
-0.1924640027840355E+00  -0.1039877895864294E+01
 0.5165087853362088E-15   0.1385006854665299E-14
 0.2498632471185562E-15   0.8556427230097490E-16
 0.5213138846086816E+00   0.3746694565803886E+00
 0.5824769602841499E-01   0.3055077307214344E+00
-0.4238472099767871E-16   0.2541735291456235E-15
-0.1470493569476873E-14  -0.1983371150744878E-14
-0.1952947102133166E+00   0.1296348415807230E+01
-0.2746792021049320E+00  -0.1242771011711244E+00
 0.2997647724556703E-15  -0.9203138412866939E-15
-0.1946714419518960E-14   0.4317596016927562E-15
-0.1167426532684695E+00  -0.2957304041442499E-01
 0.2145915579202549E+00   0.1153170865369065E+01
-0.8295315998710854E-15  -0.1782255073886983E-14
-0.4788957268428772E-15  -0.1673467975116164E-16
 0.1814119804434411E+00  -0.9742401996498967E-01
 0.1535825542346600E+00  -0.4782798067133526E+00
 0.3150094765976407E-15   0.5911434570611432E-16
 0.9269042436885560E-15   0.8228464231325644E-15
 0.5417869619509450E+00   0.3131572844790750E+00
-0.6469428274744344E+00   0.1236991923199715E+01
 0.2194562110309572E-15  -0.4105582907713597E-16
 0.2589452309347126E-01  -0.2393827068667131E-01
 0.1785592509186068E-04  -0.1650696429747941E-04
 0.3743857990143625E-15  -0.3395649128047948E-15
-0.4173262832358532E-15  -0.5772809409824378E-15
 0.8634739268932539E-03  -0.3706727373135529E-04
 0.1863356813662094E+00  -0.7999032156179919E-02
-0.1379732212052126E-15  -0.4152930813849324E-15
 0.2720992822905246E-15   0.3487274381253769E-15
 0.2091135471047878E+00  -0.3546951829353040E-01
 0.7185826941566338E-02  -0.1218848915753763E-02
-0.4114353935951585E-15  -0.7938129646998966E-15
 0.1249763775458677E-15   0.5743429419148257E-15
-0.4733022647194796E-01   0.1610400923884911E+01
 0.9828697791156792E-15   0.7908929965212696E-16
 0.1785592509190279E-04  -0.1650696429852662E-04
-0.2589452309346980E-01   0.2393827068667155E-01
 0.8600700330296606E-15   0.1519933267111416E-14
-0.1003030124936366E-14  -0.2471860519733246E-14
-0.1863356813662089E+00   0.7999032156179650E-02
 0.8634739268933492E-03  -0.3706727373168859E-04
-0.8352377790318306E-15  -0.1162300656270892E-14
 0.4608551492419149E-15   0.6908946909951443E-15
-0.7185826941566215E-02   0.1218848915753631E-02
 0.2091135471047875E+00  -0.3546951829353107E-01
-0.1991893014293919E-14   0.6546682470971432E-15
 0.1034971659198920E-14   0.1667854599907336E-14
 0.6380614488371919E-16  -0.3863147865837413E-15
-0.4733022647194765E-01   0.1610400923884910E+01
-0.1079855759090805E+00   0.3819323199714740E+00
-0.5283582753858777E-15   0.1201590979129465E-15
 0.4970630403261019E-15   0.2527140118902372E-14
 0.1813731105041217E+00   0.9365571350057980E-01
-0.1131856416890838E+00   0.5991001242219991E+00
 0.5265686574241323E-15  -0.2275243489166406E-14
-0.9070093773669853E-15  -0.1255963851597855E-14
 0.3093876063484370E+00   0.1148521567044334E+00
 0.5888473318171148E+00  -0.3335350208237645E+00
 0.2331594378565814E-15   0.3021576923687813E-14
-0.1799334452575685E-14   0.6147987060083554E-15
 0.2891707889103735E+00   0.5159574950566850E+00
-0.1574443529917881E-01   0.1170535287331216E+00
-0.8966951240427165E-16   0.7868432393809795E-15
-0.1158713966713186E-14  -0.9722041182981270E-15
-0.5142027088348947E+00   0.1831963504032937E+01
-0.1918964790985751E-16  -0.6048312915212536E-15
-0.1739564805519030E-01   0.1643719590738756E+00
 0.8545078349795588E-03  -0.8074268140738885E-02
 0.2367186199037079E-15  -0.7316226651291872E-15
 0.2964701642321658E-15  -0.1616996759238056E-14
 0.4946185930054451E-02   0.8177516002651901E-02
-0.1095045122204542E+00  -0.1810435179163264E+00
-0.7366810212084269E-15  -0.2270133288636980E-15
-0.1272673035823777E-14   0.7897780875687922E-15
 0.3148974535471183E+00   0.1804646726065618E+00
 0.2655240404482304E-01   0.1521692490329780E-01
-0.5738141869826481E-15  -0.1928986239837404E-14
 0.2801063554770652E-15  -0.2427647118034424E-15
 0.7524278958760723E-01   0.9787570203728294E-01
 0.3748082827883339E-02   0.4875500231764118E-02
-0.2368516296671149E-14  -0.3122668002814464E-14
-0.1184934182837114E+01   0.7457966600040814E+00
 0.1613874686176069E-14  -0.2222148952189245E-14
-0.8545078349787324E-03   0.8074268140738633E-02
-0.1739564805518871E-01   0.1643719590738730E+00
-0.4898786203611864E-15  -0.9636107029974432E-15
 0.1624566538254998E-15  -0.4656059528853328E-14
-0.1095045122204550E+00  -0.1810435179163271E+00
-0.4946185930054119E-02  -0.8177516002652095E-02
-0.3051497429978433E-14  -0.1003536246945891E-14
-0.3028215345411015E-14   0.2816284198175468E-14
 0.2655240404482345E-01   0.1521692490329768E-01
-0.3148974535471176E+00  -0.1804646726065606E+00
-0.2583823739320141E-14  -0.3008241202058870E-14
-0.2052651165422145E-14  -0.1164845745513538E-14
 0.3748082827883303E-02   0.4875500231764545E-02
-0.7524278958761052E-01  -0.9787570203728495E-01
-0.3802505979539935E-14  -0.6444035936031434E-14
-0.3305190322822060E-15   0.2975050761300224E-15
-0.1184934182837113E+01   0.7457966600040815E+00
-0.5209874914659053E-01  -0.3559409475563419E+00
-0.1231380088291169E-14   0.3403493936190321E-15
-0.1500173863195195E-14  -0.2549024317527746E-15
 0.9944816986774738E-01   0.3087175783937450E+00
 0.2324409571254892E+00  -0.4829307918639364E+00
-0.8400980141430959E-15   0.7772948119019491E-15
 0.1417438048307486E-15  -0.1185263398954010E-15
-0.1067689379372358E+00   0.9592105769734040E-01
-0.3543729670280668E+00   0.4123182262554578E+00
 0.1747871298146025E-14  -0.6267968203631112E-15
 0.4121136297208150E-15  -0.1543585574333058E-15
-0.6556258466020456E-01   0.1404882295723580E+00
 0.1201118453521356E+00   0.1969366150940056E+00
 0.1459222529789583E-15  -0.5930375306926188E-15
 0.9945532924193711E-16  -0.1345602885910354E-14
 0.3573133711336517E+00  -0.3245631661774788E+00
-0.7372705249371645E-15   0.8170187053280375E-15
-0.2081576361563455E-14   0.1498219754875064E-14
-0.1390006675528007E+01   0.8754416811234595E+00
-0.2142491021234287E-14   0.7858006103051401E-14
-0.1152630831936894E-14   0.1063396711673596E-14
 0.3751021466761538E-15  -0.5882282601309957E-15
-0.4657485898188248E-15  -0.2418802007431664E-14
-0.8370723452847800E-14  -0.5815924376522226E-14
 0.5153909622675330E-15   0.4248522950489453E-15
-0.3031612809674930E-15   0.1653910574888465E-15
-0.7383029298182846E-15  -0.5371553512619811E-14
 0.7247969546678107E-14  -0.6066793071510092E-14
 0.1944193031360499E-15  -0.5208135289276564E-16
 0.1095132594194396E-15   0.4279528990164782E-15
 0.1480817495748178E-14   0.2570799432372432E-14
-0.1786457487631315E-14  -0.1198894453483168E-14
 0.2165156679477731E-16  -0.1751953735943866E-15
-0.3815059885355786E-15  -0.2879559416886752E-15
-0.4626986821211113E-14   0.4884241898789673E-14
 0.3769782318587101E-15  -0.2819377976087925E-15
-0.2561701208756886E-15   0.8199754282615796E-16
 0.3666309456542989E-14  -0.4049700423823222E-14
-0.1044188774787066E+01   0.8313274496398113E+00
-0.2639231612982448E-15   0.4275495722061889E-15
 0.1428472576967219E-16   0.6749562680139766E-16
-0.3217091208507757E-15   0.2845600138585061E-15
 0.4965210282234667E-15  -0.3952427611944067E-15
-0.1115641299259178E-14  -0.1100146787361630E-15
-0.7906882011163341E-16   0.4805787351895763E-16
-0.1494645572985683E-15  -0.5495630045675666E-16
 0.9679747289482306E-16  -0.3508213558530640E-15
 0.1650861415638214E-15  -0.1138536858643180E-15
 0.6614518031510384E-16  -0.3546035696330117E-16
 0.2212963093554155E-15  -0.3811184668980737E-15
-0.9283727058354237E-17  -0.8780823895998633E-16
-0.4253408883447116E-15   0.8900151258038636E-16
-0.6057073937537018E-16   0.6296281769206381E-16
-0.4885309030148180E-15   0.2336049033524095E-15
-0.1032820356226341E-15  -0.7851513570400773E-16
-0.5873793958584833E-16   0.5085680277297222E-16
 0.3780088818271163E-16  -0.3120789986449275E-16
-0.5206010504126903E-17  -0.1369428629620765E-16
-0.8153200337090993E-16   0.6635317295611295E-16
-0.1044188774787062E+01   0.8313274496398086E+00
 0.3265040298449514E+00  -0.1228467317369043E+01
 0.1515597820476089E-14  -0.1717356433434041E-14
-0.8576804919798053E-15   0.2753829967120528E-14
 0.2248750433803171E-01   0.3904417494453363E+00
 0.1448847247758298E+01   0.1150994541489506E+01
-0.6195585325651995E-14   0.1424136564167725E-14
 0.4528758410153641E-14  -0.1935242750863753E-14
 0.9487026301309266E-01   0.9673126714724865E+00
-0.1190823363762428E+01   0.1027794078753676E+01
 0.5140178209007474E-14  -0.4786802830025396E-14
 0.1192618531106206E-14  -0.5313451887464581E-14
-0.2576712237899088E+00  -0.4980260844704908E+00
 0.2962813345503607E+00   0.1003432682203473E+00
 0.6925873019442687E-15   0.1026590369820788E-15
 0.2493601063258489E-14  -0.8709486025382302E-15
 0.6702277200116147E+00  -0.8377692074044893E+00
-0.1342036272214065E-14   0.2286704653728740E-14
-0.2965404662098951E-14   0.4856118381819940E-14
-0.5043523675924638E+00   0.6028222075459477E+00
 0.3477216163419606E-13  -0.2664942778727278E-13
 0.7174034137141185E-15  -0.6800922976262864E-15
-0.6648467103261273E+01   0.5159903416641819E+01
-0.1768666546896081E-14   0.6358935297580934E-14
 0.2094485405843806E-03  -0.5322694393704767E-03
-0.8214807499322394E-01   0.2087620648965658E+00
 0.9100809422763082E-16  -0.3109262904233867E-14
-0.8759176436031227E-14  -0.5919337885719913E-14
-0.5627696483491278E-01  -0.2486298591770955E+00
 0.3654685260313617E-03   0.1614628443937316E-02
-0.6381921686842579E-15  -0.6519113043325101E-14
 0.7028531519204882E-14  -0.6748072605811487E-14
 0.2890138564633419E-02   0.7519547795791921E-02
-0.8892427267517163E-01  -0.2313627196874017E+00
 0.2201250298952130E-14   0.3180197110250767E-14
-0.1093109387024495E-14   0.3677099390082846E-15
 0.1174642622801108E-03   0.1025116017351042E-03
 0.6315013622735664E-01   0.5511141421949256E-01
-0.3275989356407817E-14   0.5513983225737310E-14
-0.5145153431307965E-02   0.8528294368915583E-04
 0.9956167840661163E-01  -0.1650274015447972E-02
 0.3703512342331654E-14  -0.3212948415716087E-14
 0.5076426369398890E-15  -0.5234753030056469E-15
-0.5440860545099066E-17   0.4593357705016898E-16
 0.2992031880515458E-13  -0.2378234222772592E-13
-0.1060792449188535E+01   0.8799508932992528E+00
-0.2577009833397793E-15  -0.6506347182705371E-15
 0.8214807499322514E-01  -0.2087620648965689E+00
 0.2094485405846232E-03  -0.5322694393705227E-03
 0.6981157271802805E-15  -0.5468028469613787E-15
 0.1877628006529391E-15   0.7038134350589406E-15
 0.3654685260309542E-03   0.1614628443937592E-02
 0.5627696483491296E-01   0.2486298591770939E+00
-0.2698359984039555E-16   0.1558184273291668E-15
-0.4778599733026923E-15  -0.1324612089076079E-16
-0.8892427267517175E-01  -0.2313627196874033E+00
-0.2890138564633420E-02  -0.7519547795791824E-02
 0.3141933643074048E-15  -0.1476105310395911E-15
 0.3086724898927637E-15   0.4040850141376356E-15
 0.6315013622735713E-01   0.5511141421949263E-01
-0.1174642622799630E-03  -0.1025116017354562E-03
-0.1174395061336516E-15  -0.4972667146825053E-16
-0.9956167840661245E-01   0.1650274015448264E-02
-0.5145153431308541E-02   0.8528294368953830E-04
 0.1043746850415507E-15   0.2947412143724862E-15
-0.5676698959763993E-16  -0.1043802472074893E-16
 0.5739849163346484E-16  -0.6286443303274800E-16
-0.2713825818637601E-14   0.1746043079163709E-14
-0.1527901257488907E-15   0.8430669801765781E-16
-0.1060792449188536E+01   0.8799508932992540E+00
-0.1682362733984889E+00   0.4817018541982542E+00
 0.1102060173571139E-14  -0.1004863285908945E-14
-0.9193808685073979E-15   0.5908531214765594E-15
 0.7186361870969844E-02  -0.4453548115223842E-01
-0.2356714528343119E+00  -0.3625491754856057E+00
 0.1267332208007539E-14  -0.9004626488185701E-15
-0.1385102798515205E-14   0.9552213823617096E-15
-0.5842037956512133E-01  -0.1255350828121874E+00
 0.2875541750521470E+00   0.6255942035871484E-01
-0.1401612866954222E-14   0.8009708753673283E-15
-0.6156992762854490E-15  -0.1967995116901973E-15
-0.9786779588330970E-03   0.1785904578249276E+00
-0.7840759436777039E-01  -0.2042588311082426E+00
-0.4859864934889127E-15   0.4119158433521219E-15
-0.1942798184578365E-16   0.9463575613803191E-15
-0.1493314355899935E+00   0.6126272095723396E-01
-0.3945124842385590E-15   0.2981106558842110E-15
 0.1279364339657221E-14  -0.2958171926492942E-15
-0.9136498135210272E-01  -0.1970240985511470E+00
-0.9185082125065995E-14   0.5961782516120946E-14
-0.1457671968087295E-15   0.1593165000912350E-15
 0.1582650643270622E+01  -0.1021429646658818E+01
-0.7950623188618895E-14   0.5821836267028985E-14
 0.9972319988174199E-15  -0.3640689388248634E-15
-0.1621337247281700E+01   0.1044499538803913E+01
-0.4164282601343311E-15   0.6242359828190821E-15
-0.5039949242232317E-02   0.8694852782240146E-01
-0.3262647485632051E-05   0.5628675648245468E-04
 0.1906300714531006E-14  -0.5501802333514902E-15
-0.3638378506946410E-15  -0.8957105675406970E-15
-0.5475846063812753E-03  -0.2619709435915738E-03
-0.1192536894248662E+00  -0.5705237360841358E-01
 0.3592111308763728E-15  -0.4587221541609976E-15
 0.2174722002147810E-15  -0.3324825437897511E-15
 0.1843105707754300E+00   0.2819645231959554E-01
 0.6341303681575152E-02   0.9701140100070104E-03
-0.7141207893987502E-15   0.2666416098598419E-15
 0.7217209421596099E-15  -0.7349117118169985E-15
-0.7182073443082123E-02  -0.8065995640353196E-01
-0.3031305049765679E-06  -0.3404378069039293E-05
-0.1337296220733788E-14   0.1419900873665086E-14
-0.4427921748241185E+00   0.3519514706484013E+00
-0.2203815246031499E-01   0.1751693144049423E-01
-0.3957714384645663E-15   0.1143152134906537E-17
-0.1258669231321789E-15   0.5833308260724159E-16
-0.3849531414253650E-17   0.3010889773851964E-16
-0.5191104548458135E-15  -0.2016091321227829E-14
-0.5710598426246691E-04  -0.2476548965784777E-03
-0.3001966261514761E-01  -0.1301880448484735E+00
 0.2326056473076007E-15   0.1880278792304075E-15
-0.1552002219519286E+01   0.4029542470383716E+00
-0.1082504121395400E-15  -0.3636112956450697E-16
 0.3262647486654359E-05  -0.5628675648276779E-04
-0.5039949242231502E-02   0.8694852782239987E-01
-0.1346306863445310E-15  -0.2669139616634996E-15
 0.3511160945134718E-15  -0.5977003587462676E-15
-0.1192536894248665E+00  -0.5705237360841381E-01
 0.5475846063802962E-03   0.2619709435915434E-03
-0.1838131059900849E-15  -0.3097092741614911E-15
-0.1943282048498203E-15   0.1961530517187147E-15
 0.6341303681575436E-02   0.9701140100069604E-03
-0.1843105707754291E+00  -0.2819645231959537E-01
-0.6765079790138737E-15   0.9565330235632601E-15
-0.3472269291880365E-15   0.7591785752358190E-15
-0.3031305047940269E-06  -0.3404378069318792E-05
 0.7182073443080644E-02   0.8065995640353292E-01
-0.2174179557384139E-14   0.1810805349846240E-14
 0.2203815246031390E-01  -0.1751693144049402E-01
-0.4427921748241200E+00   0.3519514706484012E+00
-0.3732570017926128E-15   0.2395386668309319E-15
 0.1357080428752862E-15  -0.2383530702914360E-15
-0.1116240783205268E-15   0.3141389789927521E-16
-0.4764435565180893E-15   0.2422846588099195E-15
 0.3001966261514757E-01   0.1301880448484731E+00
-0.5710598426247164E-04  -0.2476548965785150E-03
 0.7420684180649291E-15   0.6152947261820338E-15
-0.5513528106293757E-17   0.7522271057595493E-17
-0.1552002219519285E+01   0.4029542470383712E+00
 0.1965982447255320E-01   0.1463475459977714E+00
 0.7623924244224888E-16   0.2042065600066674E-15
 0.9133606118950920E-16  -0.3694444897368283E-15
 0.1328885200392691E-01  -0.8976017004122465E-01
-0.3656196898722244E-01  -0.3744667555799273E+00
-0.3261713667004550E-15  -0.1001772863486463E-15
 0.2144865299638517E-14   0.3197735301358367E-15
 0.2240999314537753E+00  -0.1830129421387585E+00
-0.1327445014998389E+00  -0.3961743700070927E-01
-0.4672332212167822E-15   0.7526876867327840E-15
-0.4129756593248383E-15   0.9058063056426032E-15
-0.2522964965091107E+00   0.2101671847401828E+00
 0.2931995733562878E+00  -0.1834563321162548E+00
 0.1322284476006850E-14   0.3474812392342191E-15
-0.5887459115852733E-15   0.4909739410215728E-15
 0.6520494046250298E-01   0.7501867715907899E-01
 0.1647574892546865E-14  -0.1231607060102500E-14
 0.4894097758159448E-15  -0.1035815341455144E-14
-0.1292134713056618E+00   0.3242497193793344E-01
 0.1573776952866723E-14   0.3934111977125398E-14
 0.3534004806760871E-16   0.9236880876884045E-16
-0.1999592649533836E+00  -0.7305126223113074E+00
 0.9050520145141011E-15   0.4057708626887930E-14
 0.1478345133637159E-15  -0.7147892607312365E-16
 0.6422574894362433E-01   0.1426031811697182E+00
-0.3834342024332167E-15  -0.1078317565488855E-15
-0.3545878380174228E-15  -0.1257653048596072E-15
-0.1643363307007768E+01   0.3558168582159574E+00
 0.2446044593847591E-01  -0.1862268300915143E+00
 0.1375858470981905E-14   0.1696582014532255E-15
 0.3108916803215353E-15  -0.1077636044202958E-15
-0.1647410268518125E-01   0.4702901184541523E-01
 0.5285771298221823E-01  -0.5005500469304911E-01
 0.3988950790662463E-15   0.4405431536865410E-16
-0.1261091015027579E-14  -0.2346694504721682E-15
-0.3122567027730134E+00   0.1817432467989981E+00
-0.1261581433136048E+00   0.6565518811226034E-01
-0.2837492477640035E-17  -0.4509695922575878E-15
 0.5010258809207077E-15  -0.4870448415799754E-15
 0.6852159100610680E-01  -0.2501579500190882E-01
 0.1713766066729455E+00  -0.7668678140781138E-01
 0.2998334335771653E-15  -0.1196132894051425E-15
-0.6839138981522989E-15   0.6861293405297381E-16
 0.4796857322212904E-01  -0.1544265541815447E+00
 0.3368295581962852E-15   0.4074125967655742E-15
-0.4979806453081029E-15   0.9610006411402088E-15
-0.1813107003310881E+00   0.2312829532612161E+00
-0.2326816460903019E-14  -0.2576573000705939E-14
 0.6827539015588708E-17  -0.6943904470087166E-16
 0.4120025949871713E+00   0.3706659188149551E+00
-0.1905181663562273E-14  -0.1784065703546671E-14
 0.3037649333683721E-15   0.1341293077519957E-15
-0.1811133446702881E+00  -0.1831867922277114E+00
 0.5199577902472278E-15   0.1385120556748928E-15
 0.3592657211825838E-15   0.8086706045024785E-16
 0.1270422053628667E+00   0.2804799993903539E-01
-0.1791670449197626E+01   0.2691976839652046E+00
 0.5718431393045565E+00   0.2647540821077611E+01
 0.4449110074312113E-15   0.4606139516555128E-15
 0.1180037355413601E+01   0.3135202507006304E+01
-0.7913421336511185E-15  -0.1061359080403425E-14
-0.1201770345564401E-16  -0.1021860547567588E-16
 0.1180037355413559E+01   0.3135202507006206E+01
-0.1987186686771157E+00  -0.5123989267547367E+00
-0.3664269164921527E-15   0.8961071913600656E-15
 0.1181978914171333E-15  -0.1002027808625433E-14
-0.2500044805166117E+00   0.1254894210159279E+01
-0.1284366189602344E+01  -0.1845467615934336E+01
-0.1179342695851982E-14  -0.7002750054644187E-15
 0.2361025157285908E-14   0.7035312782426204E-14
 0.3616216542435482E+00   0.7530201518734042E+00
 0.4240540561789844E+01   0.1454999269597063E+02
-0.3246795600952851E-15  -0.3810679478623456E-15
 0.1488528881825477E-02   0.6603649227995773E-03
 0.3773783974239478E+00   0.1674186233965530E+00
 0.7711611585488038E-15   0.1400400835366307E-14
 0.1322768422511808E-14  -0.1078844496906332E-13
 0.7769740943067583E+00   0.2455260840363075E+01
 0.2536075982866208E-15   0.2410106102072603E-15
 0.3773783974239546E+00   0.1674186233965593E+00
-0.1488528881825482E-02  -0.6603649228000599E-03
-0.2594012950301153E-15  -0.8002204264060043E-15
-0.1948597872220177E-14   0.5644547313687253E-15
-0.8239936510889834E-17   0.1014813233446432E-15
 0.7769740943067582E+00   0.2455260840363075E+01
-0.2783284722960652E+00  -0.6040252318635607E+00
 0.4158654302802329E-15  -0.7404129463322635E-15
 0.1102138508212956E-14   0.7530415535878256E-15
-0.1807430085974069E+00  -0.2224285982951559E+00
 0.4627870349526781E+00  -0.4855139785905377E+00
 0.1718845899415088E-14   0.5002040121920562E-14
-0.3851353932019817E-15  -0.2748616017893808E-15
-0.6556444424812885E+00   0.1249982537740874E+01
 0.2274272431627200E-01  -0.8670194055401294E-01
-0.6548657963792951E-15  -0.1518737295306389E-14
-0.4159110613997753E-15  -0.9824152542474923E-15
-0.1810766959683142E+00  -0.2468318608413447E+00
 0.5115185056604380E+00  -0.3532588198482715E+01
-0.2804692756131766E-14   0.6974744336639226E-14
 0.9230966748700146E-15  -0.9330358690621886E-15
 0.2753261478890590E+00   0.1151102717724695E+01
-0.4266321266446342E+00   0.4009932304745177E+01
 0.5743007891691783E-15   0.2223844260402578E-14
-0.1131833555154572E+00  -0.6485032208997898E-01
-0.3967492258780791E-02  -0.2273241941800464E-02
-0.6533430715901446E-15   0.1839212428496465E-15
-0.3915652923247661E-14  -0.1216099410428156E-14
 0.4155701648653667E-02  -0.1139678479306140E-02
 0.1065470036377726E+00  -0.2921993380343002E-01
 0.1154432319317345E-14   0.3751690445490723E-15
 0.2102274509737335E-14  -0.1021933407905851E-14
 0.2496356757141625E+00   0.1977762890031467E+01
 0.1351736277633224E-15   0.5626672825185620E-15
-0.3967492258780568E-02  -0.2273241941800541E-02
 0.1131833555154543E+00   0.6485032208997872E-01
 0.1277961652189624E-15   0.1420461497758706E-15
-0.2040457311694090E-14   0.3797948674434770E-15
-0.1065470036377730E+00   0.2921993380343457E-01
 0.4155701648653878E-02  -0.1139678479305302E-02
 0.2436541445487303E-14   0.2852830334084194E-14
 0.5454712882918055E-15  -0.2502560261330055E-14
 0.7415942859800850E-16   0.4128641872824801E-15
 0.2496356757141623E+00   0.1977762890031456E+01
-0.1736030531482193E-01   0.1232004512741427E+00
 0.5963453206077497E-15  -0.8193439367387332E-15
-0.1682740541115689E-15  -0.1969892227715651E-15
-0.1798625316216175E+00  -0.4760502939709973E+00
-0.2116891175746794E+00  -0.1039877895864294E+01
 0.5284578716392838E-15   0.1385006854665299E-14
 0.8273801031690647E-15   0.8556427230097490E-16
 0.3944036770065619E+00   0.3746694565803886E+00
 0.1370424800862225E-01   0.3055077307214344E+00
 0.8537869847826598E-16   0.2541735291456235E-15
-0.2195649704440357E-14  -0.1983371150744878E-14
-0.4011175934628182E+00   0.1296348415807230E+01
-0.4809752434906334E-01  -0.1242771011711244E+00
 0.1570769233992857E-15  -0.9203138412866939E-15
-0.2175369561393559E-15   0.4317596016927562E-15
-0.5138404654099511E-01  -0.2957304041442499E-01
-0.8309384873646800E-02   0.1153170865369065E+01
 0.5122406815580266E-15  -0.1782255073886983E-14
-0.8012606065804289E-15  -0.1673467975116164E-16
-0.2756608285008434E-01  -0.9742401996498967E-01
 0.2203400946999320E+00  -0.4782798067133526E+00
-0.4581931716470103E-15   0.5911434570611432E-16
 0.1340610702295955E-15   0.8228464231325644E-15
 0.4751833868552163E+00   0.3131572844790750E+00
-0.5064804169684847E+00   0.1236991923199715E+01
 0.7229563778133728E-16  -0.4105582907713597E-16
-0.5398932475886093E-01  -0.2393827068667131E-01
-0.3722908258149137E-04  -0.1650696429747941E-04
 0.9033424000749695E-16  -0.3395649128047948E-15
-0.5059372730824766E-15  -0.5772809409824378E-15
-0.4069375586443681E-03  -0.3706727373135529E-04
-0.8781618633968698E-01  -0.7999032156179919E-02
-0.1322035668815329E-15  -0.4152930813849324E-15
 0.2992372277789677E-15   0.3487274381253769E-15
-0.1456924698549643E-01  -0.3546951829353040E-01
-0.5006470836355424E-03  -0.1218848915753763E-02
-0.9010684056600215E-16  -0.7938129646998966E-15
 0.1892551654659746E-15   0.5743429419148257E-15
 0.6849090704927475E-01   0.1610400923884911E+01
 0.2132168549468212E-15   0.7908929965212696E-16
-0.3722908258151749E-04  -0.1650696429852662E-04
 0.5398932475886019E-01   0.2393827068667155E-01
 0.4165089008170352E-15   0.1519933267111416E-14
-0.1313210515523502E-14  -0.2471860519733246E-14
 0.8781618633968610E-01   0.7999032156179650E-02
-0.4069375586443226E-03  -0.3706727373168859E-04
-0.1519343513341417E-15  -0.1162300656270892E-14
 0.5084305997901695E-16   0.6908946909951443E-15
 0.5006470836356629E-03   0.1218848915753631E-02
-0.1456924698549745E-01  -0.3546951829353107E-01
-0.4585089601598756E-15   0.6546682470971432E-15
 0.8854452100434695E-15   0.1667854599907336E-14
-0.2897615009262236E-16  -0.3863147865837413E-15
 0.6849090704927442E-01   0.1610400923884910E+01
 0.2173944741986774E-01   0.3819323199714740E+00
-0.1274476943491105E-14   0.1201590979129465E-15
 0.8182564424941120E-15   0.2527140118902372E-14
-0.1282853352402814E+00   0.9365571350057980E-01
-0.6267704692045500E+00   0.5991001242219991E+00
 0.3671534267152264E-15  -0.2275243489166406E-14
-0.1613095051335824E-14  -0.1255963851597855E-14
 0.5108667116054647E+00   0.1148521567044334E+00
 0.6532706315554191E+00  -0.3335350208237645E+00
 0.7193798690858333E-15   0.3021576923687813E-14
-0.1335496580585636E-14   0.6147987060083554E-15
 0.5790871944282915E+00   0.5159574950566850E+00
-0.1559086111032058E+00   0.1170535287331216E+00
-0.3624804916357414E-16   0.7868432393809795E-15
-0.1247785995596106E-14  -0.9722041182981270E-15
-0.4513512573673292E+00   0.1831963504032937E+01
-0.1623248871200659E-15  -0.6048312915212536E-15
 0.2077765916431139E-01   0.1643719590738756E+00
-0.1020638753560722E-02  -0.8074268140738885E-02
 0.1226524797447316E-14  -0.7316226651291872E-15
 0.1579609205606030E-14  -0.1616996759238056E-14
 0.9006684009814012E-02   0.8177516002651901E-02
-0.1994006196219935E+00  -0.1810435179163264E+00
-0.1516341484014288E-14  -0.2270133288636980E-15
-0.1379822512241586E-14   0.7897780875687922E-15
 0.2899781884672525E+00   0.1804646726065618E+00
 0.2445119176937466E-01   0.1521692490329780E-01
-0.1534847674546719E-14  -0.1928986239837404E-14
 0.7847639426237923E-15  -0.2427647118034424E-15
 0.8146731165532865E-01   0.9787570203728294E-01
 0.4058146083135735E-02   0.4875500231764118E-02
-0.2429891446276829E-14  -0.3122668002814464E-14
-0.1123554427119194E+01   0.7457966600040814E+00
 0.5420896610898240E-15  -0.2222148952189245E-14
 0.1020638753561504E-02   0.8074268140738633E-02
 0.2077765916431241E-01   0.1643719590738730E+00
 0.8936706837473534E-15  -0.9636107029974432E-15
 0.3480043069098193E-14  -0.4656059528853328E-14
-0.1994006196219948E+00  -0.1810435179163271E+00
-0.9006684009813790E-02  -0.8177516002652095E-02
-0.3904413416676133E-14  -0.1003536246945891E-14
-0.3393383241187668E-14   0.2816284198175468E-14
 0.2445119176937495E-01   0.1521692490329768E-01
-0.2899781884672508E+00  -0.1804646726065606E+00
-0.4033763149251991E-14  -0.3008241202058870E-14
-0.1255202727278724E-14  -0.1164845745513538E-14
 0.4058146083135779E-02   0.4875500231764545E-02
-0.8146731165533191E-01  -0.9787570203728495E-01
-0.3806495850788491E-14  -0.6444035936031434E-14
-0.3443561625085523E-15   0.2975050761300224E-15
-0.1123554427119194E+01   0.7457966600040815E+00
-0.9507954795587734E-01  -0.3559409475563419E+00
-0.1871792925956431E-14   0.3403493936190321E-15
-0.2096449584197668E-15  -0.2549024317527746E-15
 0.1051429998074501E-01   0.3087175783937450E+00
 0.5865085297347084E+00  -0.4829307918639364E+00
-0.1540986078773239E-14   0.7772948119019491E-15
 0.2887228301407030E-15  -0.1185263398954010E-15
-0.1106987401154642E+00   0.9592105769734040E-01
-0.6141001767566763E+00   0.4123182262554578E+00
 0.1666016265274852E-14  -0.6267968203631112E-15
 0.8345094043123408E-15  -0.1543585574333058E-15
 0.5890759421491762E-02   0.1404882295723580E+00
 0.3879243380378050E+00   0.1969366150940056E+00
-0.2352092364841141E-15  -0.5930375306926188E-15
-0.1031828325717461E-14  -0.1345602885910354E-14
 0.9702570310583394E-01  -0.3245631661774788E+00
 0.1453342704552912E-15   0.8170187053280375E-15
-0.1002269348313839E-14   0.1498219754875064E-14
-0.1289788422468200E+01   0.8754416811234595E+00
 0.2455193501757625E-14   0.7858006103051401E-14
-0.1077712091690194E-14   0.1063396711673596E-14
 0.2990575499101750E-15  -0.5882282601309957E-15
-0.1625054837135894E-14  -0.2418802007431664E-14
-0.2380977565833427E-13  -0.5815924376522226E-14
 0.4810025370828207E-15   0.4248522950489453E-15
-0.2741568583927168E-15   0.1653910574888465E-15
-0.8191034798760077E-15  -0.5371553512619811E-14
 0.1113315483651948E-13  -0.6066793071510092E-14
 0.2001352017839591E-15  -0.5208135289276564E-16
 0.3492109578641098E-15   0.4279528990164782E-15
 0.3276787725179217E-14   0.2570799432372432E-14
-0.3851731248890950E-14  -0.1198894453483168E-14
-0.5699845121264217E-18  -0.1751953735943866E-15
-0.5049115244619248E-15  -0.2879559416886752E-15
-0.4283371723145725E-14   0.4884241898789673E-14
 0.3678320537685802E-15  -0.2819377976087925E-15
-0.3831635474003489E-15   0.8199754282615796E-16
 0.4020849137309349E-14  -0.4049700423823222E-14
-0.9881088660553126E+00   0.8313274496398113E+00
-0.1900349618435147E-15   0.4275495722061889E-15
 0.2239831231604696E-16   0.6749562680139766E-16
-0.2932144916204306E-15   0.2845600138585061E-15
 0.4399838388513767E-15  -0.3952427611944067E-15
-0.1396630968811504E-14  -0.1100146787361630E-15
-0.1176747652125139E-15   0.4805787351895763E-16
-0.1579198774013445E-15  -0.5495630045675666E-16
 0.8101194322584493E-16  -0.3508213558530640E-15
 0.2243118987859554E-15  -0.1138536858643180E-15
 0.6679269309793984E-16  -0.3546035696330117E-16
 0.2360316526583265E-15  -0.3811184668980737E-15
 0.4214930322999448E-16  -0.8780823895998633E-16
-0.4470963673174128E-15   0.8900151258038636E-16
-0.4461262913298591E-16   0.6296281769206381E-16
-0.4737174917076339E-15   0.2336049033524095E-15
-0.1051477261396521E-15  -0.7851513570400773E-16
-0.4581475641864136E-16   0.5085680277297222E-16
 0.2325922096445183E-16  -0.3120789986449275E-16
-0.2085444594009132E-16  -0.1369428629620765E-16
-0.7762887554996208E-16   0.6635317295611295E-16
-0.9881088660553092E+00   0.8313274496398086E+00
-0.4513559705939066E+00  -0.1228467317369043E+01
 0.1114797238890938E-14  -0.1717356433434041E-14
 0.1254375233075633E-14   0.2753829967120528E-14
 0.2613672979559113E+00   0.3904417494453363E+00
 0.4097458068422080E+01   0.1150994541489506E+01
-0.7573009574812943E-14   0.1424136564167725E-14
 0.3968550555198527E-14  -0.1935242750863753E-14
 0.8655208843436429E-01   0.9673126714724865E+00
-0.1794839090290287E+01   0.1027794078753676E+01
 0.3629335499283607E-14  -0.4786802830025396E-14
-0.1347124802215067E-15  -0.5313451887464581E-14
-0.6220895511894934E+00  -0.4980260844704908E+00
 0.6274853574397409E+00   0.1003432682203473E+00
 0.4369338674693595E-15   0.1026590369820788E-15
 0.1833777205456067E-14  -0.8709486025382302E-15
 0.6449633715127225E+00  -0.8377692074044893E+00
-0.1353614277893972E-14   0.2286704653728740E-14
-0.2736101526722173E-14   0.4856118381819940E-14
-0.5645092205610822E+00   0.6028222075459477E+00
 0.2582980849855146E-13  -0.2664942778727278E-13
 0.4587487729839754E-15  -0.6800922976262864E-15
-0.5043039015863657E+01   0.5159903416641819E+01
 0.2389017287837634E-14   0.6358935297580934E-14
 0.1753590679651904E-03  -0.5322694393704767E-03
-0.6877780014967794E-01   0.2087620648965658E+00
-0.1373251640997352E-14  -0.3109262904233867E-14
-0.2391145884824135E-13  -0.5919337885719913E-14
-0.7577240104551318E-01  -0.2486298591770955E+00
 0.4920739383369520E-03   0.1614628443937316E-02
-0.5794007209683054E-15  -0.6519113043325101E-14
 0.1030448610390781E-13  -0.6748072605811487E-14
 0.5452375936694489E-02   0.7519547795791921E-02
-0.1677596259415615E+00  -0.2313627196874017E+00
 0.4887423225725688E-14   0.3180197110250767E-14
-0.3077954146149238E-14   0.3677099390082846E-15
 0.2282924550780203E-03   0.1025116017351042E-03
 0.1227326453002624E+00   0.5511141421949256E-01
-0.2507655986238683E-14   0.5513983225737310E-14
-0.7951258588386353E-02   0.8528294368915583E-04
 0.1538614272778767E+00  -0.1650274015447972E-02
 0.3919910315438863E-14  -0.3212948415716087E-14
 0.3961871844775749E-15  -0.5234753030056469E-15
 0.7366717161370238E-17   0.4593357705016898E-16
 0.2191123313221521E-13  -0.2378234222772592E-13
-0.9799236205151252E+00   0.8799508932992528E+00
-0.7250765522115889E-15  -0.6506347182705371E-15
 0.6877780014967902E-01  -0.2087620648965689E+00
 0.1753590679655049E-03  -0.5322694393705227E-03
 0.7333356396046245E-15  -0.5468028469613787E-15
 0.1281830495352356E-14   0.7038134350589406E-15
 0.4920739383365593E-03   0.1614628443937592E-02
 0.7577240104551276E-01   0.2486298591770939E+00
-0.1000491354821564E-16   0.1558184273291668E-15
-0.7654458593205222E-15  -0.1324612089076079E-16
-0.1677596259415618E+00  -0.2313627196874033E+00
-0.5452375936694526E-02  -0.7519547795791824E-02
 0.3390069147465512E-15  -0.1476105310395911E-15
 0.3497710425573094E-15   0.4040850141376356E-15
 0.1227326453002628E+00   0.5511141421949263E-01
-0.2282924550779603E-03  -0.1025116017354562E-03
-0.1637226643616815E-15  -0.4972667146825053E-16
-0.1538614272778775E+00   0.1650274015448264E-02
-0.7951258588386948E-02   0.8528294368953830E-04
 0.2185458459271960E-16   0.2947412143724862E-15
-0.7463214193810229E-16  -0.1043802472074893E-16
 0.5041690854653126E-16  -0.6286443303274800E-16
-0.1842124135960419E-14   0.1746043079163709E-14
-0.1643844980193648E-15   0.8430669801765781E-16
-0.9799236205151270E+00   0.8799508932992540E+00
 0.8849318938104576E-01   0.4817018541982542E+00
 0.1129405827179484E-14  -0.1004863285908945E-14
-0.1133286965463505E-14   0.5908531214765594E-15
-0.5182206376265751E-01  -0.4453548115223842E-01
-0.8337786773773020E+00  -0.3625491754856057E+00
 0.1621143964654044E-14  -0.9004626488185701E-15
-0.9709782435351671E-15   0.9552213823617096E-15
-0.1058093178329152E+00  -0.1255350828121874E+00
 0.4705384970976139E+00   0.6255942035871484E-01
-0.1159695300460344E-14   0.8009708753673283E-15
-0.7335977991935961E-15  -0.1967995116901973E-15
 0.2155802787410048E-01   0.1785904578249276E+00
-0.5112686314276246E-01  -0.2042588311082426E+00
-0.3048836336318935E-15   0.4119158433521219E-15
 0.1830123778837622E-15   0.9463575613803191E-15
-0.2293033396745546E+00   0.6126272095723396E-01
-0.7586115314285490E-16   0.2981106558842110E-15
 0.1923464507121056E-14  -0.2958171926492942E-15
-0.6331878582458915E-01  -0.1970240985511470E+00
-0.6175822557990626E-14   0.5961782516120946E-14
-0.6003685458894572E-16   0.1593165000912350E-15
 0.1070113401293653E+01  -0.1021429646658818E+01
-0.5344157150419949E-14   0.5821836267028985E-14
 0.6831478826148121E-15  -0.3640689388248634E-15
-0.1366220026385157E+01   0.1044499538803913E+01
-0.3480602907852242E-15   0.6242359828190821E-15
 0.2882933509314589E-01   0.8694852782240146E-01
 0.1866287796449545E-04   0.5628675648245468E-04
 0.1872832683123031E-14  -0.5501802333514902E-15
-0.7079963273091211E-15  -0.8957105675406970E-15
-0.5587589000940661E-03  -0.2619709435915738E-03
-0.1216872416767766E+00  -0.5705237360841358E-01
 0.4363688963383136E-15  -0.4587221541609976E-15
 0.1508667929558252E-15  -0.3324825437897511E-15
 0.2042700898539818E+00   0.2819645231959554E-01
 0.7028021601674858E-02   0.9701140100070104E-03
-0.7854114043230794E-15   0.2666416098598419E-15
 0.6446465126610326E-15  -0.7349117118169985E-15
-0.2148942870527570E-01  -0.8065995640353196E-01
-0.9069945368272954E-06  -0.3404378069039293E-05
-0.9901423284330370E-15   0.1419900873665086E-14
-0.4090956663384385E+00   0.3519514706484013E+00
-0.2036104786450167E-01   0.1751693144049423E-01
-0.5640348321415779E-15   0.1143152134906537E-17
-0.1133162002899583E-15   0.5833308260724159E-16
 0.3273997486715818E-17   0.3010889773851964E-16
-0.1233574113618326E-14  -0.2016091321227829E-14
-0.2323296021130954E-03  -0.2476548965784777E-03
-0.1221317933842526E+00  -0.1301880448484735E+00
 0.1745404271067162E-16   0.1880278792304075E-15
-0.1462075917728061E+01   0.4029542470383716E+00
-0.1499215433483098E-15  -0.3636112956450697E-16
-0.1866287796353479E-04  -0.5628675648276779E-04
 0.2882933509314618E-01   0.8694852782239987E-01
-0.1836201635057278E-15  -0.2669139616634996E-15
 0.4831018093760714E-15  -0.5977003587462676E-15
-0.1216872416767771E+00  -0.5705237360841381E-01
 0.5587589000931104E-03   0.2619709435915434E-03
-0.2302957425803973E-15  -0.3097092741614911E-15
-0.3483130760434304E-15   0.1961530517187147E-15
 0.7028021601675126E-02   0.9701140100069604E-03
-0.2042700898539807E+00  -0.2819645231959537E-01
-0.6593647348574314E-15   0.9565330235632601E-15
-0.1353555019408814E-15   0.7591785752358190E-15
-0.9069945366936205E-06  -0.3404378069318792E-05
 0.2148942870527428E-01   0.8065995640353292E-01
-0.1948038526536436E-14   0.1810805349846240E-14
 0.2036104786450056E-01  -0.1751693144049402E-01
-0.4090956663384394E+00   0.3519514706484012E+00
-0.4482637753784574E-15   0.2395386668309319E-15
-0.9032908358986821E-16  -0.2383530702914360E-15
-0.1261128627526773E-15   0.3141389789927521E-16
-0.1926893290847007E-15   0.2422846588099195E-15
 0.1221317933842524E+00   0.1301880448484731E+00
-0.2323296021131055E-03  -0.2476548965785150E-03
 0.9903242821656201E-15   0.6152947261820338E-15
-0.3848518296046049E-17   0.7522271057595493E-17
-0.1462075917728060E+01   0.4029542470383712E+00
 0.3130603129066341E-01   0.1463475459977714E+00
 0.2110263284578753E-15   0.2042065600066674E-15
-0.3529186554281253E-15  -0.3694444897368283E-15
 0.1531511016094014E-01  -0.8976017004122465E-01
-0.1591124587550704E+00  -0.3744667555799273E+00
-0.4467690304324095E-15  -0.1001772863486463E-15
 0.2270057815914519E-14   0.3197735301358367E-15
 0.2411861838198490E+00  -0.1830129421387585E+00
-0.1464532629347737E+00  -0.3961743700070927E-01
-0.2818462610213281E-15   0.7526876867327840E-15
-0.4368924103704981E-15   0.9058063056426032E-15
-0.2846448315255197E+00   0.2101671847401828E+00
 0.2610500821596647E+00  -0.1834563321162548E+00
 0.1384697389592308E-14   0.3474812392342191E-15
-0.3066456638933982E-15   0.4909739410215728E-15
 0.1671792155527777E+00   0.7501867715907899E-01
 0.1197975737063724E-14  -0.1231607060102500E-14
-0.9380642662354848E-16  -0.1035815341455144E-14
-0.1865454509240086E+00   0.3242497193793344E-01
 0.3100185891343995E-14   0.3934111977125398E-14
 0.7415834797301291E-16   0.9236880876884045E-16
-0.4877457895482681E+00  -0.7305126223113074E+00
 0.2797686772213473E-14   0.4057708626887930E-14
 0.4199130220336112E-15  -0.7147892607312365E-16
 0.3357961215805618E-01   0.1426031811697182E+00
-0.6171108048805316E-15  -0.1078317565488855E-15
-0.5874403315695724E-15  -0.1257653048596072E-15
-0.1649572389673664E+01   0.3558168582159574E+00
-0.8576922930616336E-01  -0.1862268300915143E+00
 0.1581564604338932E-14   0.1696582014532255E-15
 0.1880876317954129E-16  -0.1077636044202958E-15
 0.2706797053144979E-01   0.4702901184541523E-01
 0.1468393227590176E+00  -0.5005500469304911E-01
 0.3056030092198125E-15   0.4405431536865410E-16
-0.1244129963224187E-14  -0.2346694504721682E-15
-0.2393302301447932E+00   0.1817432467989981E+00
-0.1044737258538802E+00   0.6565518811226034E-01
-0.2079144252196695E-17  -0.4509695922575878E-15
 0.2899731305606272E-15  -0.4870448415799754E-15
 0.4145388155512558E-01  -0.2501579500190882E-01
 0.4592794335209405E-01  -0.7668678140781138E-01
 0.2844248417793116E-15  -0.1196132894051425E-15
-0.1593240047714611E-15   0.6861293405297381E-16
 0.1360169604561953E+00  -0.1544265541815447E+00
-0.1116889161879580E-15   0.4074125967655742E-15
-0.8638943582610079E-15   0.9610006411402088E-15
-0.1256268612945699E+00   0.2312829532612161E+00
-0.2352911688929322E-14  -0.2576573000705939E-14
-0.5319568880797568E-17  -0.6943904470087166E-16
 0.3742851350829208E+00   0.3706659188149551E+00
-0.1365981870647881E-14  -0.1784065703546671E-14
 0.4005551389740679E-15   0.1341293077519957E-15
-0.2519370865760270E+00  -0.1831867922277114E+00
 0.6331272563318250E-15   0.1385120556748928E-15
 0.4059584163472273E-15   0.8086706045024785E-16
 0.1796020028092098E+00   0.2804799993903539E-01
-0.1558350350944566E+01   0.2691976839652046E+00
