-8.2209915056459282e-01
-8.7938047013139342e-01
-9.2685491365610984e-01
-9.6625913531291308e-01
-9.9897209064313863e-01
-1.0261004926060477e+00
-1.0485410916384221e+00
-1.0670267913768665e+00
-1.0821612348033494e+00
-1.0944450362834190e+00
-1.1042958968480538e+00
-1.1120642059459722e+00
-1.1180452863896575e+00
-1.1224891176662837e+00
-1.1256081402945226e+00
-1.1275835772895699e+00
-1.1285705910686223e+00
-1.1287025119765648e+00
-1.1280943175641716e+00
-1.1268455018520775e+00
-1.1250424453151837e+00
-1.1227603752889768e+00
-1.1200649903687048e+00
-1.1170138095428035e+00
-1.1136572963004441e+00
-1.1100398312708801e+00
-1.1062003767725410e+00
-1.1021733332731529e+00
-1.0979889874594775e+00
-1.0936740320092238e+00
-1.0892519891208874e+00
-1.0847435793658791e+00
-1.0801670449875347e+00
-1.0755384348344874e+00
-1.0708718565928619e+00
-1.0661797008033689e+00
-1.0614728402510891e+00
-1.0567608076390453e+00
-1.0520519539513249e+00
-1.0473535895336072e+00
-1.0426721096338216e+00
-1.0380131059250073e+00
-1.0333814653564930e+00
-1.0287814575335201e+00
-1.0242168117015567e+00
-1.0196907843042897e+00
-1.0152062179928514e+00
-1.0107655928871897e+00
-1.0063710708293474e+00
-1.0020245333220856e+00
-9.9772761381349784e-01
-9.9348172496598042e-01
-9.8928808153241243e-01
-9.8514771944887392e-01
-9.8106151173661404e-01
-9.7703018178263223e-01
-9.7305431453465707e-01
-9.6913436610134396e-01
-9.6527067219272522e-01
-9.6146345577104109e-01
-9.5771283421176190e-01
-9.5401882620225276e-01
-9.5038135853598416e-01
-9.4680027289619906e-01
-9.4327533266837726e-01
-9.3980622977656925e-01
-9.3639259150609844e-01
-9.3303398725381870e-01
-9.2972993513585667e-01
-9.2647990838022642e-01
-9.2328334143590407e-01
-9.2013963573896029e-01
-9.1704816508838394e-01
-9.1400828059766526e-01
-9.1101931520196233e-01
-9.0808058771344824e-01
-9.0519140642899543e-01
-9.0235107230399725e-01
-8.9955888171393006e-01
-8.9681412883097467e-01
-8.9411610764708971e-01
-8.9146411367727185e-01
-8.8885744537766431e-01
-8.8629540531305417e-01
-8.8377730110715091e-01
-8.8130244620727916e-01
-8.7887016049283251e-01
-8.7647977075415018e-01
-8.7413061106575873e-01
-8.7182202307495660e-01
-8.6955335622386287e-01
-8.6732396792027888e-01
-8.6513322367012280e-01
-8.6298049718162051e-01
-8.6086517044938260e-01
-8.5878663382435283e-01
-8.5674430346331432e-01
-8.5473755152134201e-01
-8.5276581145033303e-01
-8.5082850756453410e-01
-8.4892507277570339e-01
-8.4705494862453490e-01
-8.4521758530474000e-01
-8.4341244167825868e-01
-8.4163898528005965e-01
-8.3989669231088682e-01
-8.3818504761662127e-01
-8.3650354465293852e-01
-8.3485168543439925e-01
-8.3322898046726546e-01
-8.3163494866573906e-01
-8.3006911725166721e-01
-8.2853102163799919e-01
-8.2702020529668141e-01
-8.2553621961190315e-01
-8.2407862371982632e-01
-8.2264698433621919e-01
-8.2124087557349890e-01
-8.1985987874884669e-01
-8.1850358218513042e-01
-8.1717158100644094e-01
-8.1586347692998396e-01
-8.1457887803417983e-01
-8.1331739863747798e-01
-8.1207865895451303e-01
-8.1086228498167401e-01
-8.0966790827260593e-01
-8.0849516574239610e-01
-8.0734369947847873e-01
-8.0621315655916681e-01
-8.0510318888066634e-01
-8.0401345299317561e-01
-8.0294360994664171e-01
-8.0189332514648948e-01
-8.0086226821959938e-01
-7.9985011289064412e-01
-7.9885653686876490e-01
-7.9788122174451892e-01
-7.9692385289690182e-01
-7.9598411941012115e-01
-7.9506171399986258e-01
-7.9415633294856114e-01
-7.9326767604927673e-01
-7.9239544655765903e-01
-7.9153935115147844e-01
-7.9069909989716680e-01
-7.8987440622283200e-01
-7.8906498689714688e-01
-7.8827056201355716e-01
-7.8749085497922522e-01
-7.8672559250819019e-01
-7.8597450461813956e-01
-7.8523732463032903e-01
-7.8451378917209702e-01
-7.8380363818151721e-01
-7.8310661491372313e-01
-7.8242246594846643e-01
-7.8175094119851507e-01
-7.8109179391853045e-01
-7.8044478071403245e-01
-7.7980966155019904e-01
-7.7918619976017855e-01
-7.7857416205254182e-01
-7.7797331851803930e-01
-7.7738344263488424e-01
-7.7680431127284155e-01
-7.7623570469578473e-01
-7.7567741131455392e-01
-7.7512920859260825e-01
-7.7459089181422436e-01
-7.7406225481123692e-01
-7.7354309479618788e-01
-7.7303321235397149e-01
-7.7253241143153373e-01
-7.7204049932562668e-01
-7.7155728666862100e-01
-7.7108258741245483e-01
-7.7061621881069886e-01
-7.7015800139883406e-01
-7.6970775897279076e-01
-7.6926531856580138e-01
-7.6883051042365558e-01
-7.6840316797842401e-01
-7.6798312782074485e-01
-7.6757022967074184e-01
-7.6716431634766291e-01
-7.6676523373833472e-01
-7.6637283076451734e-01
-7.6598695934924077e-01
-7.6560747438221544e-01
-7.6523423368457333e-01
-7.6486709797196761e-01
-7.6450593081884710e-01
-7.6415059862018886e-01
-7.6380097055374274e-01
-7.6345691854160747e-01
-7.6311831721144041e-01
-7.6278504385735346e-01
-7.6245697840056004e-01
-7.6213400334986647e-01
