-8.5366658898314496e-01
-9.0708405097396227e-01
-9.5117009209237802e-01
-9.8761017660074757e-01
-1.0177340020346004e+00
-1.0426024762975383e+00
-1.0630707872064267e+00
-1.0798347848227654e+00
-1.0934655011949679e+00
-1.1044351272658344e+00
-1.1131367776297998e+00
-1.1198996995196686e+00
-1.1250011114913179e+00
-1.1286755241039843e+00
-1.1311221579275266e+00
-1.1325109055642826e+00
-1.1329871645514231e+00
-1.1326757830400362e+00
-1.1316842999008254e+00
-1.1301056180277285e+00
-1.1280202187797101e+00
-1.1254980029308799e+00
-1.1225998265504440e+00
-1.1193787871274352e+00
-1.1158813048373588e+00
-1.1121480683708906e+00
-1.1082146785748215e+00
-1.1041125002266132e+00
-1.0998690985018424e+00
-1.0955087528849881e+00
-1.0910528722597495e+00
-1.0865203525696234e+00
-1.0819278855382186e+00
-1.0772902255417840e+00
-1.0726204206290872e+00
-1.0679300128035880e+00
-1.0632292119619797e+00
-1.0585270472749746e+00
-1.0538314992725009e+00
-1.0491496154354059e+00
-1.0444876116885060e+00
-1.0398509618285514e+00
-1.0352444766012048e+00
-1.0306723738624646e+00
-1.0261383410191618e+00
-1.0216455907398816e+00
-1.0171969107583718e+00
-1.0127947084542124e+00
-1.0084410507864230e+00
-1.0041377000703227e+00
-9.9988614602327908e-01
-9.9568763445504249e-01
-9.9154319294076154e-01
-9.8745365378490879e-01
-9.8341967455933565e-01
-9.7944175647675791e-01
-9.7552026083981502e-01
-9.7165542378514913e-01
-9.6784736952075578e-01
-9.6409612223365804e-01
-9.6040161682379410e-01
-9.5676370859946891e-01
-9.5318218205017569e-01
-9.4965675879483791e-01
-9.4618710478766999e-01
-9.4277283684996971e-01
-9.3941352858518734e-01
-9.3610871572540222e-01
-9.3285790095065968e-01
-9.2966055821800031e-01
-9.2651613663379651e-01
-9.2342406390164500e-01
-9.2038374937724665e-01
-9.1739458676214702e-01
-9.1445595646842504e-01
-9.1156722768720000e-01
-9.0872776019419033e-01
-9.0593690592532983e-01
-9.0319401029485036e-01
-9.0049841365241212e-01
-8.9784945198566812e-01
-8.9524645813891612e-01
-8.9268876262886176e-01
-8.9017569445914602e-01
-8.8770658188604190e-01
-8.8528075314848276e-01
-8.8289753717182884e-01
-8.8055626425142408e-01
-8.7825626671914192e-01
-8.7599687959347938e-01
-8.7377744121187639e-01
-8.7159729384254092e-01
