 0.9999999999999866E+00  0.1746801514174954E-15
 0.4995540501852135E-01 -0.5629380727019865E-14  0.2938272788335254E-14  0.8263851808367225E-02 -0.2188378185178857E-04  0.2843112911770589E-05 -0.5543369743841545E-14  0.4688432294309952E-08 -0.2667506430841327E-15  0.1681615099460169E-14  0.9011438130007795E-07 -0.1206145825208258E-05  0.1566710017064710E-06  0.2736928404981212E-15
-0.2165463785900609E-15 -0.1107817820889293E-15  0.5240687918393316E-15  0.5393657331765831E-15  0.4652508318840279E-15  0.9273376576708071E-15  0.5373382618694299E-15  0.1901047043095575E-16  0.7031462327751642E-18  0.4584313402832262E-16  0.2269501903851669E-15  0.3368464874479040E-16 -0.6033428916703314E-16  0.1234320066202784E-15
-0.1379202896358470E-14  0.3642900499898349E-15  0.4515639031145432E-15 -0.1925652063916101E-14 -0.8249011898833340E-15  0.1217256853943422E-14  0.3094990346133298E-15  0.1201926923024811E-16  0.2155356800133604E-18 -0.1814132290499002E-16  0.2640490007274605E-16  0.6061049896625309E-16  0.3422092179461563E-16 -0.2182198790590266E-16
-0.7389489891420335E-15  0.1097779527067554E-14  0.7573276180976543E-16 -0.1848910678641401E-16 -0.1567643008275389E-14  0.3145940797297012E-15  0.1579865649041070E-14  0.2246208043823487E-19  0.1209125694365131E-19  0.8331592081987219E-18  0.5817383991327454E-18  0.1604732962192789E-15 -0.1698055825563807E-15  0.8099025800303791E-16
 0.8348059164298856E-15  0.1018425360178617E-14  0.8333342999100656E-15  0.4037394135355919E-15 -0.2653210433334373E-15 -0.1982343085646721E-15  0.1037645373346989E-15  0.1345066362068457E-19  0.9212673010089345E-21  0.5846561652814341E-19  0.3528705766105388E-18  0.1697540704644647E-15  0.1604271520233559E-15  0.5740246420425360E-17
 0.9585600719055140E-01 -0.1281268915336648E-14  0.5652962179821912E-15  0.2835093672038759E-01 -0.6892969089431726E-04  0.8955257062941488E-05  0.2809670831393846E-14  0.1444842972630660E-07 -0.2083294305446801E-15  0.1712995935417875E-14  0.2762508563591677E-06 -0.3779723007186916E-05  0.4909643203119910E-06  0.1751997721526943E-14
 0.9697767097593366E-15 -0.1237690269406913E-01  0.2720952451521102E-01  0.1814988221920141E-14 -0.3537218748238089E-15  0.1243547493724345E-15 -0.6348345780690515E-01  0.1418002388400908E-15 -0.4858338103183542E-06 -0.3314181280291150E-04  0.6973886021427291E-15 -0.9538884847603202E-14  0.3032917614085858E-14 -0.3235753615124751E-02
-0.2045872023440917E-05 -0.2728263313429962E-14  0.1838305842770259E-15 -0.5419519429378214E-04 -0.3017182481694794E-01 -0.3876369922237540E-01  0.1265235242384834E-15  0.1192606192295369E-06  0.5351565283142379E-15 -0.1748439966693623E-14  0.2949264799459701E-05  0.7403786225893761E-06 -0.7663586856268209E-07  0.3306652937216829E-14
 0.3474140957059353E-05 -0.8743862998004793E-15  0.2883679773305219E-15  0.9203006526333643E-04  0.3876359192961814E-01 -0.3017187056105027E-01 -0.2556744079619497E-15 -0.2025061504896875E-06  0.1075969267611661E-14 -0.7075997437708758E-15 -0.5007942887666538E-05 -0.1251497513904764E-05  0.1740795319454861E-06 -0.4528249459494803E-14
 0.7031801034946986E-15 -0.4881205289360874E-01 -0.4282181634591654E-01  0.1380452070211552E-14  0.1173612888564588E-14  0.2983737606522929E-14 -0.1318143999132651E-01 -0.2693097913483187E-14 -0.1049926339906032E-06 -0.7263921843972846E-05 -0.2460861830119798E-14 -0.3996842325777097E-14  0.5677058387271693E-14 -0.6976801386916184E-03
-0.6161114618960623E-01  0.9234125579678889E-15 -0.2381863901751886E-14 -0.2796727829381081E-01  0.6531518367326917E-04 -0.8485664873236171E-05  0.1175916253381655E-14 -0.1353911003451700E-07 -0.9270483991995123E-16 -0.1262232597753559E-14 -0.2581576101280617E-06  0.3572303911514053E-05 -0.4640223961193850E-06 -0.4026654061183046E-15
-0.4784282963196004E-05 -0.9695072734587006E-15 -0.1456723542291488E-14 -0.1267357549077539E-03 -0.5643415282396565E-01  0.1805594650502804E-01  0.3005126524720682E-15  0.2788769267563665E-06 -0.9770813495453505E-15 -0.3949082870825300E-15  0.6896566745317637E-05  0.1724861574461125E-05 -0.2289727544623444E-06  0.9283481107248209E-14
 0.8728650647326585E-06  0.4053036996545355E-14  0.7715812794042550E-15  0.2312221621399089E-04  0.1805593929569897E-01  0.5643429333059368E-01 -0.2735503844731192E-14 -0.5088756985000383E-07 -0.1011434735211006E-14  0.3020108548298122E-14 -0.1258406846914439E-05 -0.3182724201670367E-06  0.1443426440549511E-07 -0.1516754292735553E-14
 0.2219453021390529E+00  0.1339210984298378E-15  0.8663367119452214E-14  0.3322501859490973E-01 -0.8970154475992528E-04  0.1165390984285320E-04  0.6088884103001419E-14  0.1930704322748319E-07 -0.1349272102551410E-14  0.5666786417745809E-14  0.3714993674068572E-06 -0.4949407885159114E-05  0.6428975926698095E-06  0.2864248649117597E-14
-0.9933463191722766E-14 -0.2605678480949815E+00  0.7718531469709760E-02 -0.2880528364936729E-15  0.6454183246907292E-14  0.1401994380794939E-13 -0.7724595142470256E-01 -0.4446001563904853E-14 -0.5935256294325928E-06 -0.4054552368537295E-04 -0.5328718815816087E-14 -0.2107164391300542E-13  0.1126494818742691E-13 -0.3952455335636504E-02
 0.8012263260899118E-14  0.3395207070749506E+00  0.1474043385263899E+00  0.3138479945329073E-14 -0.6597923914544045E-14 -0.1657164057575183E-13  0.4577936811086029E-02  0.1113104559359879E-13  0.4790692095451173E-07  0.3585075810689894E-05  0.1244481815147409E-13 -0.3132309540433217E-14 -0.1404841832113750E-13  0.3144162145172585E-03
 0.2465706835226480E-14  0.8373632263845956E-14  0.3476662937555679E-14 -0.1901574915447325E-14 -0.7501342660844546E-14  0.2690262736996223E-14 -0.2173273775822043E-14 -0.2930069356924808E-15 -0.8181020000096371E-17 -0.1710175315741392E-15 -0.6710678188226477E-14 -0.1374988669101575E-15  0.7809397176027716E-16 -0.1323684083027957E-14
 0.2277088181413251E-15  0.5952379352534397E-15 -0.1028481674974510E-15  0.7033331260464250E-15 -0.3514342774455332E-14 -0.7403787191062616E-14 -0.2819074221565710E-14  0.4104280150406720E-16 -0.6635185152799074E-17  0.2146863376249064E-15  0.2246968245961583E-16 -0.8009511557971351E-16 -0.1524216245302366E-15  0.1610630843085814E-14
-0.5153757489800698E-15 -0.7119256518467220E-15 -0.8113414483025307E-15 -0.1467670103923699E-15  0.6663178275077603E-15  0.2170065231507745E-15  0.9117579610706839E-15  0.4473438185840985E-20  0.6941428549552397E-20  0.4726274946617357E-18  0.1243006337980406E-18  0.7688148734661499E-16 -0.1199128470447602E-15  0.4624453475169275E-16
-0.5344624473009515E-15 -0.3579771984232450E-15  0.7435845072864603E-15 -0.1538051211003548E-14 -0.9509205236816091E-15  0.9646289107517151E-15  0.4277304942102324E-15 -0.4432809761334259E-20  0.3350826242284027E-20  0.2305015731521852E-18 -0.1202305962916298E-18 -0.1196980292807286E-15 -0.7690821787079506E-16  0.2228502870340697E-16
 0.3814795340332733E+00 -0.4146674230657073E-14  0.9113718945717990E-14  0.1127843869758293E+00 -0.2742250884647282E-03  0.3562697189989368E-04  0.1519075262079639E-13  0.5748131677725956E-07 -0.7013047342269331E-15  0.7672719546686336E-14  0.1099033574212744E-05 -0.1503702900684348E-04  0.1953223742670124E-05  0.9658462541940237E-14
 0.4690556003648432E-01 -0.9779675531340538E-16  0.4137082620535980E-14 -0.1650697382546698E-02 -0.2587122514938282E-06  0.3361163969030369E-07  0.1104345900929759E-14  0.2958577051738406E-09 -0.5138869949154381E-15  0.2317771847255301E-14  0.6783407416642867E-08 -0.2887330521728259E-07  0.3749482400777901E-08  0.3207842638983532E-16
-0.1021418520229145E-14 -0.7720756919304152E-01 -0.4770742904096418E-01  0.2581472865951124E-14  0.2611779066038422E-14  0.3622100406155161E-14 -0.6583454108700723E-02 -0.3243377773953879E-14 -0.5470012952892176E-07 -0.3837980582919167E-05 -0.3425091856014215E-14 -0.3768862398724845E-14  0.7508821859160346E-14 -0.3626898969667601E-03
 0.5879365277750230E-15 -0.3650242301822584E-15 -0.4830618152251879E-15 -0.1213174787471089E-14  0.1430943387604319E-14  0.1576172070267565E-14 -0.1063066228232045E-14 -0.6550145085931964E-19 -0.8269502978188692E-20 -0.5596909970948091E-18 -0.1720997849068685E-17 -0.7803079640416179E-15 -0.4106134850994904E-15 -0.5465918363683429E-16
-0.1399595111915962E-16  0.1005694548905482E-14  0.1509573312695403E-14 -0.3201233854556179E-15  0.1482413948147575E-15  0.1067385210920480E-14  0.1096192717925552E-15 -0.4185455437466575E-19  0.1019708762961962E-20  0.6814909813155633E-19 -0.1107598381008826E-17 -0.4105605010734143E-15  0.7804079401416736E-15  0.6498423160340931E-17
-0.2787565364530070E-05 -0.3869902109119341E-14 -0.4136719464962707E-15 -0.7384266685302685E-04 -0.4065883473091240E-01 -0.4934358602985370E-01  0.2954852914757422E-14  0.1624958979314739E-06  0.5789623625100065E-15 -0.5112709304678767E-14  0.4018456854046109E-05  0.1008581046923861E-05 -0.1060086299160933E-06  0.9981681868951587E-14
 0.4446163184736979E-05  0.7698337239269285E-15  0.2917339989440630E-14  0.1177789539336030E-03  0.4934344808695175E-01 -0.4065889813011443E-01  0.1854213727872594E-14 -0.2591646229097615E-06  0.1392835886587632E-14 -0.9714023010898034E-15 -0.6409098429632963E-05 -0.1601528606199904E-05  0.2237210892085087E-06 -0.1551730421227276E-13
 0.1700347663745216E-14  0.5671609258560691E-01  0.4601763172049181E-01  0.3108339699827632E-15 -0.1790556784438321E-15 -0.2948583117607297E-14 -0.6756501388742421E-01  0.1891520827819713E-14 -0.5155695428471660E-06 -0.3513349060996799E-04  0.3100948193232413E-14 -0.1213847621027303E-13 -0.2327058197475358E-15 -0.3434290877692653E-02
-0.1866455271715240E-15  0.3937918848211417E-14  0.4466818076266713E-14 -0.2716393206098233E-16 -0.3167187742601665E-14  0.1264191185883817E-14 -0.2601275609091965E-14 -0.3030661817001736E-15 -0.1278982031177984E-17 -0.1627684803978438E-15 -0.7892249463644322E-14 -0.6314067598602242E-15  0.6995495233670564E-15 -0.3475772499763508E-14
-0.4007432389852276E-15  0.1660652940819568E-15  0.1810032158801883E-14 -0.1136923352057607E-14 -0.3221562609518260E-14 -0.2486025736512222E-14 -0.7710785323445530E-14 -0.8997157879268444E-16 -0.1337984184456699E-17  0.1093850624790756E-15 -0.2554036025764287E-14 -0.6960436783755788E-15 -0.6492915510431577E-15  0.2063614421859961E-14
 0.2459763541188931E+00  0.4488545673864967E-15  0.6642969170954030E-14  0.1144115356644043E+00 -0.2667043598827228E-03  0.3464988828452445E-04  0.1152809387088480E-13  0.5525575622936410E-07  0.6787569923975594E-15  0.3375998587181859E-14  0.1053454549346460E-05 -0.1458517754788762E-04  0.1894533506763842E-05  0.7763595782549077E-14
-0.2043078082958313E+00  0.6227758244284773E-14 -0.3572155899602301E-14 -0.2739694571849231E-01  0.7570002176758721E-04 -0.9834849930094487E-05 -0.5929816458747713E-14 -0.1638168639079889E-07  0.1372440834802016E-14 -0.4963194937333230E-14 -0.3156115582976460E-06  0.4182220345711397E-05 -0.5432442958285221E-06 -0.3157112870521045E-14
 0.7511075344485043E-14  0.2028921077643900E+00  0.6749688067714954E-01 -0.7944247501645799E-15 -0.5153183345762176E-14 -0.9364174335424888E-14  0.5306507560950516E-02  0.5820661336767556E-14  0.4666508136591132E-07  0.3332223840107004E-05  0.6880877893401201E-14  0.5934485578260570E-16 -0.8140446106082806E-14  0.3086817131311771E-03
 0.1891876745527665E-13  0.4855812060544946E+00  0.6155161761893219E-01  0.1181878805528079E-14 -0.1097203323527644E-13 -0.2593180136023122E-13  0.3139263457682163E-01  0.1000529051318133E-13  0.2470064931823183E-06  0.1701481234444495E-04  0.1296048956873712E-13  0.1558770284380996E-13 -0.1895239966991257E-13  0.1643177390755806E-02
-0.7348380342886474E+00 -0.7679825506644151E-15 -0.2243885296213944E-13 -0.1204928578523351E+00  0.3196063548418991E-03 -0.4152284831027219E-04 -0.2776350150200710E-13 -0.6850048071141452E-07  0.4218169069311085E-14 -0.1863748904537736E-13 -0.1316743302199634E-05  0.1761707143048047E-04 -0.2288350235228981E-05 -0.1326579862151404E-13
-0.8830146298793547E-05  0.8487897746690970E-14 -0.1350821028922991E-14 -0.2339107526470200E-03 -0.8617342550647279E-01  0.1717552757213434E+00 -0.6273784637209035E-14  0.5146925054942231E-06 -0.4590357059334702E-14  0.7062168359980120E-14  0.1272830943031318E-04  0.3175202983344938E-05 -0.4859711318672747E-06  0.2349042189826227E-13
-0.1306842317284252E-04 -0.7649738011898484E-14 -0.2096247936308802E-14 -0.3461828065579820E-03 -0.1717549337207578E+00 -0.8617372753708225E-01  0.6565490512686490E-14  0.7617796226983162E-06 -0.1662396264431591E-16 -0.9579135519171085E-14  0.1883857482233757E-04  0.4719639161468806E-05 -0.5634245076802647E-06  0.3514930003653381E-13
-0.2007543917119448E-13 -0.6966113846793933E+00 -0.1325479783672856E+00 -0.9385810323855193E-14  0.1237808640207078E-13  0.3576115389507695E-13 -0.3332333677787973E-01 -0.1596033868474251E-13 -0.2680176759212336E-06 -0.1860145403089730E-04 -0.2009354380345540E-13 -0.2048315299581332E-14  0.1840840407929007E-13 -0.1780940240086017E-02
 0.5879293689315589E-15  0.5369031444288944E-14  0.6331004983987086E-15  0.2112532138537693E-14  0.1200260417030996E-13 -0.1276797071780358E-13 -0.1051117796287717E-14  0.6156350280933199E-15  0.8527408320172086E-17  0.3916973419983651E-15  0.1414755309383518E-13  0.4983134591511430E-15 -0.5109743800078024E-15  0.3898088506834414E-14
 0.3748909006724649E-15 -0.7455073930852351E-13 -0.1233068286233158E-13  0.1842120109089397E-14  0.1208449891879202E-13  0.1288821620256320E-13  0.5163404845849390E-14  0.1235891725092885E-15  0.1337597708066509E-16 -0.2791497601505365E-15  0.4075540559942497E-14  0.5057127319721357E-15  0.5307211057500405E-15 -0.2929465608124689E-14
-0.1076368245942082E+00 -0.1531504211848524E-14 -0.4286895034677901E-14 -0.1124500754818133E+00  0.2512153455728642E-03 -0.3263757521640870E-04  0.1677362737147736E-14 -0.5140275379648578E-07 -0.1906264931375061E-14  0.1177812888812820E-14 -0.9769587551196435E-06  0.1369899086187999E-04 -0.1779425440964859E-05 -0.3054288991275769E-14
 0.4001853158046997E-16 -0.1063620498266307E-15  0.4665607728998335E-16  0.2046399421052351E-15 -0.2217299216334125E-14  0.1544575052136148E-14 -0.1254900162164542E-14 -0.8110949736055716E-20 -0.9644779890797800E-20 -0.6589512087218630E-18 -0.2315415433467629E-18 -0.2022069184742752E-15  0.2782013792253464E-15 -0.6421930469821655E-16
-0.1800260826517604E-15  0.3750780739437261E-16 -0.5241792848891012E-15  0.2004287912208439E-15 -0.8866883577172633E-15 -0.1477644727026083E-14  0.1033981960893289E-14 -0.1688279738101843E-19  0.7906018731390428E-20  0.5391482185367933E-18 -0.4552471431363915E-18 -0.2782086422790754E-15 -0.2022527212089710E-15  0.5265826829382103E-16
 0.4005300829974211E-14 -0.3375616164790349E-02  0.1772002144273982E+00  0.4871138762258773E-14  0.2847601398127111E-14  0.1808071421068786E-14 -0.2972172044777337E+00  0.3536522359843439E-14 -0.2270342814506029E-05 -0.1547698698216965E-03  0.6891721955397988E-14 -0.6328271280975040E-13  0.1087030764332175E-13 -0.1512257988836184E-01
 0.4971996219922586E-16 -0.2960112016460926E-16  0.5692950255358890E-15 -0.1202884355893150E-14 -0.2682460731308040E-15 -0.5671612827085438E-15  0.6077462089008248E-15  0.1536443687096542E-18  0.4787694037726113E-20  0.3251809680164181E-18  0.4072343302534434E-17  0.2037258668642635E-14  0.1189132559733852E-14  0.3134057277509468E-16
-0.2463824719599143E-14  0.8910374680594826E-16 -0.1505885234049518E-15  0.4333122298313970E-14  0.6182758701761349E-15 -0.6751807196524204E-15 -0.8002268764145415E-15  0.1167732487590054E-18 -0.6109308437375531E-20 -0.4249104372487315E-18  0.3085393987581306E-17  0.1188630091461973E-14 -0.2037048515946527E-14 -0.4103305487894806E-16
-0.3319848331558078E+00 -0.4879244881711414E-15 -0.1195094853971481E-13  0.1262635006221708E+00 -0.2452163652287884E-03  0.3185819469040538E-04 -0.3035121646887232E-14  0.4790644194760932E-07  0.6995815548003904E-14 -0.1453456070454334E-13  0.8996706182049688E-06 -0.1323395503684991E-04  0.1719029183291238E-05  0.4097379562525994E-14
 0.8887744953881575E-06 -0.8678418613388818E-14  0.2269642882611434E-16  0.2354364888108689E-04 -0.7614056498813818E-02 -0.1426552362033191E+00  0.5312491837384996E-14 -0.5178804464557195E-07  0.3001009828821467E-14 -0.8154924706757993E-14 -0.1280781596215266E-05 -0.3120744894865579E-06  0.1063007117442529E-06  0.8538240555359279E-15
-0.1169163869954980E-04 -0.3131183334357732E-14 -0.7043478310815111E-15 -0.3097117531250316E-03 -0.1426549041017397E+00  0.7613987424784491E-02  0.2892756491866103E-15  0.6815131741055195E-06 -0.1732406183340593E-14 -0.2936681223578760E-14  0.1685365553493813E-04  0.4217336637125781E-05 -0.5428419159920543E-06  0.2636553814906002E-13
-0.4330120105255669E-15 -0.5091591315197571E-15  0.7223002762470346E-15 -0.5041410523671543E-14 -0.3478608745391772E-13 -0.7059679476416586E-14 -0.1538910630449125E-13 -0.1276415763490688E-14 -0.2261996241949253E-16 -0.1639542485454568E-16 -0.3174116369448028E-13 -0.3937169992972564E-14 -0.5922333787492215E-15 -0.2816194541329360E-15
-0.9024615772026452E-16  0.1553937071779371E-16 -0.3708340178170100E-14 -0.2225153351390786E-14 -0.6875551748483838E-14  0.2837878977788966E-13  0.1972714417458826E-13 -0.1070280159353961E-14 -0.1949703718955014E-17 -0.1229050110441375E-14 -0.2490978966811551E-13 -0.5287661484939299E-15  0.4000215160248198E-14 -0.1679790959661574E-13
-0.3102925324497763E-13 -0.3963290797210697E-01 -0.6282267733511665E-01 -0.1195925678374303E-13 -0.2843956550777399E-14  0.4936166181182827E-14  0.9376220475011284E+00  0.8884726134129024E-14  0.7203813729523192E-05  0.4921192572705981E-03 -0.5023652848665922E-14  0.1267151681062620E-12 -0.5251087231228819E-13  0.4796704358417136E-01
 0.7431870422182703E-04  0.3621853700648268E-13  0.3527998175330632E-14  0.1968704036916741E-02  0.9411917697616269E+00  0.2163518664225019E+00 -0.9495271159405636E-14 -0.4332121057083865E-05  0.5230646691951282E-14  0.2077928940436811E-13 -0.1071321619759046E-03 -0.2682366424753026E-04  0.3329423260145288E-05 -0.9613037143780010E-13
 0.2756210484584349E-04 -0.5017428042437501E-13 -0.1992697531986257E-14  0.7301206932568479E-03  0.2163507987131781E+00 -0.9411937991166925E+00  0.2777737413579942E-13 -0.1606488167002474E-05  0.2304719850261585E-13 -0.3212646243871737E-13 -0.3972855543880978E-04 -0.9886677159528623E-05  0.1702318309358328E-05 -0.2663957525102453E-13
-0.1533005554541713E+00 -0.9926522408060546E-14  0.1093088737519228E-13  0.9631030404851035E+00 -0.2064075982558367E-02  0.2681621003756257E-03  0.1602304298402380E-13  0.4169567572778907E-06  0.2822991364651363E-13 -0.2969476494971198E-13  0.7898933050904578E-05 -0.1122284266365923E-03  0.1457789304450430E-04  0.1373879961631611E-13
-0.4771992984620099E-13 -0.2032551581398839E+00  0.9539310355624193E+00  0.4868720877462080E-14  0.1303270611622724E-13  0.1192065350711787E-13  0.1139664039513949E+00  0.3782447831462726E-13  0.9561950487168411E-06  0.6731039053322238E-04  0.1930932932757808E-13  0.1096772203590622E-14 -0.4393363965022327E-13  0.6333982458560148E-02
 0.8156685212723009E-05  0.1073520991059874E-14
-0.1082787363355919E-04 -0.6746676515902561E-15
 0.1470942062312510E-04  0.4626031525390418E-15
-0.2053317119301475E-04 -0.3327664963286051E-15
 0.2960904851295376E-04  0.2460075479181261E-15
-0.4441186971051267E-04 -0.1906191876290835E-15
 0.6993453483507662E-04  0.1505405351989250E-15
-0.1170954541832051E-03 -0.1214108021775840E-15
 0.2123100157902430E-03  0.1002784668879641E-15
-0.4283528430768837E-03 -0.7949964290386909E-16
 0.1003005646550374E-02  0.7306269759648898E-16
-0.2899023935587689E-02 -0.6552444773692583E-16
 0.7974711993054868E-02  0.7287514090854225E-16
-0.7764653172343647E+00 -0.8338549240822269E-16
-0.4400342126585346E+01  0.2865152539368011E-16
-0.1839806890599308E+00 -0.7518235809140231E-16
 0.1252717442556649E-01  0.3210309661295041E-16
-0.3152482503772698E-02 -0.3783078071919467E-16
 0.1163351436101953E-02  0.2775393221041904E-16
-0.5323625357703774E-03 -0.2210996207391471E-16
 0.2798480712759804E-03  0.1713018286780522E-16
-0.1621277300155000E-03 -0.1782560174264601E-16
 0.1009500096152228E-03  0.1613785940852326E-16
-0.6645652789951313E-04 -0.1295865719140212E-16
 0.4573205469793064E-04  0.1141792064189216E-16
-0.3262860476668299E-04 -0.8889571190667879E-17
 0.2398921382584913E-04  0.7893256198557204E-17
-0.1808986313467266E-04 -0.5676785800049491E-17
 0.1393972924690838E-04  0.2763086123299216E-17
-0.1094428739626552E-04  0.1224338860771849E-17
 0.8733397944740800E-05 -0.3554703366306692E-17
-0.7069135809293952E-05  0.7991736411606466E-17
 0.5794224374139135E-05 -0.1300275335835320E-16
-0.4802096316400112E-05  0.2047935761433446E-16
 0.4018934764387347E-05 -0.2727947629251103E-16
-0.3392584565548567E-05  0.3787480161540743E-16
 0.2885526010263576E-05 -0.4827510316882438E-16
-0.2470317526530674E-05  0.6347128568423441E-16
 0.2126576267420662E-05 -0.7581852796225931E-16
-0.1838938655303829E-05  0.9019416913592568E-16
 0.1592086760285326E-05 -0.1168196017704751E-15
-0.1375077137803636E-05  0.1398080006878529E-15
 0.1182826004019574E-05 -0.1629200748627754E-15
-0.1011173887618989E-05  0.1893038180383526E-15
 0.8566862624818972E-06 -0.2338346167746359E-15
-0.7164996828030580E-06  0.2980020851857479E-15
 0.5882023762960130E-06 -0.3751028871854811E-15
-0.4697406005330221E-06  0.4631447705371123E-15
 0.3593443285498206E-06 -0.5739409404374726E-15
-0.2554674807051592E-06  0.7262737179402470E-15
 0.1567391042489776E-06 -0.9206102121793211E-15
-0.6192274985235943E-07  0.1203338998083694E-14
-0.3011810049649174E-07 -0.1597428685984104E-14
 0.1204502720862765E-06  0.2151572655394197E-14
-0.2100982265237167E-06 -0.2969236134343189E-14
 0.3000697163295972E-06  0.4209825034679717E-14
-0.3913808989351338E-06 -0.6170557174810939E-14
 0.4850820196333256E-06  0.9398518934415485E-14
-0.5822848273246064E-06 -0.1502614168946229E-13
 0.6841930246606512E-06  0.2567942661013257E-13
-0.7921372917176194E-06 -0.4781459918013583E-13
 0.9076167911042449E-06  0.9995173407672996E-13
-0.1032349620939945E-05 -0.2453734615929950E-12
 0.1168335589144779E-05  0.7449777129732541E-12
-0.1317936480867315E-05 -0.2800324975506129E-11
 0.1483981498356677E-05  0.1085344472627368E-10
-0.1669888567563374E-05 -0.2717790990716566E-10
 0.1879784371705873E-05  0.2355083176899480E-10
-0.2118861370630223E-05 -0.7957436567701904E-11
 0.2393648744752966E-05  0.1974917631674076E-11
-0.2712367070381654E-05 -0.5408207031033053E-12
 0.3085580296033168E-05  0.1857864350294546E-12
-0.3527040630511938E-05 -0.7818198787994909E-13
 0.4054866285824418E-05  0.3816991939603069E-13
-0.4692894062379889E-05 -0.2063713184357024E-13
