-1.0820669684055603e+02
-1.0837271542616800e+02
-1.0850919207895522e+02
-1.0862049052805861e+02
-1.0871031992183458e+02
-1.0878184644426817e+02
-1.0883777764787735e+02
-1.0888043346053618e+02
-1.0891180740208000e+02
-1.0893361306569165e+02
-1.0894732462511988e+02
-1.0895420987395745e+02
-1.0895535906576205e+02
-1.0895170855613239e+02
-1.0894406194315889e+02
-1.0893310803275610e+02
-1.0891943662556211e+02
-1.0890355271974013e+02
-1.0888588784245792e+02
-1.0886681061604139e+02
-1.0884663609861158e+02
-1.0882563245956842e+02
-1.0880402795909498e+02
-1.0878201608423720e+02
-1.0875976085146651e+02
-1.0835421769302945e+02
-1.0835550555105135e+02
-1.0835622673410522e+02
-1.0835646602791024e+02
-1.0835629484674254e+02
-1.0835577347340229e+02
-1.0835495291989720e+02
-1.0835387649276245e+02
-1.0835258108152971e+02
-1.0835109827368572e+02
-1.0834945518035335e+02
-1.0834767518841656e+02
-1.0834577860557073e+02
-1.0834378307327532e+02
-1.0834170401217901e+02
-1.0833955501179312e+02
-1.0833734801879773e+02
-1.0833509363596875e+02
-1.0833280128763678e+02
-1.0833047945557729e+02
-1.0832813571407780e+02
-1.0832577689706656e+02
-1.0817804240124264e+02
-1.0818249695521799e+02
-1.0818663250925790e+02
-1.0819047015499687e+02
-1.0819402970360926e+02
-1.0819732965381166e+02
-1.0820038733116535e+02
-1.0820321887330138e+02
-1.0820583943701658e+02
-1.0820826318452528e+02
-1.0821050329379347e+02
-1.0821257212265506e+02
-1.0821448119927530e+02
-1.0821624123344432e+02
-1.0821786224963192e+02
-1.0821935357281609e+02
-1.0822072389627373e+02
-1.0822198128218524e+02
-1.0822313326306396e+02
-1.0822418684472532e+02
-1.0822514852180717e+02
-1.0822602435950616e+02
-1.0822681999892815e+02
-1.0822754067228215e+02
-1.0822819126736698e+02
-1.0822877633377003e+02
-1.0822930009683061e+02
-1.0822976650723515e+02
